160                           102.61                        
35                            102.61                        
34                            101.03                        
33                            98.38                         
32                            95.364                        
31                            91.961                        
30                            88.619                        
29                            85.188                        
28                            81.417                        
27                            77.632                        
26                            73.893                        
25                            70.233                        
24                            66.602                        
23                            63                            
22                            59.427                        
21                            55.869                        
20                            52.31                         
19                            48.848                        
18                            45.485                        
17                            42.161                        
16                            38.904                        
15                            39.092                        
14                            37.393                        
13                            39.699                        
12                            44.358                        
11                            42.652                        
10                            94.806                        
9                             101.42                        
8                             76.554                        
7                             55.214                        
6                             46.901                        
5                             41.721                        
4                             37.223                        
3                             32.743                        
2                             28.323                        
1                             23.969                        
0                             19.613                        
