160                           126.78                        
35                            126.78                        
34                            124.47                        
33                            121.07                        
32                            117.24                        
31                            113.14                        
30                            108.87                        
29                            104.46                        
28                            99.911                        
27                            95.237                        
26                            90.548                        
25                            85.825                        
24                            81.045                        
23                            76.239                        
22                            71.414                        
21                            66.568                        
20                            61.717                        
19                            56.84                         
18                            51.964                        
17                            47.082                        
16                            42.252                        
15                            40.372                        
14                            38.978                        
13                            40.929                        
12                            45.533                        
11                            43.284                        
10                            113.62                        
9                             113.96                        
8                             86.341                        
7                             59.537                        
6                             51.835                        
5                             45.077                        
4                             39.306                        
3                             33.823                        
2                             28.762                        
1                             23.92                         
0                             19.278                        
