160                           51.675                        
35                            51.675                        
34                            48.686                        
33                            45.796                        
32                            42.301                        
31                            38.919                        
30                            35.624                        
29                            32.307                        
28                            28.369                        
27                            24.632                        
26                            21.466                        
25                            18.484                        
24                            15.584                        
23                            12.827                        
22                            10.221                        
21                            7.7637                        
12                            7.0695                        
11                            7.0665                        
10                            65.595                        
9                             107.05                        
8                             112.48                        
7                             96.27                         
6                             79.028                        
5                             68.731                        
4                             59.208                        
3                             50.056                        
2                             40.215                        
1                             30.349                        
0                             20.341                        
