160                           58.29                         
35                            58.29                         
34                            56.697                        
33                            54.264                        
32                            51.476                        
31                            48.616                        
30                            45.739                        
29                            42.83                         
28                            39.854                        
27                            37.081                        
26                            34.344                        
25                            31.626                        
24                            28.937                        
23                            26.146                        
22                            23.229                        
21                            20.259                        
20                            17.445                        
19                            14.764                        
18                            12.05                         
17                            9.3169                        
16                            6.5748                        
15                            16.89                         
14                            15.187                        
13                            21.017                        
12                            23.636                        
11                            23.044                        
10                            82.089                        
9                             87.671                        
8                             66.04                         
7                             51.267                        
6                             39.82                         
5                             36.103                        
4                             32.434                        
3                             29.064                        
2                             25.829                        
1                             22.586                        
0                             19.405                        
