160                           73.842                        
35                            73.842                        
34                            73.372                        
33                            73.286                        
32                            73.338                        
31                            73.455                        
30                            73.61                         
29                            73.786                        
28                            73.977                        
27                            74.178                        
26                            74.386                        
25                            74.617                        
24                            74.871                        
23                            75.133                        
22                            75.401                        
21                            75.676                        
20                            75.956                        
19                            76.242                        
18                            76.533                        
17                            76.822                        
16                            77.158                        
15                            74.814                        
14                            61.347                        
13                            53.474                        
12                            51.748                        
11                            49.965                        
10                            47.07                         
9                             47.3                          
8                             43.184                        
7                             24.487                        
6                             22.173                        
5                             21.963                        
4                             21.673                        
3                             21.349                        
2                             21.002                        
1                             20.637                        
0                             20.256                        
