7                             
0                             3.6317                        
1                             3.6317                        
2                             3.6317                        
3                             3.6317                        
4                             3.6317                        
5                             3.6317                        
6                             3.6317                        
7                             3.6317                        
8                             3.6317                        
9                             3.6317                        
10                            3.6317                        
11                            3.6317                        
12                            3.6317                        
13                            3.6317                        
14                            3.6317                        
15                            3.6317                        
16                            3.6317                        
17                            3.6317                        
18                            3.6317                        
19                            3.6317                        
20                            3.6317                        
21                            3.6317                        
22                            3.6317                        
23                            3.6317                        
24                            3.6317                        
25                            3.6317                        
26                            3.6317                        
27                            3.6317                        
28                            3.6317                        
29                            3.6317                        
30                            3.6317                        
31                            3.6317                        
32                            3.6317                        
33                            3.6317                        
34                            3.6317                        
35                            3.6317                        
36                            3.6317                        
37                            3.6317                        
38                            3.6317                        
39                            3.6317                        
40                            3.6317                        
41                            3.6317                        
42                            3.6317                        
43                            3.6317                        
44                            3.6317                        
45                            3.6317                        
46                            3.6317                        
47                            3.6317                        
48                            3.6317                        
49                            3.6317                        
50                            3.6317                        
51                            3.6317                        
52                            3.6317                        
53                            3.6317                        
54                            3.6317                        
55                            3.6317                        
56                            3.6317                        
57                            3.6317                        
58                            3.6317                        
59                            3.6317                        
60                            3.6317                        
61                            3.6317                        
62                            3.6013                        
63                            3.5705                        
64                            3.5398                        
65                            3.519                         
66                            3.4982                        
67                            3.4774                        
68                            3.457                         
69                            3.4366                        
70                            3.4164                        
71                            3.4018                        
72                            3.3873                        
73                            3.3727                        
74                            3.3538                        
75                            3.3349                        
76                            3.3203                        
77                            3.3032                        
78                            3.2861                        
79                            3.2689                        
80                            3.2505                        
81                            3.2321                        
82                            3.2144                        
83                            3.2193                        
84                            3.2242                        
85                            3.2301                        
86                            3.2641                        
87                            3.2981                        
88                            3.3315                        
89                            3.3536                        
90                            3.3757                        
91                            3.3932                        
92                            3.3906                        
93                            3.388                         
94                            3.3822                        
95                            3.3714                        
96                            3.3606                        
97                            3.3497                        
98                            3.348                         
99                            3.3486                        
100                           3.3711                        
101                           3.4081                        
102                           3.4527                        
103                           3.523                         
104                           3.5973                        
105                           3.6701                        
106                           3.7486                        
107                           3.829                         
108                           3.879                         
109                           3.9128                        
110                           3.9451                        
111                           3.9774                        
112                           3.9796                        
113                           3.9786                        
114                           3.9776                        
115                           3.9719                        
116                           3.9589                        
117                           3.9346                        
118                           3.9175                        
119                           3.9005                        
120                           3.8749                        
121                           3.8534                        
122                           3.8366                        
123                           3.8498                        
124                           3.8696                        
125                           3.8204                        
126                           3.701                         
127                           3.243                         
128                           2.9373                        
129                           2.7751                        
130                           2.6847                        
131                           2.6377                        
132                           2.5951                        
133                           2.5614                        
134                           2.5589                        
135                           2.5564                        
136                           2.5517                        
137                           2.5316                        
138                           2.4505                        
139                           2.3432                        
140                           2.2427                        
141                           2.1487                        
142                           2.0555                        
143                           1.9631                        
144                           1.923                         
145                           1.8991                        
146                           1.8751                        
147                           1.8354                        
148                           1.822                         
149                           1.8155                        
150                           1.8122                        
151                           1.7981                        
152                           1.7682                        
153                           1.7383                        
154                           1.7084                        
155                           1.696                         
156                           1.6843                        
157                           1.7185                        
158                           1.7771                        
159                           1.8356                        
160                           1.8926                        
161                           1.9469                        
162                           2.0011                        
163                           2.0552                        
164                           2.0974                        
165                           2.1343                        
166                           2.1712                        
167                           2.2086                        
168                           2.2548                        
169                           2.3009                        
170                           2.3397                        
171                           0                             
172                           0                             
173                           2.3449                        
