34                            
0                             1.3781                        
1                             1.3804                        
2                             1.3827                        
3                             1.385                         
4                             1.3873                        
5                             1.3896                        
6                             1.3919                        
7                             1.3942                        
8                             1.3965                        
9                             1.3988                        
10                            1.4011                        
11                            1.4034                        
12                            1.4057                        
13                            1.408                         
14                            1.4103                        
15                            1.4126                        
16                            1.4149                        
17                            1.4172                        
18                            1.4195                        
19                            1.4218                        
20                            1.4241                        
21                            1.4264                        
22                            1.3875                        
23                            1.343                         
24                            1.2819                        
25                            1.2691                        
26                            1.1946                        
27                            1.1811                        
28                            1.1574                        
29                            1.1464                        
30                            1.1593                        
31                            1.1029                        
32                            1.0799                        
33                            1.1367                        
34                            1.0597                        
35                            1.083                         
36                            1.1359                        
37                            1.1503                        
38                            1.2219                        
39                            1.2429                        
40                            1.2604                        
41                            1.1627                        
42                            1.1618                        
43                            1.1697                        
44                            1.1825                        
45                            1.2707                        
46                            1.1101                        
47                            1.4083                        
48                            1.2789                        
49                            1.0504                        
50                            1.1376                        
51                            1.2379                        
52                            1.5371                        
53                            1.3866                        
54                            1.2636                        
55                            1.3775                        
56                            1.3167                        
57                            1.0789                        
58                            1.2595                        
59                            1.4938                        
60                            1.5323                        
61                            1.4005                        
62                            1.2069                        
63                            1.0585                        
64                            1.0351                        
65                            0.94844                       
66                            0.99988                       
67                            1.0098                        
68                            0.9267                        
69                            1.0019                        
70                            1.1641                        
71                            1.2849                        
72                            1.2623                        
73                            1.3629                        
74                            1.4051                        
75                            1.3333                        
76                            1.3687                        
77                            1.1806                        
78                            1.3496                        
79                            1.2601                        
80                            1.1594                        
81                            1.2116                        
82                            1.1754                        
83                            1.0877                        
84                            1.0739                        
85                            1.0595                        
86                            1.0294                        
87                            0.99947                       
88                            0.9951                        
89                            1.0199                        
90                            1.0001                        
91                            1.0232                        
92                            1.0489                        
93                            1.1069                        
94                            1.0843                        
95                            1.1041                        
96                            1.1278                        
97                            1.1588                        
98                            1.1918                        
99                            1.2721                        
100                           1.3139                        
101                           1.1895                        
102                           1.0551                        
103                           0.94889                       
104                           0.92036                       
105                           0.90205                       
106                           0.92893                       
107                           0.94965                       
108                           0.83579                       
109                           0.70738                       
110                           0.6063                        
111                           0.6317                        
112                           0.698                         
113                           0.74934                       
114                           0.74232                       
115                           0.74901                       
116                           0.77311                       
117                           0.76283                       
118                           0.73908                       
119                           0.71532                       
120                           0.71077                       
121                           0.71212                       
122                           0.68992                       
123                           0.69007                       
124                           0.70386                       
125                           0.70696                       
126                           0.68858                       
127                           0.68539                       
128                           0.68902                       
129                           0.68737                       
130                           0.6811                        
131                           0.67642                       
132                           0.67348                       
133                           0.68141                       
134                           0.694                         
135                           0.67993                       
136                           0.68433                       
137                           0.69305                       
138                           0.71229                       
139                           0.78466                       
140                           0.85703                       
141                           0.89207                       
142                           0.90739                       
143                           0.9194                        
144                           0.92428                       
145                           0.90533                       
146                           0.89502                       
147                           0.91052                       
148                           0.91625                       
149                           0.89543                       
150                           0.87019                       
151                           0.83875                       
152                           0.79629                       
153                           0.77629                       
154                           0.77849                       
155                           0.78759                       
156                           0.79953                       
157                           0.81244                       
158                           0.83338                       
159                           0.89545                       
160                           0.87238                       
161                           0.83177                       
162                           0.81942                       
163                           0.81829                       
164                           0.82287                       
165                           0.82663                       
166                           0.83087                       
167                           0.83676                       
168                           0.83901                       
169                           0.8403                        
170                           0.84093                       
171                           0                             
172                           0                             
173                           0.84113                       
