160                           44.9                          
35                            44.9                          
34                            46.319                        
33                            47.949                        
32                            49.57                         
31                            51.153                        
30                            52.686                        
29                            54.196                        
28                            55.668                        
27                            57.093                        
26                            58.5                          
25                            59.879                        
24                            61.222                        
23                            62.558                        
22                            63.835                        
21                            65.051                        
20                            66.203                        
19                            67.409                        
18                            68.554                        
17                            69.684                        
16                            70.786                        
15                            71.298                        
14                            67.231                        
13                            70.727                        
12                            77.058                        
11                            76.361                        
10                            106.43                        
9                             121.23                        
8                             111.26                        
7                             68.386                        
6                             48.93                         
5                             45.513                        
4                             40.588                        
3                             35.028                        
2                             33.652                        
1                             31.375                        
0                             24.751                        
