160                           43.716                        
35                            43.716                        
34                            44.093                        
33                            44.628                        
32                            45.228                        
31                            45.871                        
30                            46.549                        
29                            47.255                        
28                            47.924                        
27                            48.602                        
26                            49.3                          
25                            50.026                        
24                            50.804                        
23                            51.601                        
22                            52.416                        
21                            53.249                        
20                            54.099                        
19                            54.912                        
18                            55.693                        
17                            56.488                        
16                            57.297                        
15                            53.933                        
14                            45.759                        
13                            48.425                        
12                            50.188                        
11                            49.902                        
10                            46.886                        
9                             47.883                        
8                             48.143                        
7                             26.699                        
6                             24.817                        
5                             24.213                        
4                             23.489                        
3                             22.715                        
2                             21.911                        
1                             21.088                        
0                             20.249                        
