160                           349.31                        
35                            349.31                        
34                            347.16                        
33                            344.96                        
32                            342.66                        
31                            340.22                        
30                            337.6                         
29                            334.8                         
28                            331.81                        
27                            328.63                        
26                            325.31                        
25                            321.87                        
24                            318.26                        
23                            314.49                        
22                            310.61                        
21                            306.59                        
20                            302.45                        
19                            298.24                        
18                            293.98                        
17                            289.69                        
16                            285.29                        
15                            280.29                        
14                            274.55                        
13                            268.38                        
12                            273.19                        
11                            276.51                        
10                            233.85                        
9                             187.05                        
8                             142.05                        
7                             83.775                        
6                             67.878                        
5                             58.429                        
4                             50.04                         
3                             42.171                        
2                             34.069                        
1                             26.257                        
0                             19.225                        
