160                           50.958                        
35                            50.958                        
34                            52.194                        
33                            53.769                        
32                            55.373                        
31                            56.965                        
30                            58.483                        
29                            59.966                        
28                            61.426                        
27                            62.837                        
26                            64.247                        
25                            65.628                        
24                            66.961                        
23                            68.293                        
22                            69.56                         
21                            70.766                        
20                            71.917                        
19                            73.139                        
18                            74.274                        
17                            75.406                        
16                            76.527                        
15                            77.987                        
14                            74.354                        
13                            77.08                         
12                            83.274                        
11                            83.06                         
10                            100.52                        
9                             113.08                        
8                             99.767                        
7                             55.72                         
6                             39.584                        
5                             35.783                        
4                             31.222                        
3                             30.521                        
2                             26.729                        
1                             23.73                         
0                             18.739                        
