160                           154.5                         
35                            154.5                         
34                            152.52                        
33                            149.42                        
32                            145.81                        
31                            141.86                        
30                            137.71                        
29                            133.39                        
28                            128.93                        
27                            124.38                        
26                            119.77                        
25                            115.08                        
24                            110.32                        
23                            105.52                        
22                            100.69                        
21                            95.841                        
20                            90.987                        
19                            86.128                        
18                            81.236                        
17                            76.32                         
16                            71.442                        
15                            66.355                        
14                            64.646                        
13                            66.903                        
12                            76.156                        
11                            72.816                        
10                            53.446                        
9                             50.887                        
8                             38.969                        
7                             33.852                        
6                             17.975                        
5                             18.745                        
4                             19.152                        
3                             19.282                        
2                             19.31                         
1                             19.302                        
0                             19.205                        
