160                           12.23                         
35                            12.23                         
34                            16.672                        
33                            21.569                        
32                            26.525                        
31                            31.764                        
30                            37.123                        
29                            42.658                        
28                            48.262                        
27                            54.11                         
26                            60.006                        
25                            66.064                        
24                            72.18                         
23                            78.404                        
22                            84.685                        
21                            91.096                        
20                            97.573                        
19                            104.08                        
18                            110.64                        
17                            117.26                        
16                            123.89                        
15                            117.9                         
14                            117.93                        
13                            114.66                        
12                            118.39                        
11                            122.68                        
10                            67.17                         
9                             52.564                        
8                             32.765                        
7                             46.599                        
6                             36.057                        
5                             35.213                        
4                             33.406                        
3                             30.559                        
2                             27.472                        
1                             23.198                        
0                             19.96                         
