        949.52
       949.549
        949.59
       949.649
       949.728
       949.826
       949.945
       950.083
       950.241
       950.419
       950.617
       950.835
       951.074
       951.334
       951.617
       951.922
       952.251
       952.605
       952.986
       953.395
       953.833
       954.304
        954.81
       955.356
       955.948
       956.594
       957.298
        958.11
       959.064
        960.16
       961.395
       962.764
       964.254
       965.849
       967.539
       969.313
       971.163
       973.081
       975.056
       977.083
       979.155
       981.266
       983.412
       985.585
        987.78
       989.989
       992.206
       994.423
       996.632
       998.824
       1000.99
       1003.12
       1005.17
       1006.98
       1008.55
       1009.87
       1010.96
        1011.8
       1012.39
       1012.74
       1012.84
       1012.69
       1012.28
       1011.62
       1010.72
       1009.58
       1008.21
       1006.63
       1004.84
       1002.86
       1000.69
       998.354
       995.847
       993.171
       990.326
       987.359
       984.326
       981.239
       978.104
       974.926
       971.712
       968.466
       965.195
       961.903
       958.595
       955.276
       951.951
       948.624
       945.297
       941.974
       938.682
        935.44
       932.249
       929.112
       926.028
       922.999
       920.027
       917.112
       914.256
       911.462
       908.819
       906.394
       904.179
       902.176
       900.386
       898.806
       897.434
       896.251
       895.212
       894.316
       893.563
       892.953
       892.482
       892.146
       891.927
       891.811
       891.794
       891.833
       891.894
       891.969
       892.048
       892.129
       892.205
       892.273
       892.327
       892.364
       892.382
       892.375
       892.342
       892.279
       892.181
       892.046
       891.872
       891.655
       891.394
       891.088
       890.737
       890.347
       889.922
       889.466
       888.981
       888.471
       887.938
       887.383
       886.806
       886.207
       885.586
       884.946
       884.288
       883.614
       882.928
       882.232
       881.533
       880.842
       880.164
       879.503
       878.863
       878.248
       877.662
       877.099
       876.558
        876.04
       875.551
       875.091
       874.665
       874.276
        873.93
       873.641
       873.408
       873.231
       873.111
       873.039
       872.998
       872.988
       921.085
       921.096
       921.129
       921.182
       921.256
       921.349
       921.462
       921.595
       921.747
        921.92
       922.112
       922.325
       922.558
       922.812
       923.089
       923.388
        923.71
       924.058
       924.432
       924.834
       925.265
       925.729
       926.257
       926.828
       927.458
       928.104
       928.854
       929.675
       930.643
       931.743
       932.964
       934.375
       935.886
       937.444
       939.195
       940.957
       942.774
       944.686
       946.615
       948.632
       950.697
       952.889
       955.046
       957.223
       959.414
       961.564
       963.904
       965.909
       968.219
       970.587
       972.701
       974.777
       976.604
       978.521
       980.175
       981.417
       982.549
       983.574
       984.049
       984.238
       984.319
        984.27
       984.011
       983.463
       982.579
       981.501
       980.095
       978.506
       976.782
        974.75
       972.469
       970.045
       967.555
       964.806
        961.93
       959.013
       955.961
       953.016
       949.763
       946.653
       943.514
       940.232
       936.989
       933.755
       930.451
       927.138
       923.829
        920.52
         917.2
       913.862
       910.588
       907.327
        904.11
       900.922
       897.847
         894.8
       891.811
       888.873
       885.999
       883.169
       880.531
        878.21
       876.102
       874.184
       872.421
       870.863
       869.481
       868.286
       867.331
       866.529
       865.852
       865.226
       864.709
       864.339
       864.127
       864.009
        863.98
       864.029
       864.111
       864.207
       864.294
       864.376
        864.47
       864.538
       864.584
       864.622
       864.654
       864.652
       864.618
       864.558
       864.466
       864.335
       864.161
       863.938
       863.667
        863.37
       863.015
       862.614
        862.17
       861.656
       861.114
       860.574
       860.025
       859.467
       858.894
       858.314
       857.705
       857.057
       856.398
       855.743
       855.078
       854.406
       853.736
       853.058
       852.375
       851.699
       851.042
       850.411
       849.813
       849.207
       848.684
       848.199
       847.714
       847.251
       846.817
        846.42
       846.068
       845.771
       845.537
        845.36
       845.241
        845.99
       845.947
       845.112
       892.382
       892.386
       892.412
       892.458
       892.525
       892.611
       892.717
       892.842
       892.987
       893.151
       893.335
       893.539
       893.763
       894.008
       894.274
       894.562
       894.874
       895.211
       895.573
       895.962
       896.381
        896.83
       897.374
       897.964
       898.623
        899.26
        900.05
       900.878
       901.858
       902.958
       904.163
       905.613
       907.143
       908.662
       910.474
       912.224
       914.007
       915.915
       917.797
       919.805
       921.864
        924.14
       926.311
       928.495
       930.685
       932.779
       935.249
       937.044
       939.464
       942.018
       944.088
       946.113
       947.708
       949.727
       951.468
       952.624
       953.804
       955.016
       955.369
       955.398
       955.463
       955.523
       955.416
       954.978
       954.112
       953.101
        951.66
       950.068
       948.413
        946.33
       943.937
       941.434
        938.97
       936.156
        933.26
       930.397
       927.325
       924.526
       921.155
       918.115
       915.053
       911.736
       908.523
       905.349
       902.051
       898.744
       895.454
       892.166
       888.855
       885.504
       882.252
       878.973
       875.732
       872.495
       869.431
       866.368
       863.363
       860.403
        857.51
       854.648
       852.025
       849.817
       847.822
       845.995
       844.266
       842.733
       841.342
        840.14
       839.271
       838.566
       837.967
       837.326
       836.767
       836.364
       836.162
       836.044
       836.003
       836.065
        836.17
        836.29
       836.388
       836.472
       836.585
       836.657
       836.696
       836.735
       836.784
       836.788
       836.755
       836.699
       836.615
       836.489
       836.318
       836.089
       835.809
       835.523
       835.165
       834.755
       834.293
       833.723
       833.125
       832.555
       831.991
       831.433
       830.867
       830.308
       829.712
       829.058
         828.4
       827.764
        827.12
       826.473
       825.832
       825.166
       824.478
       823.787
       823.112
       822.467
       821.855
       821.206
       820.703
       820.249
       819.768
       819.301
       818.859
       818.454
       818.096
       817.792
       817.558
       817.383
       817.266
       818.842
         818.8
       817.137
       863.427
       863.424
       863.443
       863.482
       863.541
       863.619
       863.716
       863.831
       863.966
        864.12
       864.292
       864.484
       864.696
       864.928
        865.18
       865.455
       865.752
       866.072
       866.418
        866.79
        867.19
        867.62
       868.174
       868.777
       869.461
       870.083
       870.914
       871.739
       872.725
       873.822
       875.006
       876.493
       878.041
       879.518
       881.392
       883.128
       884.876
       886.779
       888.613
       890.613
       892.667
       895.029
       897.216
        899.41
         901.6
        903.64
       906.247
       907.832
       910.371
       913.121
       915.153
       917.131
       918.479
         920.6
       922.428
       923.493
       924.721
       926.125
       926.353
       926.218
       926.268
       926.441
        926.49
       926.166
       925.319
       924.377
       922.903
       921.311
        919.73
       917.602
       915.099
       912.521
        910.09
       907.216
       904.305
       901.509
       898.418
       895.769
       892.279
       889.312
       886.331
        882.98
       879.798
       876.688
       873.398
       870.099
        866.83
       863.566
       860.266
       856.905
       853.677
       850.383
        847.12
       843.837
       840.786
       837.709
       834.691
       831.709
       828.791
       825.912
       823.312
       821.223
       819.347
       817.616
       815.924
        814.42
       813.022
       811.815
       811.036
       810.432
       809.913
        809.26
       808.659
       808.226
       808.036
       807.919
       807.868
       807.946
       808.077
       808.222
       808.332
       808.421
       808.555
       808.632
       808.666
       808.707
       808.775
       808.786
       808.755
       808.705
       808.631
       808.511
       808.343
       808.111
       807.824
       807.551
       807.192
       806.773
       806.295
       805.669
       805.016
       804.419
       803.842
       803.285
       802.726
       802.191
       801.609
        800.95
       800.293
       799.678
       799.057
       798.434
       797.823
        797.17
       796.477
       795.771
       795.078
       794.418
       793.793
         793.1
       792.616
       792.195
       791.718
       791.247
       790.796
       790.384
        790.02
       789.709
       789.475
       789.302
        789.19
         791.6
       791.557
       789.062
       834.226
       834.218
        834.23
       834.261
       834.311
       834.379
       834.465
       834.569
       834.692
       834.833
       834.992
       835.169
       835.365
       835.581
       835.817
       836.073
       836.351
       836.652
       836.977
       837.327
       837.703
       838.108
       838.668
        839.28
       839.986
       840.591
       841.457
       842.274
       843.259
       844.349
       845.508
        847.03
       848.594
       850.026
       851.961
       853.681
       855.392
       857.289
       859.074
       861.065
       863.114
       865.565
       867.769
       869.974
       872.168
       874.154
       876.905
       878.278
       880.942
         883.9
       885.906
        887.81
       888.907
       891.134
        893.05
       894.023
         895.3
       896.899
       897.001
       896.699
       896.733
       897.022
       897.232
       897.024
       896.199
        895.33
       893.824
       892.236
       890.733
       888.562
       885.954
       883.304
       880.912
       877.985
        875.07
       872.342
       869.236
       866.743
       863.135
       860.244
       857.347
       853.964
       850.817
       847.773
       844.493
       841.206
       837.961
       834.724
       831.439
       828.071
        824.87
       821.563
       818.281
       814.954
        811.92
       808.832
       805.805
       802.808
       799.882
       796.986
       794.403
       792.437
       790.685
       789.054
       787.402
        785.93
       784.529
       783.319
       782.634
       782.133
       781.697
       781.034
       780.394
       779.933
       779.755
       779.641
       779.581
       779.677
       779.836
       780.009
       780.132
       780.227
       780.384
       780.467
       780.497
       780.543
       780.631
        780.65
       780.623
        780.58
       780.517
       780.404
       780.242
       780.006
       779.714
       779.455
       779.096
        778.67
       778.177
       777.497
        776.79
       776.167
       775.579
       775.024
       774.476
       773.965
       773.399
       772.736
       772.083
       771.488
       770.891
       770.294
       769.713
       769.073
       768.374
       767.653
       766.944
       766.268
        765.63
       764.893
       764.429
        764.04
       763.568
       763.091
       762.632
       762.212
       761.843
       761.526
       761.293
       761.124
       761.016
       764.265
       764.223
        760.89
       804.786
       804.773
       804.778
         804.8
        804.84
       804.897
       804.972
       805.063
       805.172
       805.297
        805.44
       805.601
       805.779
       805.976
       806.192
       806.427
       806.682
       806.959
       807.259
       807.582
       807.931
       808.307
       808.868
       809.486
       810.209
       810.795
       811.692
       812.494
       813.475
       814.552
       815.682
       817.237
       818.815
       820.199
       822.194
       823.896
       825.567
       827.458
       829.191
       831.173
       833.216
       835.758
       837.979
       840.195
       842.394
       844.326
       847.226
       848.385
       851.178
       854.347
       856.318
       858.139
       858.987
       861.325
       863.332
       864.211
       865.537
       867.337
       867.309
       866.837
       866.857
       867.265
       867.639
       867.553
       866.751
       865.957
       864.421
        862.84
       861.421
       859.211
       856.498
        853.78
       851.433
       848.454
       845.535
       842.889
       839.776
       837.447
       833.723
       830.911
       828.104
        824.69
       821.581
       818.608
       815.341
       812.068
       808.851
       805.644
       802.378
       799.008
       795.837
        792.52
       789.221
       785.852
       782.839
       779.745
       776.713
       773.706
       770.779
       767.871
       765.308
       763.468
       761.844
       760.317
       758.709
       757.272
        755.87
       754.659
        754.07
       753.675
       753.325
       752.654
       751.977
       751.487
       751.324
       751.215
       751.149
       751.265
       751.452
       751.655
       751.792
       751.896
       752.077
       752.167
       752.194
       752.245
       752.355
       752.384
       752.361
       752.328
       752.276
       752.172
       752.017
        751.78
       751.483
       751.239
       750.882
        750.45
       749.944
       749.212
       748.452
       747.804
       747.205
       746.655
       746.118
       745.634
       745.085
        744.42
        743.77
       743.198
       742.625
       742.055
       741.504
       740.878
       740.175
       739.438
       738.712
       738.021
        737.37
        736.59
       736.147
        735.79
       735.321
        734.84
        734.37
       733.944
        733.57
       733.247
       733.017
       732.853
       732.747
       736.841
         736.8
       732.624
       775.114
       775.095
       775.093
       775.106
       775.135
       775.181
       775.242
       775.319
       775.412
       775.521
       775.646
       775.788
       775.946
       776.121
       776.313
       776.524
       776.754
       777.004
       777.275
       777.568
       777.885
       778.226
       778.785
       779.404
       780.142
       780.705
       781.631
       782.413
       783.386
       784.447
       785.544
       787.129
       788.717
       790.049
       792.103
       793.785
       795.414
       797.295
       798.975
       800.946
       802.982
       805.616
       807.854
       810.081
       812.284
       814.163
       817.215
       818.156
       821.083
       824.469
       826.396
       828.125
       828.721
       831.172
       833.272
       834.055
       835.433
       837.437
       837.278
       836.632
       836.637
       837.167
       837.711
       837.748
       836.971
       836.258
       834.694
       833.121
       831.791
       829.545
        826.73
       823.947
       821.649
       818.623
       815.704
       813.149
       810.036
       807.879
       804.041
       801.315
       798.601
        795.16
       792.093
       789.194
       785.944
       782.689
       779.503
       776.332
        773.09
       769.721
       766.583
        763.26
       759.947
        756.54
       753.552
       750.455
       747.422
        744.41
       741.486
       738.571
       736.031
       734.323
       732.831
       731.413
       729.852
       728.453
       727.052
       725.844
       725.353
       725.067
       724.805
       724.127
       723.412
       722.896
        722.75
       722.649
       722.577
       722.714
       722.933
       723.166
        723.32
       723.432
       723.638
       723.737
       723.762
        723.82
       723.952
       723.992
       723.976
       723.952
       723.913
       723.819
       723.672
       723.434
       723.134
       722.907
       722.553
       722.117
       721.599
       720.815
       720.004
       719.333
       718.725
       718.181
       717.656
       717.201
       716.671
       716.004
       715.359
       714.811
       714.264
        713.72
       713.201
        712.59
       711.882
       711.131
       710.388
       709.683
        709.02
       708.196
       707.773
       707.449
       706.984
       706.498
        706.02
       705.587
       705.208
       704.879
        704.65
       704.489
       704.387
       709.331
       709.291
       704.268
       745.216
       745.192
       745.181
       745.185
       745.203
       745.236
       745.283
       745.344
       745.421
       745.511
       745.617
       745.737
       745.872
       746.024
       746.191
       746.375
       746.576
       746.795
       747.034
       747.293
       747.574
       747.878
       748.431
       749.048
       749.798
       750.333
       751.284
       752.044
       753.005
       754.046
       755.106
       756.718
       758.314
       759.591
       761.702
       763.361
       764.944
       766.814
       768.436
       770.394
       772.421
       775.146
       777.401
       779.639
       781.845
       783.669
       786.876
       787.596
       790.662
       794.276
        796.15
       797.773
       798.107
       800.674
        802.87
       803.555
       804.984
       807.197
       806.903
        806.08
       806.071
       806.726
       807.444
        807.61
        806.86
        806.23
       804.639
       803.079
       801.843
       799.563
       796.648
       793.802
        791.56
       788.489
       785.575
        783.12
        780.02
        778.04
        774.09
       771.456
        768.84
       765.374
       762.354
       759.535
       756.306
       753.074
       749.924
       746.792
       743.577
       740.215
       737.115
       733.789
       730.467
       727.026
       724.067
       720.971
       717.941
       714.926
       712.003
       709.092
       706.582
       705.011
       703.656
       702.351
       700.841
       699.484
       698.086
       696.881
       696.492
       696.318
       696.145
       695.461
        694.71
       694.168
       694.042
       693.949
       693.873
       694.033
       694.284
       694.549
       694.719
       694.841
       695.075
       695.182
       695.207
       695.272
       695.428
        695.48
        695.47
       695.457
       695.433
        695.35
       695.211
       694.974
       694.671
       694.462
       694.113
       693.675
       693.146
       692.312
        691.45
       690.757
       690.142
       689.605
       689.095
       688.669
        688.16
       687.494
       686.855
       686.331
        685.81
       685.295
       684.809
       684.213
       683.502
       682.737
       681.978
       681.259
       680.583
       679.716
       679.314
       679.023
       678.563
       678.072
       677.585
       677.146
       676.761
       676.426
       676.198
       676.042
       675.941
        681.74
       681.701
       675.827
       715.098
       715.068
        715.05
       715.044
        715.05
       715.069
       715.101
       715.146
       715.204
       715.275
       715.359
       715.457
       715.568
       715.693
       715.833
       715.988
       716.158
       716.344
       716.548
        716.77
       717.012
       717.275
       717.818
       718.431
       719.187
       719.688
       720.665
         721.4
       722.346
       723.364
       724.383
        726.02
        727.62
       728.836
       731.003
       732.635
        734.17
       736.025
       737.587
       739.528
       741.543
       744.359
       746.628
       748.874
       751.083
       752.848
       756.212
       756.707
       759.914
       763.761
        765.55
       767.074
       767.143
       769.829
       772.122
       772.707
        774.19
       776.617
       776.185
       775.181
       775.157
       775.941
       776.837
       777.136
       776.415
       775.872
       774.256
       772.711
       771.574
       769.263
       766.249
       763.343
       761.162
        758.05
       755.145
       752.797
       749.713
       747.926
       743.868
       741.333
       738.823
       735.336
       732.367
       729.634
        726.43
       723.225
       720.116
       717.028
       713.846
       710.494
       707.438
       704.114
       700.788
       697.316
       694.391
       691.301
       688.278
       685.265
       682.348
       679.446
       676.971
       675.542
        674.33
       673.141
       671.686
       670.373
       668.981
       667.781
       667.496
       667.435
       667.355
       666.666
       665.879
       665.313
       665.208
       665.124
       665.044
       665.228
       665.513
        665.81
       665.998
        666.13
       666.391
       666.509
       666.533
       666.607
       666.787
       666.852
       666.849
       666.848
       666.839
       666.768
       666.639
       666.405
         666.1
        665.91
       665.567
       665.128
       664.589
       663.706
       662.796
       662.081
       661.461
       660.933
       660.439
       660.044
       659.557
       658.892
       658.261
       657.763
       657.271
       656.784
       656.333
       655.753
       655.039
       654.261
       653.487
       652.754
       652.066
       651.156
       650.775
       650.518
       650.062
       649.567
       649.071
       648.626
       648.235
       647.894
       647.668
       647.515
       647.416
       654.072
       654.035
       647.305
       684.768
       684.732
       684.705
       684.689
       684.683
       684.688
       684.704
       684.732
        684.77
       684.821
       684.883
       684.956
       685.042
       685.139
        685.25
       685.373
        685.51
       685.661
       685.827
        686.01
        686.21
       686.428
        686.96
       687.564
       688.325
       688.788
       689.788
       690.495
       691.423
       692.414
        693.39
       695.048
       696.648
       697.801
        700.02
       701.622
       703.103
        704.94
       706.437
       708.358
       710.358
       713.264
       715.543
       717.795
       720.003
       721.706
       725.228
       725.491
       728.839
       732.908
       734.606
       736.031
       735.829
       738.636
       741.029
       741.512
       743.048
       745.693
        745.12
       743.932
       743.893
        744.81
       745.889
       746.323
       745.633
       745.181
       743.542
       742.015
       740.982
       738.642
       735.532
       732.569
       730.455
       727.305
       724.414
       722.175
       719.121
       717.537
       713.377
       710.948
        708.55
       705.048
       702.136
       699.493
       696.321
       693.147
       690.085
       687.047
       683.902
       680.565
        677.56
       674.244
       670.918
        667.42
       664.534
       661.454
       658.444
       655.439
        652.54
       649.646
       647.209
       645.927
       644.861
       643.794
       642.397
        641.13
       639.746
       638.554
       638.376
        638.43
       638.444
       637.751
       636.929
        636.34
       636.256
       636.182
         636.1
       636.308
       636.627
       636.958
       637.164
       637.307
       637.596
       637.723
       637.748
        637.83
       638.035
       638.114
       638.119
        638.13
       638.137
       638.079
       637.961
       637.729
       637.424
       637.256
        636.92
        636.48
       635.934
       635.003
       634.045
       633.311
       632.687
       632.168
       631.692
       631.331
       630.867
       630.205
       629.583
       629.113
       628.649
       628.194
       627.778
       627.214
       626.499
       625.708
       624.919
       624.174
       623.476
       622.522
       622.163
       621.941
       621.489
        620.99
       620.485
       620.034
       619.636
       619.289
       619.064
       618.914
       618.816
       626.332
       626.296
       618.708
        654.23
       654.188
       654.153
       654.127
       654.108
       654.099
       654.099
       654.108
       654.127
       654.156
       654.195
       654.243
       654.302
       654.371
       654.451
       654.541
       654.643
       654.757
       654.884
       655.024
        655.18
       655.351
       655.869
       656.462
       657.226
       657.652
       658.671
       659.345
       660.252
       661.213
       662.141
       663.817
       665.415
       666.498
       668.767
       670.334
       671.758
       673.572
       674.999
       676.896
       678.876
       681.868
       684.155
       686.409
       688.611
       690.248
       693.928
       693.952
       697.447
       701.731
       703.324
       704.643
       704.165
       707.096
       709.591
       709.968
       711.559
       714.426
       713.709
       712.332
       712.279
       713.331
       714.597
       715.171
       714.514
       714.155
       712.495
        710.99
       710.065
         707.7
       704.495
       701.479
       699.435
       696.252
       693.379
       691.258
       688.241
       686.873
       682.615
       680.302
       678.025
       674.512
       671.662
       669.118
       665.981
       662.846
       659.836
       656.854
       653.753
       650.436
       647.488
       644.186
       640.865
       637.347
       634.507
       631.442
       628.448
       625.454
       622.579
       619.701
       617.308
       616.178
       615.264
       614.322
       612.985
       611.768
       610.394
       609.211
       609.141
       609.314
       609.423
       608.727
       607.871
       607.259
       607.197
       607.133
       607.049
       607.282
       607.635
       607.999
       608.223
       608.377
       608.694
       608.833
       608.858
       608.949
       609.179
       609.271
       609.285
       609.309
       609.332
       609.288
       609.182
       608.954
        608.65
       608.503
       608.175
       607.737
       607.184
       606.206
       605.202
        604.45
       603.823
       603.317
        602.86
       602.534
       602.094
       601.437
       600.825
       600.384
       599.952
       599.529
       599.149
       598.604
       597.888
       597.085
       596.283
       595.527
       594.818
       593.822
       593.485
       593.297
        592.85
       592.346
       591.832
       591.375
       590.972
       590.618
       590.395
       590.244
       590.147
       598.526
       598.491
       590.042
       623.493
       623.445
       623.402
       623.364
       623.333
       623.309
       623.293
       623.284
       623.283
        623.29
       623.305
       623.328
       623.359
       623.398
       623.446
       623.502
       623.568
       623.643
       623.729
       623.826
       623.935
       624.057
       624.559
       625.139
       625.904
       626.291
       627.326
       627.966
       628.848
       629.776
       630.652
       632.344
       633.935
       634.944
       637.258
       638.786
       640.147
       641.935
       643.287
       645.154
        647.11
       650.184
       652.473
       654.723
       656.915
       658.478
       662.312
       662.089
       665.731
       670.202
       671.697
       672.912
       672.152
       675.209
       677.807
       678.076
       679.722
       682.814
       681.951
       680.381
       680.313
       681.504
       682.961
       683.677
       683.054
       682.793
       681.113
       679.632
       678.822
       676.435
       673.137
        670.07
       668.104
       664.891
       662.041
       660.045
       657.069
       655.933
       651.585
       649.396
       647.248
       643.731
       640.951
       638.511
       635.417
       632.326
       629.374
       626.456
       623.405
       620.115
       617.231
       613.948
        610.64
       607.108
       604.318
       601.273
         598.3
       595.315
       592.467
       589.621
        587.28
       586.307
       585.549
       584.736
       583.463
       582.299
       580.937
       579.765
       579.804
       580.096
       580.302
       579.604
       578.713
       578.079
       578.039
       577.987
         577.9
       578.158
       578.545
       578.943
       579.186
        579.35
       579.695
       579.844
       579.869
       579.969
       580.225
       580.331
       580.354
        580.39
       580.431
       580.401
       580.307
       580.083
       579.781
       579.656
       579.338
       578.903
       578.345
       577.321
       576.272
       575.504
       574.877
       574.384
       573.948
       573.658
       573.245
       572.593
       571.994
       571.584
       571.184
       570.795
       570.453
       569.928
       569.212
         568.4
       567.586
       566.818
       566.099
       565.062
       564.748
       564.594
       564.152
       563.642
        563.12
       562.657
       562.247
       561.885
       561.662
       561.511
       561.414
       570.657
       570.623
        561.31
       592.564
        592.51
       592.458
        592.41
       592.366
       592.327
       592.294
       592.267
       592.245
        592.23
       592.221
       592.219
       592.222
       592.231
       592.247
       592.269
       592.297
       592.333
       592.377
       592.429
        592.49
       592.561
       593.045
        593.61
       594.371
       594.716
       595.768
       596.372
       597.228
       598.119
       598.941
       600.645
       602.224
       603.154
       605.509
       606.993
       608.286
       610.042
       611.312
       613.145
       615.069
       618.221
       620.506
       622.746
        624.92
       626.402
       630.383
       629.898
        633.67
       638.331
       639.729
       640.838
       639.793
       642.977
       645.679
       645.838
       647.539
        650.86
       649.846
       648.079
       647.995
       649.326
       650.978
       651.841
       651.253
       651.093
       649.394
       647.941
       647.251
       644.845
       641.457
       638.342
        636.46
       633.221
         630.4
       628.536
        625.61
       624.718
       620.288
       618.231
       616.222
       612.708
       610.005
       607.677
       604.632
       601.592
       598.707
       595.858
       592.865
        589.61
       586.797
       583.541
       580.252
       576.711
       573.979
       570.962
       568.016
       565.049
       562.244
       559.427
        557.14
       556.329
       555.731
        555.05
       553.844
       552.733
       551.385
       550.226
       550.377
       550.788
       551.092
       550.393
       549.469
       548.812
       548.795
       548.753
       548.664
       548.946
       549.367
       549.798
       550.059
       550.234
       550.606
       550.765
        550.79
       550.898
       551.179
       551.299
        551.33
        551.38
       551.438
       551.423
       551.342
       551.123
       550.823
       550.723
       550.415
       549.984
       549.422
       548.354
       547.261
       546.479
       545.852
       545.375
       544.961
        544.71
       544.325
       543.681
       543.095
       542.717
       542.351
       541.998
       541.696
       541.192
       540.479
       539.657
       538.833
       538.055
       537.328
        536.25
       535.959
        535.84
       535.403
       534.888
       534.358
       533.887
       533.469
       533.098
       532.873
        532.72
       532.623
       542.732
       542.698
        532.52
       561.451
        561.39
        561.33
       561.271
       561.214
       561.161
       561.112
       561.066
       561.025
       560.988
       560.955
       560.927
       560.902
       560.882
       560.865
       560.852
       560.844
       560.839
        560.84
       560.846
       560.858
       560.877
       561.341
       561.888
       562.642
       562.946
       564.016
       564.581
       565.407
       566.258
       567.022
       568.733
       570.297
       571.144
       573.537
       574.971
        576.19
       577.908
       579.091
       580.882
       582.769
       585.993
       588.267
       590.489
       592.637
       594.027
       598.148
       597.384
       601.265
       606.122
       607.424
       608.427
        607.09
       610.403
       613.209
       613.254
        615.01
       618.563
       617.394
       615.425
       615.323
       616.797
       618.649
       619.661
       619.111
       619.054
       617.339
       615.916
       615.352
        612.93
       609.453
       606.295
       604.503
       601.242
       598.456
       596.731
        593.86
       593.224
       588.721
       586.809
       584.948
       581.445
       578.828
        576.62
       573.631
        570.65
       567.839
       565.069
       562.141
       558.928
       556.195
       552.974
       549.711
        546.17
       543.503
       540.521
       537.611
       534.676
       531.919
       529.132
       526.903
       526.258
       525.823
       525.277
       524.141
       523.086
       521.753
       520.607
       520.871
       521.403
       521.806
       521.104
       520.147
       519.468
       519.473
       519.441
       519.349
       519.655
       520.109
       520.573
        520.85
       521.035
       521.435
       521.603
       521.627
       521.743
       522.049
       522.182
       522.222
       522.284
        522.36
        522.36
       522.292
       522.079
       521.782
       521.706
       521.411
       520.985
       520.421
        519.31
       518.175
        517.38
       516.755
       516.295
       515.906
       515.694
        515.34
       514.705
       514.134
        513.79
        513.46
       513.144
       512.883
       512.403
       511.694
       510.865
       510.032
       509.246
       508.511
       507.393
       507.126
       507.043
       506.611
       506.091
       505.552
       505.073
       504.645
       504.264
       504.036
       503.879
       503.779
       514.754
        514.72
       503.674
       530.162
       530.095
       530.027
       529.957
       529.888
       529.821
       529.755
       529.692
       529.631
       529.573
       529.517
       529.463
       529.411
       529.361
       529.313
       529.266
        529.22
       529.176
       529.133
       529.093
       529.056
       529.022
       529.466
       529.995
       530.745
       531.007
       532.089
       532.611
       533.404
       534.212
       534.913
       536.628
       538.173
       538.933
       541.358
       542.738
       543.877
        545.55
       546.639
       548.382
       550.224
       553.512
       555.768
       557.963
       560.077
       561.363
       565.615
       564.551
       568.522
       573.585
        574.79
       575.684
       574.049
       577.491
       580.402
       580.329
       582.137
       585.925
       584.596
        582.42
         582.3
       583.919
       585.973
       587.138
       586.627
       586.677
       584.947
       583.558
       583.124
       580.689
       577.127
       573.929
       572.232
       568.956
       566.209
       564.633
       561.822
       561.451
       556.885
       555.132
       553.429
       549.946
       547.423
       545.345
       542.421
       539.506
       536.777
       534.094
       531.241
       528.079
       525.435
       522.256
       519.028
       515.494
       512.901
       509.962
       507.096
       504.198
       501.499
       498.748
       496.582
       496.106
       495.838
       495.431
       494.366
        493.37
       492.053
       490.921
       491.298
       491.953
       492.454
       491.751
        490.76
       490.058
       490.085
       490.063
       489.966
       490.295
       490.781
       491.277
        491.57
       491.763
       492.189
       492.366
       492.387
        492.51
       492.841
       492.986
       493.034
       493.109
       493.202
       493.217
       493.162
       492.956
       492.663
       492.613
       492.331
       491.911
       491.346
       490.195
       489.019
       488.213
       487.592
       487.151
       486.788
       486.618
       486.296
       485.672
       485.118
        484.81
       484.516
        484.24
       484.023
       483.568
       482.865
       482.031
        481.19
       480.397
       479.656
       478.499
       478.257
        478.21
       477.783
       477.258
       476.711
       476.222
       475.784
        475.39
       475.156
       474.992
       474.888
       486.729
       486.694
       474.779
       498.707
       498.634
       498.557
       498.477
       498.397
       498.315
       498.234
       498.154
       498.075
       497.996
       497.918
        497.84
       497.762
       497.683
       497.604
       497.523
       497.441
       497.358
       497.273
       497.187
         497.1
       497.013
       497.437
       497.948
       498.691
       498.912
       500.003
       500.481
       501.237
       501.999
       502.633
       504.349
       505.872
       506.539
       508.991
        510.31
       511.364
       512.987
       513.973
        515.66
        517.45
       520.795
       523.023
       525.183
       527.252
       528.425
       532.799
       531.418
       535.469
       540.733
       541.836
       542.618
       540.678
       544.248
       547.262
       547.066
       548.926
       552.949
       551.456
       549.067
       548.926
       550.691
       552.951
       554.271
         553.8
       553.962
       552.217
       550.865
       550.568
       548.122
       544.477
       541.243
       539.649
       536.362
       533.662
       532.241
       529.498
       529.402
        524.78
       523.198
       521.667
       518.212
       515.795
       513.856
       511.005
       508.166
       505.529
       502.942
       500.172
       497.071
       494.526
       491.398
       488.213
       484.695
       482.184
       479.296
       476.482
       473.629
       470.997
        468.29
       466.191
       465.889
       465.791
       465.525
       464.534
       463.596
       462.297
       461.181
       461.672
       462.448
       463.048
       462.344
       461.319
       460.594
       460.641
       460.627
       460.525
       460.875
       461.392
       461.917
       462.225
       462.426
       462.876
        463.06
       463.079
       463.208
       463.561
       463.718
       463.773
       463.861
       463.971
       464.001
        463.96
        463.76
       463.471
       463.449
       463.181
       462.769
       462.204
       461.014
       459.799
       458.984
       458.369
       457.949
       457.614
       457.488
         457.2
       456.589
       456.054
       455.783
       455.529
       455.293
       455.122
       454.694
       453.998
       453.161
       452.314
       451.516
       450.771
       449.577
       449.361
       449.351
       448.929
       448.399
       447.842
       447.342
       446.891
       446.484
       446.241
       446.066
       445.955
        458.66
       458.623
       445.837
       467.096
       467.017
       466.932
       466.843
       466.751
       466.656
       466.561
       466.465
       466.368
        466.27
       466.171
       466.071
       465.968
       465.862
       465.753
       465.641
       465.524
       465.402
       465.275
       465.144
       465.008
       464.869
       465.272
       465.764
       466.502
       466.681
        467.78
       468.211
       468.929
       469.641
       470.205
       471.916
       473.412
       473.982
       476.456
       477.709
        478.67
       480.236
       481.113
       482.736
       484.464
       487.858
       490.049
       492.164
       494.177
       495.226
        499.71
       497.999
        502.13
       507.581
       508.575
       509.237
       506.985
       510.681
       513.796
       513.472
        515.38
       519.639
       517.975
       515.367
       515.203
       517.115
       519.582
        521.06
       520.631
       520.906
        519.15
       517.838
       517.681
       515.231
       511.505
        508.24
       506.756
       503.463
       500.817
        499.56
       496.892
       497.083
       492.412
       491.012
       489.665
       486.248
       483.946
       482.158
        479.39
       476.636
         474.1
       471.619
       468.944
       465.914
       463.477
        460.41
       457.278
       453.785
       451.366
       448.538
       445.784
       442.989
       440.429
       437.772
       435.746
       435.621
       435.696
       435.574
       434.658
       433.781
       432.498
       431.397
       432.004
       432.902
         433.6
       432.895
       431.836
       431.086
       431.152
       431.146
       431.037
       431.406
       431.952
       432.506
       432.827
       433.033
       433.506
       433.695
       433.709
       433.842
       434.217
       434.385
       434.447
       434.546
       434.672
       434.717
        434.69
       434.497
       434.213
       434.219
       433.966
       433.564
       433.002
       431.773
       430.523
         429.7
       429.094
       428.696
        428.39
       428.311
       428.059
       427.462
       426.948
       426.717
       426.503
       426.311
       426.187
       425.787
       425.101
       424.263
       423.413
       422.612
       421.864
       420.635
       420.446
       420.473
       420.056
        419.52
       418.953
       418.441
       417.975
       417.551
       417.293
       417.105
       416.984
       430.551
        430.51
       416.851
       435.341
       435.256
       435.163
       435.065
       434.962
       434.856
       434.747
       434.637
       434.524
       434.409
        434.29
       434.169
       434.043
       433.912
       433.776
       433.633
       433.483
       433.325
       433.159
       432.984
         432.8
       432.609
       432.992
       433.464
       434.198
       434.335
       435.442
       435.824
         436.5
       437.159
       437.649
       439.352
       440.817
       441.284
       443.776
       444.956
       445.818
       447.319
        448.08
        449.63
       451.288
       454.721
       456.864
       458.923
       460.869
       461.781
       466.361
       464.306
       468.508
       474.138
       475.015
       475.552
       472.979
       476.798
       480.011
       479.552
       481.504
       485.999
       484.159
       481.324
       481.133
       483.191
       485.868
       487.505
       487.118
       487.511
       485.744
       484.474
       484.464
       482.013
       478.212
        474.92
       473.553
       470.261
       467.676
       466.591
       464.006
       464.494
       459.779
       458.572
       457.424
       454.055
        451.88
       450.255
       447.582
       444.922
       442.497
       440.133
       437.563
       434.616
       432.299
       429.303
       426.234
       422.777
       420.459
       417.699
        415.01
       412.281
       409.809
       407.211
       405.264
        405.32
       405.571
       405.593
       404.754
       403.938
       402.672
       401.588
       402.308
       403.328
       404.123
       403.416
       402.323
       401.547
        401.63
       401.629
       401.512
       401.898
       402.471
       403.051
       403.382
       403.591
       404.085
       404.278
       404.285
        404.42
       404.816
       404.993
       405.059
        405.17
       405.312
       405.371
       405.358
       405.172
       404.894
       404.929
       404.692
       404.302
       403.744
        402.48
       401.195
       400.368
       399.772
       399.399
       399.125
       399.093
       398.879
       398.298
       397.807
       397.617
       397.446
       397.299
       397.224
       396.856
       396.181
       395.345
       394.494
       393.693
       392.945
       391.682
       391.522
       391.586
       391.175
       390.635
       390.056
       389.529
       389.045
       388.598
        388.32
       388.114
       387.978
       402.404
       402.357
       387.822
       403.453
       403.363
       403.263
       403.156
       403.044
       402.927
       402.807
       402.683
       402.556
       402.425
        402.29
        402.15
       402.004
       401.851
        401.69
       401.519
       401.339
       401.147
       400.943
       400.726
       400.496
       400.254
       400.617
        401.07
       401.804
       401.898
        403.01
       403.342
       403.974
       404.577
        404.99
       406.681
       408.109
        408.47
       410.973
       412.075
       412.831
        414.26
       414.895
       416.364
       417.942
       421.403
       423.488
        425.48
       427.348
       428.108
        432.77
       430.355
       434.613
       440.407
       441.168
       441.575
       438.673
        442.61
       445.915
       445.314
       447.307
       452.035
       450.011
       446.943
        446.72
       448.924
        451.81
       453.607
       453.263
       453.775
       451.998
       450.774
       450.918
        448.47
       444.598
       441.285
       440.045
        436.76
       434.243
        433.34
       430.845
        431.64
        426.89
       425.885
       424.948
       421.641
       419.604
       418.153
       415.584
       413.031
       410.728
       408.491
       406.037
       403.183
       400.997
       398.086
       395.093
       391.683
       389.478
       386.798
       384.187
       381.544
       379.162
       376.627
       374.762
       375.001
       375.429
       375.598
       374.836
       374.081
       372.833
       371.765
       372.598
       373.737
       374.628
       373.918
       372.789
       371.985
       372.085
       372.087
        371.96
       372.362
       372.959
       373.562
       373.901
        374.11
       374.622
       374.815
       374.813
       374.949
       375.363
       375.548
       375.618
       375.738
       375.895
       375.968
       375.968
       375.791
       375.519
       375.584
       375.366
       374.988
       374.437
        373.14
       371.823
       370.993
        370.41
       370.065
       369.825
       369.842
       369.667
       369.105
       368.637
        368.49
       368.364
       368.264
        368.24
       367.905
       367.245
       366.413
       365.565
       364.766
        364.02
       362.727
       362.597
       362.701
       362.297
       361.752
        361.16
       360.615
       360.108
       359.634
       359.329
       359.097
       358.938
       374.221
       374.164
       358.749
       371.447
       371.351
       371.245
        371.13
       371.009
       370.884
       370.753
       370.619
        370.48
       370.336
       370.187
       370.031
       369.867
       369.695
       369.512
       369.317
        369.11
       368.887
       368.649
       368.393
       368.119
       367.829
       368.172
       368.607
       369.344
       369.393
       370.509
       370.789
       371.376
       371.919
       372.252
       373.926
       375.314
       375.563
       378.071
       379.089
       379.734
       381.083
       381.585
       382.963
        384.45
       387.929
       389.945
       391.856
       393.633
       394.226
       398.958
       396.166
       400.452
       406.413
       407.052
       407.321
       404.079
       408.128
        411.52
       410.768
       412.796
       417.754
       415.539
       412.228
       411.969
       414.315
       417.412
       419.368
       419.065
       419.697
       417.913
       416.738
       417.042
       414.604
       410.665
       407.339
       406.235
       402.965
       400.525
       399.813
       397.416
       398.528
        393.75
       392.957
       392.242
       389.009
       387.122
       385.856
       383.404
       380.969
       378.799
       376.701
       374.374
       371.625
       369.584
       366.771
       363.866
       360.517
       358.437
       355.849
       353.329
       350.785
       348.501
       346.034
       344.256
       344.681
       345.287
       345.603
       344.919
       344.225
       342.996
       341.943
       342.885
        344.14
       345.125
        344.41
       343.244
       342.412
       342.527
       342.531
        342.39
       342.805
       343.424
       344.047
       344.391
       344.598
       345.124
       345.315
       345.302
       345.436
       345.866
       346.056
       346.128
       346.256
       346.427
       346.513
       346.527
       346.358
       346.093
        346.19
       345.991
       345.629
       345.086
       343.759
       342.414
       341.585
       341.017
       340.701
       340.498
       340.565
       340.431
       339.888
       339.446
       339.343
       339.264
       339.213
       339.241
       338.943
       338.299
       337.476
       336.633
       335.839
       335.099
       333.779
       333.682
       333.828
       333.432
       332.884
       332.276
       331.711
       331.176
       330.667
       330.326
       330.059
       329.867
       345.999
        345.93
       329.627
       339.338
       339.236
       339.124
       339.003
       338.875
       338.742
       338.604
        338.46
       338.312
       338.158
       337.998
       337.829
       337.652
       337.463
       337.263
       337.048
       336.817
       336.568
       336.299
       336.009
       335.694
       335.357
       335.683
       336.108
       336.845
        336.85
       337.967
       338.193
       338.731
       339.212
       339.462
       341.115
       342.457
       342.591
       345.098
       346.026
       346.552
       347.815
       348.175
       349.452
       350.839
       354.322
       356.257
       358.076
       359.748
        360.16
       364.949
        361.77
       366.086
       372.193
       372.689
       372.806
       369.213
       373.365
       376.837
       375.926
       377.981
       383.165
        380.75
       377.187
       376.884
       379.369
       382.673
       384.788
       384.524
       385.278
       383.486
       382.365
       382.838
       380.415
       376.416
       373.086
       372.127
       368.882
       366.528
       366.017
       363.727
       365.165
       360.366
       359.797
        359.31
       356.162
       354.438
        353.37
       351.046
       348.742
       346.718
       344.771
       342.584
       339.952
       338.068
       335.369
       332.568
       329.293
       327.352
       324.868
       322.451
        320.02
       317.842
       315.452
       313.767
       314.379
       315.164
       315.626
       315.019
       314.385
       313.172
       312.131
        313.18
        314.55
       315.626
       314.905
         313.7
       312.839
       312.966
        312.97
       312.815
       313.239
       313.876
       314.516
        314.86
       315.061
       315.599
       315.785
       315.757
       315.887
        316.33
       316.524
       316.596
        316.73
       316.914
       317.012
        317.04
       316.878
       316.622
       316.751
       316.574
        316.23
       315.699
       314.345
       312.975
        312.15
       311.601
       311.317
       311.151
       311.271
       311.179
       310.657
       310.241
       310.183
       310.151
        310.15
       310.234
       309.973
       309.351
       308.539
       307.705
       306.921
       306.191
       304.847
       304.788
       304.978
       304.592
        304.04
       303.417
       302.828
       302.262
       301.707
       301.318
       301.002
       300.764
       317.738
       317.649
       300.449
       307.141
       307.034
       306.916
        306.79
       306.657
       306.518
       306.374
       306.225
        306.07
       305.909
       305.741
       305.564
       305.376
       305.177
       304.963
       304.732
       304.483
       304.213
       303.919
       303.597
       303.246
       302.866
       303.181
       303.597
       304.334
       304.292
       305.407
       305.578
       306.064
       306.482
       306.646
       308.275
       309.567
       309.582
       312.081
       312.914
       313.316
       314.483
       314.694
       315.861
       317.135
       320.612
       322.453
       324.166
       325.719
       325.935
       330.765
       327.187
       331.519
       337.749
       338.093
       338.047
       334.091
       338.338
        341.88
         340.8
       342.873
       348.277
       345.653
       341.829
       341.473
       344.091
       347.598
       349.867
       349.639
       350.515
       348.716
       347.654
       348.303
       345.904
       341.854
       338.529
        337.73
       334.519
       332.261
       331.961
       329.786
       331.561
       326.749
       326.409
        326.16
       323.105
       321.556
       320.699
       318.516
       316.354
        314.49
       312.707
       310.673
       308.174
       306.463
       303.893
       301.211
       298.027
       296.237
       293.869
        291.58
       289.272
       287.209
       284.903
       283.314
       284.113
       285.075
       285.681
       285.149
       284.572
       283.373
       282.342
       283.496
       284.976
       286.141
       285.412
       284.167
       283.275
       283.414
       283.415
       283.242
       283.673
       284.324
       284.976
       285.318
       285.508
       286.055
       286.232
       286.186
       286.308
       286.762
       286.957
       287.026
       287.165
        287.36
        287.47
        287.51
       287.356
       287.109
       287.272
       287.119
       286.795
       286.281
       284.904
       283.512
       282.695
       282.169
        281.92
       281.794
       281.967
       281.918
       281.418
       281.029
       281.016
       281.032
       281.084
       281.224
       281.004
       280.405
       279.608
       278.788
       278.018
       277.303
       275.941
       275.923
       276.161
        275.79
       275.235
       274.596
       273.981
       273.377
       272.765
       272.314
        271.93
       271.625
       289.429
       289.312
       271.198
       274.873
       274.761
       274.639
       274.509
       274.373
        274.23
       274.083
       273.931
       273.774
       273.609
       273.437
       273.255
       273.062
       272.856
       272.633
       272.393
       272.132
       271.846
       271.532
       271.186
       270.805
       270.391
       270.698
       271.105
       271.838
       271.748
       272.859
       272.971
       273.405
       273.757
       273.835
       275.435
       276.672
       276.564
        279.05
       279.783
       280.055
       281.121
       281.174
       282.221
       283.373
       286.829
       288.562
       290.154
        291.57
       291.577
       296.432
        292.44
       296.771
       303.105
       303.282
       303.061
       298.729
       303.061
       306.664
       305.403
       307.485
       313.102
       310.258
       306.162
       305.746
       308.488
        312.19
       314.606
       314.408
       315.405
       313.599
       312.599
       313.436
       311.071
       306.981
       303.676
        303.05
       299.888
       297.738
       297.659
       295.606
       297.724
       292.901
         292.8
       292.797
       289.843
       288.482
       287.848
       285.818
       283.811
        282.12
       280.517
       278.651
       276.298
       274.777
       272.353
       269.808
       266.732
       265.114
       262.883
       260.742
       258.567
       256.628
       254.411
        252.92
       253.904
       255.039
       255.785
       255.325
       254.802
       253.614
        252.59
       253.842
       255.429
       256.678
       255.939
       254.653
       253.731
        253.88
       253.878
       253.685
       254.117
       254.776
       255.436
        255.77
       255.946
       256.497
       256.663
       256.596
       256.706
       257.168
        257.36
       257.425
       257.566
       257.771
       257.891
       257.942
       257.796
       257.558
       257.757
       257.631
       257.331
       256.837
       255.443
       254.035
       253.231
       252.731
        252.52
       252.435
       252.663
       252.657
       252.178
       251.816
       251.849
       251.914
       252.017
       252.216
       252.038
       251.467
        250.69
       249.888
       249.139
       248.444
        247.07
       247.098
       247.389
       247.037
       246.483
       245.829
       245.187
       244.539
       243.857
       243.327
        242.85
       242.448
       261.062
       260.905
       241.853
       242.553
       242.437
       242.312
        242.18
       242.042
       241.898
       241.751
       241.599
       241.442
       241.278
       241.106
       240.925
       240.732
       240.525
         240.3
       240.057
       239.791
       239.498
       239.173
       238.812
       238.409
       237.965
       238.265
       238.662
       239.391
        239.25
       240.355
       240.409
       240.789
       241.075
       241.063
       242.626
       243.803
       243.567
       246.036
       246.664
       246.803
       247.761
        247.65
       248.569
       249.587
       253.005
       254.612
       256.068
       257.331
       257.112
       261.973
       257.553
       261.865
       268.291
       268.274
       267.863
       263.146
       267.551
       271.204
       269.749
       271.829
       277.651
       274.579
       270.202
       269.714
       272.568
       276.452
       279.005
       278.826
       279.941
       278.127
       277.196
       278.232
       275.915
       271.801
       268.534
       268.101
       265.002
       262.973
       263.124
       261.199
       263.666
       258.838
       258.982
       259.232
       256.385
        255.22
       254.821
       252.956
       251.118
       249.615
       248.205
       246.522
       244.331
       243.017
       240.759
       238.372
       235.425
       233.997
       231.926
       229.955
       227.926
        226.12
           224
       222.607
       223.771
       225.074
       225.955
       225.561
       225.087
       223.907
       222.885
       224.227
       225.916
       227.246
       226.495
       225.168
       224.215
       224.375
        224.37
       224.153
        224.58
       225.241
       225.903
       226.224
       226.382
       226.933
       227.082
       226.991
       227.087
       227.553
        227.74
       227.798
       227.938
       228.149
       228.277
        228.34
       228.201
       227.973
       228.209
       228.112
       227.841
       227.373
       225.968
       224.553
       223.769
       223.299
       223.129
       223.087
       223.369
       223.405
       222.948
       222.611
       222.689
       222.801
       222.955
       223.212
       223.079
        222.54
       221.787
       221.011
       220.289
       219.622
       218.243
       218.323
       218.674
       218.345
       217.798
       217.134
       216.468
       215.769
       215.008
       214.376
       213.772
       213.228
       232.619
       232.404
       212.379
         210.2
        210.08
       209.953
       209.821
       209.685
       209.545
       209.402
       209.255
       209.103
       208.944
       208.778
       208.603
       208.416
       208.215
       207.997
       207.759
       207.497
       207.205
       206.878
       206.509
       206.091
       205.623
       205.919
       206.306
       207.031
       206.841
        207.94
       207.938
       208.267
       208.484
       208.377
       209.898
       211.009
       210.643
        213.08
       213.598
       213.599
       214.443
       214.165
       214.945
       215.814
       219.173
       220.637
       221.937
        223.03
       222.571
       227.417
       222.552
       226.819
        233.31
       233.071
       232.469
       227.361
       231.831
       235.519
       233.856
        235.92
       241.937
       238.629
       233.964
       233.396
       236.345
        240.39
        243.06
       242.887
       244.112
       242.289
       241.433
       242.684
       240.432
       236.317
       233.113
       232.898
       229.882
       227.988
       228.376
       226.585
       229.403
        224.57
       224.964
       225.471
       222.736
       221.774
       221.623
       219.934
       218.277
       216.975
       215.774
       214.291
       212.281
       211.196
       209.125
       206.916
       204.121
       202.908
       201.031
       199.241
       197.372
       195.711
       193.694
       192.403
       193.739
       195.199
       196.204
        195.87
       195.441
       194.265
       193.239
       194.665
       196.444
       197.848
       197.084
       195.716
       194.736
        194.91
       194.905
       194.664
       195.071
       195.726
       196.383
       196.687
       196.822
       197.367
       197.497
       197.377
       197.455
       197.922
       198.101
       198.148
       198.285
         198.5
       198.634
       198.705
       198.574
       198.355
        198.63
       198.566
       198.329
       197.894
       196.488
       195.074
       194.318
       193.886
       193.759
        193.76
       194.095
       194.173
       193.734
       193.421
        193.54
       193.698
       193.901
       194.216
        194.13
       193.626
       192.904
       192.161
       191.475
       190.844
       189.469
       189.609
       190.025
       189.728
       189.196
       188.532
       187.848
       187.098
       186.249
       185.492
       184.717
       183.965
        204.07
       203.775
       182.725
       177.842
       177.719
       177.593
       177.464
       177.334
       177.202
       177.067
       176.929
       176.786
       176.638
       176.483
       176.319
       176.144
       175.955
       175.749
       175.524
       175.274
       174.994
       174.675
       174.309
       173.888
       173.404
         173.7
       174.079
       174.797
       174.561
       175.652
       175.596
       175.872
       176.021
       175.819
       177.292
        178.33
       177.824
       180.221
        180.62
        180.48
       181.208
       180.757
       181.388
       182.092
       185.368
       186.667
       187.793
       188.699
       187.984
       192.795
       187.467
       191.657
       198.169
        197.69
       196.896
       191.402
       195.926
       199.632
       197.742
       199.768
        205.97
       202.423
       197.476
       196.822
       199.839
       204.011
        206.77
       206.579
       207.906
       206.069
       205.294
       206.778
       204.617
       200.533
       197.428
       197.463
       194.555
       192.811
       193.442
       191.782
       194.948
        190.11
       190.755
       191.525
       188.905
       188.152
       188.255
       186.754
       185.291
       184.204
       183.227
       181.961
       180.152
       179.316
       177.455
       175.451
       172.837
       171.874
       170.214
       168.626
       166.935
       165.434
       163.531
       162.341
       163.835
       165.433
       166.547
       166.265
       165.877
       164.703
       163.668
       165.162
       167.017
       168.486
       167.703
         166.3
       165.301
       165.494
       165.487
       165.206
       165.592
       166.234
       166.881
       167.162
        167.27
       167.806
       167.912
       167.761
       167.817
       168.281
       168.448
        168.48
        168.61
       168.826
       168.963
       169.041
       168.915
       168.706
        169.02
       168.991
       168.794
       168.403
       167.008
       165.611
       164.894
       164.506
       164.425
       164.469
       164.854
       164.969
       164.546
       164.255
       164.411
       164.608
       164.856
       165.226
       165.188
       164.724
       164.041
       163.342
       162.703
        162.12
       160.759
       160.966
       161.453
       161.197
       160.692
       160.045
       159.354
       158.565
       157.632
       156.731
       155.731
       154.669
       175.368
       174.967
       152.829
       145.503
       145.379
       145.256
       145.134
       145.014
       144.893
        144.77
       144.645
       144.515
       144.382
       144.242
       144.094
       143.937
       143.768
       143.583
       143.381
       143.156
         142.9
       142.604
       142.256
       141.843
       141.353
       141.653
       142.022
       142.732
       142.449
        143.53
       143.419
       143.644
       143.728
       143.432
       144.846
       145.797
       145.141
       147.483
       147.761
        147.48
       148.093
       147.472
       147.946
       148.464
       151.624
       152.734
       153.665
       154.372
        153.39
       158.142
       152.343
       156.419
       162.918
       162.167
        161.16
       155.313
       159.876
       163.571
       161.425
       163.379
       169.745
       165.973
       160.776
       160.046
        163.09
       167.326
       170.124
       169.883
       171.297
       169.443
       168.756
       170.493
       168.457
       164.453
       161.501
       161.827
        159.06
       157.483
       158.355
       156.818
       160.316
       155.472
       156.364
       157.397
       154.897
       154.357
       154.718
       153.415
        152.16
       151.299
       150.561
        149.53
       147.943
       147.378
       145.755
       143.994
       141.605
        140.92
       139.498
       138.134
        136.65
       135.333
       133.559
       132.467
       134.091
       135.795
       136.994
       136.752
       136.405
       135.237
       134.191
       135.732
       137.637
       139.153
       138.354
       136.929
       135.921
       136.141
       136.127
       135.807
       136.169
       136.795
       137.417
       137.663
       137.732
       138.253
       138.332
       138.149
       138.177
       138.633
       138.787
         138.8
       138.918
       139.131
       139.267
       139.348
       139.226
       139.026
       139.378
       139.385
       139.234
       138.899
       137.536
       136.176
       135.516
       135.181
       135.148
        135.23
       135.658
       135.804
       135.395
        135.12
       135.307
       135.536
       135.819
       136.238
       136.247
       135.828
       135.197
       134.556
        133.98
        133.46
       132.126
       132.406
       132.968
        132.76
       132.297
       131.685
       131.016
       130.219
       129.226
       128.182
       126.904
       125.391
       146.433
       145.911
       122.625
       113.204
       113.079
       112.963
       112.853
       112.746
       112.641
       112.536
       112.428
       112.317
       112.204
       112.086
       111.961
       111.829
       111.686
       111.531
       111.362
       111.171
       110.953
       110.698
        110.39
       110.006
       109.523
       109.826
       110.181
       110.875
       110.543
       111.608
       111.447
       111.628
       111.652
       111.261
         112.6
       113.448
       112.632
       114.893
       115.043
       114.631
       115.141
       114.365
       114.679
       114.986
       117.977
       118.862
       119.579
       120.079
       118.829
       123.497
       117.241
       121.143
       127.545
       126.524
       125.342
       119.173
       123.736
       127.366
       124.933
       126.751
       133.224
       129.278
       123.941
       123.176
       126.166
       130.345
       133.095
       132.759
       134.242
       132.377
       131.784
       133.783
       131.921
       128.084
       125.371
       126.035
       123.455
       122.067
       123.162
       121.723
       125.513
       120.669
       121.804
       123.091
       120.723
       120.397
       121.011
       119.914
       118.882
       118.265
       117.778
       116.996
        115.65
        115.38
       114.033
       112.561
       110.439
        110.06
         108.9
       107.798
       106.559
       105.462
       103.844
       102.849
       104.552
       106.301
       107.543
        107.33
       107.035
       105.895
       104.842
       106.392
       108.294
       109.829
       109.023
       107.604
       106.622
       106.883
       106.871
       106.519
        106.86
       107.446
       108.025
       108.218
       108.235
       108.726
       108.774
       108.554
       108.556
       108.997
       109.125
       109.113
       109.213
       109.416
       109.546
       109.627
       109.506
       109.314
       109.698
       109.738
       109.637
       109.375
       108.078
       106.792
       106.214
       105.942
       105.952
        106.06
       106.516
       106.686
       106.288
       106.029
       106.239
       106.485
       106.788
       107.242
       107.294
       106.929
       106.365
       105.802
       105.311
       104.876
       103.589
       103.942
       104.573
       104.418
       104.016
       103.469
       102.865
       102.117
       101.126
       99.9888
       98.4214
        96.286
       117.129
       116.515
       92.1279
       80.9595
       80.8395
       80.7381
       80.6473
        80.562
       80.4789
       80.3961
       80.3121
       80.2254
       80.1364
       80.0444
       79.9483
       79.8472
        79.738
        79.621
       79.4932
       79.3506
       79.1878
       78.9963
       78.7595
       78.4346
       77.9799
        78.283
        78.607
       79.2649
        78.887
       79.9125
       79.7116
       79.8625
       79.8456
       79.3758
       80.5963
       81.3142
       80.3429
       82.4584
       82.4738
       81.9591
       82.3876
       81.5061
       81.6763
       81.7431
       84.4486
       85.0557
       85.5439
        85.852
       84.3644
       88.8681
       82.3052
          85.9
        91.961
       90.7163
        89.509
       83.2373
       87.6381
       91.0417
        88.332
       89.8872
       96.2524
       92.3061
       87.1386
       86.4429
       89.2029
       93.0678
       95.6142
       95.1467
       96.6609
       94.8366
       94.3483
       96.5511
       94.9438
       91.4485
       89.1173
       90.1415
       87.8246
       86.6646
       87.9251
       86.5469
        90.501
       85.7479
       87.0995
       88.5868
       86.3984
       86.2897
       87.1227
       86.2508
       85.4693
       85.1053
        84.872
       84.3566
       83.2808
       83.3123
       82.2782
       81.1526
       79.3654
       79.3118
        78.452
       77.6525
       76.7031
        75.879
       74.4846
       73.6035
       75.2806
       76.9558
       78.1651
       77.9795
        77.771
       76.7242
       75.7021
       77.1802
        78.967
       80.4514
       79.6712
       78.3395
        77.447
         77.76
       77.7575
       77.3894
        77.687
       78.2028
       78.7087
       78.8396
       78.8026
       79.2525
       79.2664
       79.0238
       79.0014
       79.4088
       79.5008
       79.4607
       79.5347
       79.7112
       79.8204
       79.8935
       79.7733
       79.5837
       79.9756
       80.0344
       79.9791
       79.8101
       78.6367
       77.4922
       77.0311
       76.8293
       76.8705
       76.9823
       77.4355
       77.6136
       77.2374
       77.0018
       77.2226
       77.4634
        77.758
       78.2183
       78.3037
       78.0061
       77.5359
       77.0821
       76.7038
       76.3841
       75.1822
       75.5936
       76.2607
       76.1571
        75.837
       75.3979
       74.9202
       74.3073
       73.4408
       72.3602
       70.6374
       67.7913
       87.2206
       86.6665
       61.7427
       48.7836
       48.6853
       48.6129
         48.55
       48.4925
       48.4364
       48.3807
       48.3249
       48.2671
       48.2089
       48.1497
       48.0883
       48.0242
       47.9564
       47.8841
       47.8063
       47.7211
       47.6262
         47.52
       47.4063
       47.1919
       46.8091
       47.0847
       47.3461
       47.9117
        47.548
       48.4375
       48.2426
       48.3789
       48.3614
       47.8904
       48.8636
       49.3961
       48.3951
       50.1275
       50.0217
       49.4968
       49.8422
       49.0034
       49.0703
       48.9053
       51.0101
       51.2889
       51.5415
       51.6982
       50.1712
       54.0727
        48.034
       50.9266
       55.8447
       54.5599
       53.6754
       48.1619
       51.8533
       54.6147
        51.979
       53.0385
       58.4482
       55.0676
       50.9211
       50.4887
       52.5974
        55.557
       57.5489
       56.9869
       58.3736
       56.8426
       56.4908
        58.548
       57.3568
       54.6417
       52.9532
       54.1481
       52.3059
       51.4746
       52.6967
       51.4384
       55.0417
       50.9135
       52.3133
        53.774
       51.9963
       52.0932
        52.994
       52.4116
       51.9441
       51.8323
       51.8289
       51.5939
       50.8549
       51.1207
       50.4583
       49.7728
       48.4722
       48.6903
       48.1634
        47.703
       47.1094
       46.6374
       45.6313
       44.9584
       46.3771
       47.7398
       48.7611
       48.6345
       48.5754
       47.7973
       46.9617
       48.1845
       49.6047
       50.8514
       50.2087
       49.1642
       48.4845
       48.8044
       48.8117
       48.4775
       48.7013
        49.083
       49.4587
       49.5234
       49.4474
       49.8128
       49.8053
       49.5842
       49.5471
       49.8768
       49.9276
       49.8716
       49.9157
       50.0462
       50.1193
       50.1733
        50.065
       49.8807
       50.2095
       50.2442
       50.2113
       50.1364
       49.2179
       48.3469
       48.0414
       47.9071
       47.9491
       48.0271
       48.4041
       48.5621
       48.2566
       48.0798
       48.2854
       48.4868
       48.7269
       49.1263
       49.2248
       49.0243
       48.6988
       48.3961
       48.1595
       47.9884
        47.001
       47.4027
       47.9959
       47.9352
        47.732
       47.4553
       47.1727
       46.8026
       46.2439
       45.5188
       44.1368
       41.1047
       56.3217
       56.1574
       33.7176
        16.644
        16.621
       16.5979
       16.5749
       16.5519
       16.5288
       16.5058
       16.4827
       16.4597
       16.4367
       16.4136
       16.3906
       16.3675
       16.3445
       16.3214
       16.2984
       16.2754
       16.2523
       16.2293
       16.2062
       16.1832
       16.1601
        16.302
       16.4663
       16.6971
       16.7346
       17.0187
       17.0588
       17.1401
         17.17
       17.1045
       17.3363
       17.4569
       17.2575
       17.5942
       17.5291
       17.3455
       17.3161
       17.0577
        17.002
       16.9602
       17.3949
       17.4517
       17.4662
       17.4321
       17.0965
       17.7562
       16.5799
       17.1151
       18.0466
       17.7148
       17.3308
       16.1505
       16.7698
       17.2792
       16.8408
       17.1108
       18.1197
        17.454
       16.5734
       16.4766
       17.0611
       17.8809
       18.4772
       18.5737
       18.9231
       18.7199
       18.6829
       19.0181
       18.7097
       18.0529
       17.5621
        17.634
       17.2096
       17.0183
       17.2837
       17.1684
       17.9486
       17.3002
       17.6672
       18.0775
       17.8759
       18.0265
       18.3449
       18.3673
       18.3922
         18.48
       18.5783
       18.6086
        18.522
       18.6142
       18.4985
       18.3464
       18.0646
       18.1056
        18.001
       17.9032
       17.7759
       17.6804
       17.4982
       17.4701
       18.0146
       18.5827
       19.0381
       19.1825
        19.286
       19.2087
       19.1493
        19.611
       20.1311
       20.5417
       20.4461
       20.1869
       19.9875
       20.0217
       20.0011
       19.9173
       19.9769
       20.0904
       20.2039
       20.2405
       20.2413
       20.3326
       20.3345
       20.2834
       20.2771
       20.3568
       20.3756
       20.3672
       20.3799
       20.4111
       20.4261
       20.4285
       20.3874
       20.3277
       20.3746
       20.3476
       20.2821
        20.172
       19.8494
       19.5268
       19.3535
       19.2592
       19.2401
       19.2589
       19.3621
       19.4193
       19.3731
       19.3661
       19.4653
       19.5822
       19.7156
       19.8766
       19.9476
       19.9219
       19.8425
       19.7518
       19.6668
       19.5901
       19.3488
       19.4549
       19.6326
       19.6599
       19.6419
        19.601
       19.5634
       19.5239
       19.4778
       19.4668
       19.4617
       19.4592
            24
            24
       19.4583
