27                            
0                             1.9693                        
1                             1.9693                        
2                             1.9693                        
3                             1.9693                        
4                             1.9693                        
5                             1.9693                        
6                             1.9693                        
7                             1.9693                        
8                             1.9693                        
9                             1.9693                        
10                            1.9693                        
11                            1.9693                        
12                            1.9693                        
13                            1.9693                        
14                            1.9693                        
15                            1.9693                        
16                            1.9693                        
17                            1.9693                        
18                            1.9708                        
19                            1.9753                        
20                            1.9797                        
21                            1.9842                        
22                            1.9886                        
23                            1.9931                        
24                            1.9975                        
25                            2.002                         
26                            2.0064                        
27                            2.0109                        
28                            2.0154                        
29                            2.0198                        
30                            2.0243                        
31                            2.0287                        
32                            2.0325                        
33                            2.0338                        
34                            2.0352                        
35                            2.0365                        
36                            2.0379                        
37                            2.0392                        
38                            2.0405                        
39                            2.0419                        
40                            2.0432                        
41                            2.0446                        
42                            2.0459                        
43                            2.0473                        
44                            2.0486                        
45                            2.0179                        
46                            1.9872                        
47                            1.9565                        
48                            1.9258                        
49                            1.8952                        
50                            1.8645                        
51                            1.8338                        
52                            1.8031                        
53                            1.7724                        
54                            1.7418                        
55                            1.7111                        
56                            1.6804                        
57                            1.6497                        
58                            1.619                         
59                            1.5884                        
60                            1.5577                        
61                            1.548                         
62                            1.5555                        
63                            1.563                         
64                            1.5705                        
65                            1.578                         
66                            1.5855                        
67                            1.593                         
68                            1.6004                        
69                            1.5815                        
70                            1.5556                        
71                            1.5297                        
72                            1.5181                        
73                            1.5501                        
74                            1.5821                        
75                            1.6141                        
76                            1.6371                        
77                            1.6353                        
78                            1.6336                        
79                            1.6318                        
80                            1.6147                        
81                            1.5882                        
82                            1.5618                        
83                            1.5344                        
84                            1.5051                        
85                            1.4758                        
86                            1.4465                        
87                            1.4281                        
88                            1.4286                        
89                            1.4291                        
90                            1.4296                        
91                            1.4513                        
92                            1.4844                        
93                            1.5175                        
94                            1.5507                        
95                            1.5838                        
96                            1.6717                        
97                            1.7645                        
98                            1.8572                        
99                            1.95                          
100                           2.0428                        
101                           2.1355                        
102                           2.2283                        
103                           2.3127                        
104                           2.3135                        
105                           2.281                         
106                           2.2486                        
107                           2.2161                        
108                           2.1836                        
109                           2.1512                        
110                           2.1077                        
111                           2.0301                        
112                           1.9525                        
113                           1.8749                        
114                           1.7974                        
115                           1.7198                        
116                           1.6422                        
117                           1.5743                        
118                           1.5396                        
119                           1.5049                        
120                           1.4702                        
121                           1.4355                        
122                           1.4009                        
123                           1.3376                        
124                           1.2193                        
125                           1.101                         
126                           1.0018                        
127                           0.9775                        
128                           0.95322                       
129                           0.92894                       
130                           0.90466                       
131                           0.88038                       
132                           0.8561                        
133                           0.83182                       
134                           0.76659                       
135                           0.69919                       
136                           0.63179                       
137                           0.5678                        
138                           0.58858                       
139                           0.60937                       
140                           0.63015                       
141                           0.65093                       
142                           0.67172                       
143                           0.72256                       
144                           0.9078                        
145                           1.0148                        
146                           1.1219                        
147                           1.2289                        
148                           1.3359                        
149                           1.4429                        
150                           1.5499                        
151                           1.6299                        
152                           1.7099                        
153                           1.7899                        
154                           1.87                          
155                           1.9497                        
156                           2.029                         
157                           2.0695                        
158                           2.0548                        
159                           2.0401                        
160                           2.0274                        
161                           2.0294                        
162                           2.0313                        
163                           2.0332                        
164                           2.0351                        
165                           2.037                         
166                           2.0389                        
167                           2.0408                        
168                           2.0408                        
169                           2.0408                        
170                           2.0408                        
171                           0                             
172                           0                             
173                           2.0408                        
