160                           85.195                        
35                            85.195                        
34                            84.988                        
33                            85.143                        
32                            85.411                        
31                            85.727                        
30                            86.057                        
29                            86.387                        
28                            86.711                        
27                            87.011                        
26                            87.297                        
25                            87.568                        
24                            87.83                         
23                            88.087                        
22                            88.326                        
21                            88.551                        
20                            88.752                        
19                            88.927                        
18                            89.086                        
17                            89.228                        
16                            89.352                        
15                            79.055                        
14                            71.608                        
13                            64.813                        
12                            54.399                        
11                            52.223                        
10                            34.915                        
9                             33.865                        
8                             32.538                        
7                             22.082                        
6                             20.409                        
5                             20.336                        
4                             20.251                        
3                             20.165                        
2                             20.073                        
1                             19.979                        
0                             19.884                        
