26                            
0                             2.0486                        
1                             2.0486                        
2                             2.0486                        
3                             2.0486                        
4                             2.0486                        
5                             2.0486                        
6                             2.0486                        
7                             2.0486                        
8                             2.0486                        
9                             2.0486                        
10                            2.0486                        
11                            2.0486                        
12                            2.0486                        
13                            2.0486                        
14                            2.0486                        
15                            2.0486                        
16                            2.0486                        
17                            2.0486                        
18                            2.0486                        
19                            2.0486                        
20                            2.0486                        
21                            2.0486                        
22                            2.0486                        
23                            2.0486                        
24                            2.0486                        
25                            2.0486                        
26                            2.0486                        
27                            2.0486                        
28                            2.0486                        
29                            2.0486                        
30                            2.0486                        
31                            2.0486                        
32                            2.0486                        
33                            2.0486                        
34                            2.0486                        
35                            2.0486                        
36                            2.0486                        
37                            2.0486                        
38                            2.0486                        
39                            2.0486                        
40                            2.0486                        
41                            2.0486                        
42                            2.0486                        
43                            2.0486                        
44                            2.045                         
45                            2.0143                        
46                            1.9836                        
47                            1.9529                        
48                            1.9222                        
49                            1.8916                        
50                            1.8609                        
51                            1.8302                        
52                            1.7995                        
53                            1.7688                        
54                            1.7382                        
55                            1.7075                        
56                            1.6768                        
57                            1.6461                        
58                            1.6154                        
59                            1.5848                        
60                            1.5541                        
61                            1.5489                        
62                            1.5564                        
63                            1.5639                        
64                            1.5714                        
65                            1.5789                        
66                            1.5863                        
67                            1.5938                        
68                            1.6013                        
69                            1.5785                        
70                            1.5526                        
71                            1.5267                        
72                            1.577                         
73                            1.7609                        
74                            1.9448                        
75                            2.0843                        
76                            2.0612                        
77                            2.0382                        
78                            2.0152                        
79                            1.9918                        
80                            1.9167                        
81                            1.8417                        
82                            1.7666                        
83                            1.6915                        
84                            1.7156                        
85                            1.7437                        
86                            1.7718                        
87                            1.7999                        
88                            1.8277                        
89                            1.8554                        
90                            1.883                         
91                            1.9095                        
92                            1.9343                        
93                            1.9591                        
94                            1.9839                        
95                            2.0087                        
96                            2.0335                        
97                            2.0703                        
98                            2.1083                        
99                            2.1463                        
100                           2.1843                        
101                           2.2224                        
102                           2.2604                        
103                           2.3216                        
104                           2.3974                        
105                           2.4733                        
106                           2.5491                        
107                           2.625                         
108                           2.7008                        
109                           2.7767                        
110                           2.8508                        
111                           2.7838                        
112                           2.7167                        
113                           2.6497                        
114                           2.5827                        
115                           2.5156                        
116                           2.4486                        
117                           2.3816                        
118                           2.3146                        
119                           2.2475                        
120                           2.1805                        
121                           2.1135                        
122                           2.0464                        
123                           1.9619                        
124                           1.8676                        
125                           1.7733                        
126                           1.679                         
127                           1.5847                        
128                           1.4904                        
129                           1.4422                        
130                           1.4078                        
131                           1.3734                        
132                           1.3389                        
133                           1.3045                        
134                           1.2398                        
135                           1.1555                        
136                           1.0711                        
137                           0.98673                       
138                           0.91995                       
139                           0.88387                       
140                           0.84778                       
141                           0.8117                        
142                           0.77561                       
143                           0.76951                       
144                           0.89317                       
145                           1.0168                        
146                           1.1265                        
147                           1.2355                        
148                           1.3446                        
149                           1.4537                        
150                           1.5593                        
151                           1.6393                        
152                           1.7193                        
153                           1.7993                        
154                           1.8794                        
155                           1.959                         
156                           2.0383                        
157                           2.0678                        
158                           2.0531                        
159                           2.0384                        
160                           2.0277                        
161                           2.0296                        
162                           2.0315                        
163                           2.0334                        
164                           2.0353                        
165                           2.0372                        
166                           2.0391                        
167                           2.0408                        
168                           2.0408                        
169                           2.0408                        
170                           2.0408                        
171                           0                             
172                           0                             
173                           2.0408                        
