13                            
0                             4.0425                        
1                             4.0425                        
2                             4.0425                        
3                             4.0425                        
4                             4.0425                        
5                             4.0425                        
6                             4.0425                        
7                             4.0425                        
8                             4.0425                        
9                             4.0425                        
10                            4.0425                        
11                            4.0425                        
12                            4.0425                        
13                            4.0425                        
14                            4.0425                        
15                            4.0425                        
16                            4.0425                        
17                            4.0425                        
18                            4.0425                        
19                            4.0425                        
20                            4.0425                        
21                            4.0425                        
22                            4.0425                        
23                            4.0425                        
24                            4.0425                        
25                            4.0425                        
26                            4.0425                        
27                            4.0425                        
28                            4.0425                        
29                            4.0425                        
30                            4.0425                        
31                            4.0425                        
32                            4.0425                        
33                            4.0425                        
34                            4.0425                        
35                            4.0425                        
36                            4.0425                        
37                            4.0425                        
38                            4.0425                        
39                            4.0425                        
40                            4.0425                        
41                            4.0425                        
42                            4.0425                        
43                            4.0425                        
44                            4.0425                        
45                            4.0425                        
46                            4.0425                        
47                            4.0425                        
48                            4.0425                        
49                            4.0425                        
50                            4.0425                        
51                            4.0425                        
52                            4.0425                        
53                            4.0425                        
54                            4.0425                        
55                            4.0425                        
56                            4.0425                        
57                            4.0425                        
58                            4.0425                        
59                            4.0425                        
60                            4.0425                        
61                            4.0425                        
62                            3.9861                        
63                            3.9292                        
64                            3.8723                        
65                            3.8337                        
66                            3.7952                        
67                            3.7566                        
68                            3.7189                        
69                            3.6813                        
70                            3.6437                        
71                            3.6168                        
72                            3.5899                        
73                            3.5628                        
74                            3.5279                        
75                            3.4929                        
76                            3.46                          
77                            3.4225                        
78                            3.3849                        
79                            3.3473                        
80                            3.3074                        
81                            3.2675                        
82                            3.2288                        
83                            3.2321                        
84                            3.2354                        
85                            3.2404                        
86                            3.2975                        
87                            3.3546                        
88                            3.4107                        
89                            3.4458                        
90                            3.4809                        
91                            3.5075                        
92                            3.4968                        
93                            3.4861                        
94                            3.4696                        
95                            3.4437                        
96                            3.4178                        
97                            3.3919                        
98                            3.3828                        
99                            3.3781                        
100                           3.3851                        
101                           3.4066                        
102                           3.4318                        
103                           3.4705                        
104                           3.5164                        
105                           3.5616                        
106                           3.6178                        
107                           3.6773                        
108                           3.7217                        
109                           3.7573                        
110                           3.79                          
111                           3.8228                        
112                           3.8428                        
113                           3.8649                        
114                           3.8869                        
115                           3.9004                        
116                           3.9003                        
117                           3.8969                        
118                           3.907                         
119                           3.9171                        
120                           3.9114                        
121                           3.9008                        
122                           3.8924                        
123                           3.9135                        
124                           3.944                         
125                           3.9359                        
126                           3.8755                        
127                           3.6463                        
128                           3.4931                        
129                           3.4114                        
130                           3.2477                        
131                           3.1642                        
132                           3.0889                        
133                           3.0302                        
134                           3.0292                        
135                           3.0282                        
136                           3.0231                        
137                           2.9894                        
138                           2.8427                        
139                           2.6478                        
140                           2.4562                        
141                           2.2678                        
142                           2.0808                        
143                           1.8956                        
144                           1.807                         
145                           1.7484                        
146                           1.6899                        
147                           1.6234                        
148                           1.6107                        
149                           1.6107                        
150                           1.6166                        
151                           1.6015                        
152                           1.5461                        
153                           1.4908                        
154                           1.4354                        
155                           1.4124                        
156                           1.3905                        
157                           1.4311                        
158                           1.5166                        
159                           1.6022                        
160                           1.6848                        
161                           1.7624                        
162                           1.84                          
163                           1.9172                        
164                           1.9881                        
165                           2.0563                        
166                           2.1247                        
167                           2.1936                        
168                           2.2669                        
169                           2.3401                        
170                           2.4                           
171                           0                             
172                           0                             
173                           2.4072                        
