160                           220.57                        
35                            220.57                        
34                            215.41                        
33                            215.31                        
32                            218.74                        
31                            222.12                        
30                            225.29                        
29                            228.39                        
28                            227.86                        
27                            227.22                        
26                            226.45                        
25                            225.61                        
24                            224.63                        
23                            223.6                         
22                            222.41                        
21                            221.08                        
20                            219.64                        
19                            218.29                        
18                            216.86                        
17                            215.44                        
16                            213.98                        
15                            210.2                         
14                            203.01                        
13                            203.48                        
12                            215.28                        
11                            214.9                         
10                            153.39                        
9                             134.69                        
8                             105.36                        
7                             66.376                        
6                             56.812                        
5                             49.007                        
4                             42.431                        
3                             36.496                        
2                             30.682                        
1                             24.565                        
0                             18.475                        
