15                            
0                             4.1789                        
1                             4.1789                        
2                             4.1789                        
3                             4.1789                        
4                             4.1789                        
5                             4.1789                        
6                             4.1789                        
7                             4.1789                        
8                             4.1789                        
9                             4.1789                        
10                            4.1789                        
11                            4.1789                        
12                            4.1789                        
13                            4.1789                        
14                            4.1789                        
15                            4.1789                        
16                            4.1789                        
17                            4.1789                        
18                            4.1789                        
19                            4.1789                        
20                            4.1789                        
21                            4.1789                        
22                            4.1789                        
23                            4.1789                        
24                            4.1789                        
25                            4.1789                        
26                            4.1789                        
27                            4.1789                        
28                            4.1789                        
29                            4.1789                        
30                            4.1789                        
31                            4.1789                        
32                            4.1789                        
33                            4.1789                        
34                            4.1789                        
35                            4.1789                        
36                            4.1789                        
37                            4.1789                        
38                            4.1789                        
39                            4.1789                        
40                            4.1789                        
41                            4.1789                        
42                            4.1789                        
43                            4.1789                        
44                            4.1789                        
45                            4.1789                        
46                            4.1789                        
47                            4.1789                        
48                            4.1789                        
49                            4.1789                        
50                            4.1789                        
51                            4.1789                        
52                            4.1789                        
53                            4.1789                        
54                            4.1789                        
55                            4.1789                        
56                            4.1789                        
57                            4.1789                        
58                            4.1789                        
59                            4.1789                        
60                            4.1789                        
61                            4.1789                        
62                            4.1139                        
63                            4.0483                        
64                            3.9827                        
65                            3.9382                        
66                            3.8938                        
67                            3.8494                        
68                            3.8059                        
69                            3.7625                        
70                            3.7192                        
71                            3.6881                        
72                            3.6571                        
73                            3.626                         
74                            3.5857                        
75                            3.5454                        
76                            3.5064                        
77                            3.4621                        
78                            3.4177                        
79                            3.3733                        
80                            3.3263                        
81                            3.2792                        
82                            3.2336                        
83                            3.2364                        
84                            3.2391                        
85                            3.2439                        
86                            3.3086                        
87                            3.3734                        
88                            3.437                         
89                            3.4764                        
90                            3.5158                        
91                            3.5454                        
92                            3.5321                        
93                            3.5187                        
94                            3.4986                        
95                            3.4677                        
96                            3.4368                        
97                            3.4059                        
98                            3.3943                        
99                            3.3879                        
100                           3.3897                        
101                           3.4061                        
102                           3.4249                        
103                           3.453                         
104                           3.4896                        
105                           3.5256                        
106                           3.5743                        
107                           3.6269                        
108                           3.6695                        
109                           3.7056                        
110                           3.7385                        
111                           3.7714                        
112                           3.7974                        
113                           3.8271                        
114                           3.8568                        
115                           3.8766                        
116                           3.8808                        
117                           3.8844                        
118                           3.9035                        
119                           3.9226                        
120                           3.9236                        
121                           3.9165                        
122                           3.9109                        
123                           3.9346                        
124                           3.9688                        
125                           3.9743                        
126                           3.9335                        
127                           3.7803                        
128                           3.6776                        
129                           3.6226                        
130                           3.4346                        
131                           3.339                         
132                           3.2529                        
133                           3.1859                        
134                           3.1853                        
135                           3.1848                        
136                           3.1796                        
137                           3.1414                        
138                           2.973                         
139                           2.7489                        
140                           2.527                         
141                           2.3073                        
142                           2.0893                        
143                           1.8731                        
144                           1.7685                        
145                           1.6984                        
146                           1.6284                        
147                           1.5531                        
148                           1.5406                        
149                           1.5427                        
150                           1.5516                        
151                           1.5362                        
152                           1.4724                        
153                           1.4086                        
154                           1.3448                        
155                           1.3183                        
156                           1.2929                        
157                           1.3356                        
158                           1.4301                        
159                           1.5246                        
160                           1.6158                        
161                           1.7011                        
162                           1.7865                        
163                           1.8714                        
164                           1.9518                        
165                           2.0304                        
166                           2.1093                        
167                           2.1887                        
168                           2.2709                        
169                           2.3532                        
170                           2.4199                        
171                           0                             
172                           0                             
173                           2.4279                        
