160                           82.192                        
35                            82.192                        
34                            81.868                        
33                            81.918                        
32                            82.095                        
31                            82.322                        
30                            82.568                        
29                            82.816                        
28                            83.061                        
27                            83.298                        
26                            83.528                        
25                            83.745                        
24                            83.947                        
23                            84.133                        
22                            84.304                        
21                            84.475                        
20                            84.632                        
19                            84.771                        
18                            84.895                        
17                            85.002                        
16                            85.091                        
15                            78.576                        
14                            71.41                         
13                            64.554                        
12                            57.195                        
11                            54.845                        
10                            41.344                        
9                             40.106                        
8                             37.829                        
7                             23.287                        
6                             20.79                         
5                             20.755                        
4                             20.669                        
3                             20.553                        
2                             20.411                        
1                             20.245                        
0                             20.056                        
