160                           72.047                        
35                            72.047                        
34                            71.702                        
33                            71.72                         
32                            71.867                        
31                            72.083                        
30                            72.341                        
29                            72.627                        
28                            72.934                        
27                            73.253                        
26                            73.607                        
25                            73.976                        
24                            74.359                        
23                            74.755                        
22                            75.162                        
21                            75.581                        
20                            76.011                        
19                            76.441                        
18                            76.859                        
17                            77.329                        
16                            77.812                        
15                            74.191                        
14                            56.356                        
13                            51.091                        
12                            50.028                        
11                            48.539                        
10                            48.504                        
9                             49.219                        
8                             45.521                        
7                             26.101                        
6                             24.442                        
5                             23.885                        
4                             23.211                        
3                             22.477                        
2                             21.727                        
1                             20.987                        
0                             20.258                        
