11                            
0                             3.9059                        
1                             3.9059                        
2                             3.9059                        
3                             3.9059                        
4                             3.9059                        
5                             3.9059                        
6                             3.9059                        
7                             3.9059                        
8                             3.9059                        
9                             3.9059                        
10                            3.9059                        
11                            3.9059                        
12                            3.9059                        
13                            3.9059                        
14                            3.9059                        
15                            3.9059                        
16                            3.9059                        
17                            3.9059                        
18                            3.9059                        
19                            3.9059                        
20                            3.9059                        
21                            3.9059                        
22                            3.9059                        
23                            3.9059                        
24                            3.9059                        
25                            3.9059                        
26                            3.9059                        
27                            3.9059                        
28                            3.9059                        
29                            3.9059                        
30                            3.9059                        
31                            3.9059                        
32                            3.9059                        
33                            3.9059                        
34                            3.9059                        
35                            3.9059                        
36                            3.9059                        
37                            3.9059                        
38                            3.9059                        
39                            3.9059                        
40                            3.9059                        
41                            3.9059                        
42                            3.9059                        
43                            3.9059                        
44                            3.9059                        
45                            3.9059                        
46                            3.9059                        
47                            3.9059                        
48                            3.9059                        
49                            3.9059                        
50                            3.9059                        
51                            3.9059                        
52                            3.9059                        
53                            3.9059                        
54                            3.9059                        
55                            3.9059                        
56                            3.9059                        
57                            3.9059                        
58                            3.9059                        
59                            3.9059                        
60                            3.9059                        
61                            3.9059                        
62                            3.8581                        
63                            3.8099                        
64                            3.7617                        
65                            3.729                         
66                            3.6964                        
67                            3.6637                        
68                            3.6318                        
69                            3.5999                        
70                            3.5681                        
71                            3.5453                        
72                            3.5225                        
73                            3.4996                        
74                            3.47                          
75                            3.4404                        
76                            3.4136                        
77                            3.3828                        
78                            3.352                         
79                            3.3212                        
80                            3.2885                        
81                            3.2557                        
82                            3.224                         
83                            3.2278                        
84                            3.2317                        
85                            3.237                         
86                            3.2864                        
87                            3.3358                        
88                            3.3844                        
89                            3.4151                        
90                            3.4459                        
91                            3.4695                        
92                            3.4615                        
93                            3.4535                        
94                            3.4405                        
95                            3.4196                        
96                            3.3987                        
97                            3.3778                        
98                            3.3712                        
99                            3.3683                        
100                           3.3804                        
101                           3.4071                        
102                           3.4388                        
103                           3.4879                        
104                           3.5433                        
105                           3.5977                        
106                           3.6613                        
107                           3.7277                        
108                           3.774                         
109                           3.809                         
110                           3.8416                        
111                           3.8742                        
112                           3.8883                        
113                           3.9027                        
114                           3.9171                        
115                           3.9242                        
116                           3.9198                        
117                           3.9094                        
118                           3.9105                        
119                           3.9115                        
120                           3.8993                        
121                           3.885                         
122                           3.8738                        
123                           3.8923                        
124                           3.9193                        
125                           3.8975                        
126                           3.8175                        
127                           3.5121                        
128                           3.3082                        
129                           3.1997                        
130                           3.0604                        
131                           2.989                         
132                           2.9246                        
133                           2.8743                        
134                           2.8728                        
135                           2.8713                        
136                           2.8663                        
137                           2.8371                        
138                           2.7122                        
139                           2.5464                        
140                           2.3852                        
141                           2.2282                        
142                           2.0724                        
143                           1.918                         
144                           1.8456                        
145                           1.7985                        
146                           1.7515                        
147                           1.6939                        
148                           1.681                         
149                           1.6789                        
150                           1.6817                        
151                           1.6669                        
152                           1.62                          
153                           1.5731                        
154                           1.5262                        
155                           1.5068                        
156                           1.4882                        
157                           1.5267                        
158                           1.6033                        
159                           1.6798                        
160                           1.7539                        
161                           1.8238                        
162                           1.8936                        
163                           1.9631                        
164                           2.0245                        
165                           2.0822                        
166                           2.1402                        
167                           2.1986                        
168                           2.2629                        
169                           2.3271                        
170                           2.3799                        
171                           0                             
172                           0                             
173                           2.3865                        
