12                            
0                             3.9742                        
1                             3.9742                        
2                             3.9742                        
3                             3.9742                        
4                             3.9742                        
5                             3.9742                        
6                             3.9742                        
7                             3.9742                        
8                             3.9742                        
9                             3.9742                        
10                            3.9742                        
11                            3.9742                        
12                            3.9742                        
13                            3.9742                        
14                            3.9742                        
15                            3.9742                        
16                            3.9742                        
17                            3.9742                        
18                            3.9742                        
19                            3.9742                        
20                            3.9742                        
21                            3.9742                        
22                            3.9742                        
23                            3.9742                        
24                            3.9742                        
25                            3.9742                        
26                            3.9742                        
27                            3.9742                        
28                            3.9742                        
29                            3.9742                        
30                            3.9742                        
31                            3.9742                        
32                            3.9742                        
33                            3.9742                        
34                            3.9742                        
35                            3.9742                        
36                            3.9742                        
37                            3.9742                        
38                            3.9742                        
39                            3.9742                        
40                            3.9742                        
41                            3.9742                        
42                            3.9742                        
43                            3.9742                        
44                            3.9742                        
45                            3.9742                        
46                            3.9742                        
47                            3.9742                        
48                            3.9742                        
49                            3.9742                        
50                            3.9742                        
51                            3.9742                        
52                            3.9742                        
53                            3.9742                        
54                            3.9742                        
55                            3.9742                        
56                            3.9742                        
57                            3.9742                        
58                            3.9742                        
59                            3.9742                        
60                            3.9742                        
61                            3.9742                        
62                            3.9221                        
63                            3.8696                        
64                            3.817                         
65                            3.7814                        
66                            3.7458                        
67                            3.7102                        
68                            3.6754                        
69                            3.6406                        
70                            3.6059                        
71                            3.581                         
72                            3.5562                        
73                            3.5312                        
74                            3.4989                        
75                            3.4667                        
76                            3.4368                        
77                            3.4026                        
78                            3.3685                        
79                            3.3343                        
80                            3.2979                        
81                            3.2616                        
82                            3.2264                        
83                            3.23                          
84                            3.2336                        
85                            3.2387                        
86                            3.292                         
87                            3.3452                        
88                            3.3975                        
89                            3.4305                        
90                            3.4634                        
91                            3.4885                        
92                            3.4791                        
93                            3.4698                        
94                            3.4551                        
95                            3.4317                        
96                            3.4083                        
97                            3.3849                        
98                            3.377                         
99                            3.3732                        
100                           3.3827                        
101                           3.4068                        
102                           3.4353                        
103                           3.4792                        
104                           3.5299                        
105                           3.5797                        
106                           3.6395                        
107                           3.7025                        
108                           3.7478                        
109                           3.7831                        
110                           3.8158                        
111                           3.8485                        
112                           3.8655                        
113                           3.8838                        
114                           3.902                         
115                           3.9123                        
116                           3.91                          
117                           3.9032                        
118                           3.9087                        
119                           3.9143                        
120                           3.9054                        
121                           3.8929                        
122                           3.8831                        
123                           3.9029                        
124                           3.9317                        
125                           3.9167                        
126                           3.8465                        
127                           3.5793                        
128                           3.4007                        
129                           3.3056                        
130                           3.1541                        
131                           3.0766                        
132                           3.0068                        
133                           2.9523                        
134                           2.951                         
135                           2.9498                        
136                           2.9447                        
137                           2.9133                        
138                           2.7775                        
139                           2.5971                        
140                           2.4207                        
141                           2.248                         
142                           2.0766                        
143                           1.9068                        
144                           1.8263                        
145                           1.7735                        
146                           1.7207                        
147                           1.6587                        
148                           1.6458                        
149                           1.6448                        
150                           1.6491                        
151                           1.6342                        
152                           1.5831                        
153                           1.5319                        
154                           1.4808                        
155                           1.4596                        
156                           1.4393                        
157                           1.4789                        
158                           1.5599                        
159                           1.641                         
160                           1.7193                        
161                           1.7931                        
162                           1.8668                        
163                           1.9402                        
164                           2.0063                        
165                           2.0693                        
166                           2.1325                        
167                           2.1961                        
168                           2.2649                        
169                           2.3336                        
170                           2.3899                        
171                           0                             
172                           0                             
173                           2.3969                        
