160                           49.251                        
35                            49.251                        
34                            49.515                        
33                            49.967                        
32                            50.495                        
31                            51.03                         
30                            51.587                        
29                            52.171                        
28                            52.779                        
27                            53.418                        
26                            54.111                        
25                            54.825                        
24                            55.558                        
23                            56.311                        
22                            57.041                        
21                            57.747                        
20                            58.47                         
19                            59.206                        
18                            59.956                        
17                            60.722                        
16                            61.501                        
15                            60.398                        
14                            46.684                        
13                            45.714                        
12                            47.371                        
11                            47.007                        
10                            45.823                        
9                             46.836                        
8                             47.112                        
7                             26.022                        
6                             25.186                        
5                             24.533                        
4                             23.74                         
3                             22.887                        
2                             22                            
1                             21.091                        
0                             20.165                        
