160                           9.6177                        
35                            9.6177                        
34                            16.335                        
33                            23.179                        
32                            30.052                        
31                            37.077                        
30                            38.813                        
29                            45.881                        
28                            52.976                        
27                            60.064                        
26                            67.233                        
25                            74.474                        
24                            76.48                         
23                            78.498                        
22                            80.449                        
21                            82.311                        
20                            84.166                        
19                            86.11                         
18                            87.97                         
17                            89.834                        
16                            91.74                         
15                            93.438                        
14                            89.756                        
13                            91.489                        
12                            98.893                        
11                            99.329                        
10                            98.745                        
9                             106.64                        
8                             89.79                         
7                             51.491                        
6                             37.352                        
5                             34.336                        
4                             33.119                        
3                             28.026                        
2                             27.23                         
1                             23.03                         
0                             19.528                        
