160                           357.72                        
35                            357.72                        
34                            355.32                        
33                            352.93                        
32                            350.46                        
31                            347.86                        
30                            345.11                        
29                            342.18                        
28                            339.08                        
27                            335.8                         
26                            332.38                        
25                            328.83                        
24                            325.12                        
23                            321.29                        
22                            317.34                        
21                            313.26                        
20                            309.07                        
19                            304.78                        
18                            300.46                        
17                            296.09                        
16                            291.62                        
15                            285.63                        
14                            280.44                        
13                            274.41                        
12                            279.21                        
11                            282.99                        
10                            244.68                        
9                             198.44                        
8                             149.06                        
7                             88.875                        
6                             69.316                        
5                             59.584                        
4                             50.778                        
3                             42.613                        
2                             34.92                         
1                             26.754                        
0                             18.468                        
