160                           73.483                        
35                            73.483                        
34                            73.014                        
33                            72.914                        
32                            72.94                         
31                            73.041                        
30                            73.193                        
29                            73.372                        
28                            73.572                        
27                            73.787                        
26                            74.015                        
25                            74.253                        
24                            74.501                        
23                            74.752                        
22                            75.039                        
21                            75.338                        
20                            75.646                        
19                            75.963                        
18                            76.289                        
17                            76.625                        
16                            76.97                         
15                            75.351                        
14                            58.308                        
13                            51.714                        
12                            50.383                        
11                            48.799                        
10                            47.514                        
9                             48.051                        
8                             43.801                        
7                             24.737                        
6                             22.853                        
5                             22.535                        
4                             22.131                        
3                             21.691                        
2                             21.228                        
1                             20.748                        
0                             20.254                        
