160                           4.9132                        
26                            4.9132                        
25                            5.5236                        
24                            6.1148                        
23                            6.686                         
22                            7.2357                        
21                            7.7521                        
20                            8.1906                        
19                            8.5932                        
18                            8.9614                        
17                            9.297                         
16                            9.6                           
15                            11.986                        
14                            10.969                        
13                            14.846                        
12                            13.717                        
11                            13.402                        
10                            80.084                        
9                             101.77                        
8                             95.792                        
7                             70.651                        
6                             43.571                        
5                             39.92                         
4                             34.429                        
3                             31.678                        
2                             25.106                        
1                             23.35                         
0                             17.682                        
