160                           81.107                        
35                            81.107                        
34                            80.735                        
33                            80.742                        
32                            80.882                        
31                            81.073                        
30                            81.284                        
29                            81.5                          
28                            81.712                        
27                            81.923                        
26                            82.125                        
25                            82.322                        
24                            82.506                        
23                            82.677                        
22                            82.832                        
21                            82.973                        
20                            83.1                          
19                            83.241                        
18                            83.374                        
17                            83.497                        
16                            83.607                        
15                            78.301                        
14                            70.894                        
13                            63.725                        
12                            57.641                        
11                            55.273                        
10                            43.536                        
9                             42.27                         
8                             39.566                        
7                             24.19                         
6                             21.479                        
5                             21.363                        
4                             21.184                        
3                             20.985                        
2                             20.777                        
1                             20.556                        
0                             20.323                        
