        877.07
       877.091
       877.092
       877.083
       877.068
       877.048
       877.024
       876.996
       876.965
        876.93
       876.892
       876.852
       876.808
       876.762
       876.714
       876.663
       876.609
       876.554
       876.496
       876.436
       876.375
       876.312
       876.247
       876.181
       876.114
       876.047
        875.98
       875.912
       875.846
       875.781
       875.719
       875.659
       875.603
       875.553
       875.508
        875.47
       875.441
       875.423
       875.416
       875.423
       875.446
       875.487
       875.548
       875.632
       875.741
       875.879
       876.047
        876.25
       876.488
       876.765
       877.079
       877.433
       877.825
       878.259
       878.736
       879.258
       879.826
       880.444
       881.111
       881.832
       882.607
       883.438
       884.327
       885.276
       886.285
       887.352
       888.469
       889.584
       890.673
       891.749
       892.819
       893.882
       894.927
       895.943
       896.921
       897.856
       898.747
       899.588
       900.377
       901.116
       901.815
       902.481
        903.12
       903.743
       904.357
       904.971
       905.591
       906.225
       906.879
       907.564
       908.294
       909.114
       910.099
       911.224
       912.463
       913.778
       915.156
        916.62
         918.1
       919.541
       920.984
       922.421
       923.726
       924.943
       926.107
       927.247
       928.388
       929.548
       930.747
       931.999
       933.321
       934.726
       936.199
       937.736
       939.353
       941.059
       942.857
       944.733
       946.641
       948.277
       949.489
       950.335
       950.838
       951.013
       950.891
       950.504
       949.877
        949.04
       948.033
       946.902
       945.677
       944.368
       942.968
       941.474
       939.901
       938.304
       936.728
       935.222
       933.778
       932.396
       931.071
         929.8
       928.573
       927.379
       926.205
       925.031
       923.855
       922.667
       921.454
       920.196
       918.873
       917.463
       915.942
       914.287
       912.557
       910.792
       908.965
       907.055
       905.047
       902.936
       900.801
       898.782
       896.879
       895.091
       893.424
       891.902
        890.59
       889.502
       888.649
       887.973
       887.427
       887.026
       886.779
       886.689
       847.669
        847.67
       847.666
       847.656
        847.64
        847.62
       847.595
       847.567
       847.536
       847.501
       847.464
       847.423
        847.38
       847.334
       847.285
       847.234
       847.181
       847.125
       847.068
       847.008
       846.946
       846.883
       846.818
       846.752
       846.686
       846.618
       846.551
       846.483
       846.417
       846.352
       846.289
        846.23
       846.174
       846.122
       846.077
        846.04
        846.01
       845.991
       845.984
       845.991
       846.014
       846.054
       846.115
       846.199
       846.308
        846.45
       846.622
       846.829
       847.073
       847.356
       847.676
       848.035
       848.434
       848.873
       849.356
       849.883
       850.457
        851.08
       851.754
       852.481
       853.262
         854.1
       854.996
       855.953
       856.971
       858.052
       859.183
       860.294
       861.389
       862.473
       863.552
       864.623
       865.676
       866.698
       867.683
       868.628
       869.527
       870.375
       871.172
       871.921
       872.628
       873.298
       873.942
        874.57
        875.14
       875.712
        876.29
       876.881
       877.492
       878.133
       878.814
       879.606
       880.556
       881.639
       882.838
       884.108
       885.444
       886.872
       888.303
       889.702
       891.109
       892.498
       893.762
       894.939
       896.063
       897.162
        898.26
       899.378
       900.563
       901.801
       903.112
       904.561
       906.073
       907.653
       909.326
       911.093
       912.958
       914.931
       916.926
       918.552
         919.8
       920.694
        921.25
       921.506
       921.465
       921.163
        920.64
       919.907
       919.005
       917.962
       916.828
       915.609
         914.3
       912.897
       911.416
       909.915
       908.438
        907.02
       905.631
       904.303
       903.028
       901.775
       900.567
       899.384
       898.195
       897.006
       895.803
       894.536
       893.242
       891.899
       890.469
       888.951
       887.321
       885.552
       883.717
        881.86
       879.988
        878.03
        875.98
       873.852
       871.731
       869.719
       867.817
       866.028
       864.358
       862.838
       861.527
        860.44
       859.593
       858.912
       858.365
       860.003
       859.757
       857.635
       817.939
       817.936
       817.928
       817.917
         817.9
        817.88
       817.855
       817.827
       817.796
       817.761
       817.723
       817.683
        817.64
       817.594
       817.545
       817.494
       817.441
       817.385
       817.328
       817.268
       817.206
       817.143
       817.078
       817.012
       816.945
       816.877
       816.809
       816.742
       816.675
        816.61
       816.546
       816.486
        816.43
       816.378
       816.332
       816.293
       816.263
       816.243
       816.235
       816.241
       816.263
       816.302
       816.362
       816.445
       816.554
         816.7
       816.877
        817.09
       817.341
       817.631
       817.961
       818.328
       818.735
       819.182
       819.673
       820.208
       820.791
       821.423
       822.106
       822.842
       823.634
       824.483
       825.391
       826.361
       827.396
       828.497
       829.639
        830.76
       831.868
       832.967
       834.061
       835.147
       836.213
       837.248
       838.244
       839.202
       840.112
       840.968
       841.775
       842.531
       843.248
       843.923
       844.574
        845.21
       845.742
       846.278
       846.821
       847.376
       847.949
       848.551
       849.198
       849.977
       850.904
       851.958
       853.124
       854.358
       855.659
       857.052
       858.446
       859.808
       861.179
       862.534
       863.772
       864.922
       866.015
        867.08
       868.141
       869.222
       870.395
       871.621
       872.921
       874.411
       875.957
       877.577
       879.307
       881.138
       883.078
       885.143
       887.161
       888.799
       890.069
       890.994
       891.591
       891.915
       891.945
       891.717
       891.292
       890.662
       889.857
       888.902
       887.851
       886.715
       885.495
       884.184
       882.798
       881.394
       880.015
       878.688
       877.358
       876.091
       874.872
       873.644
       872.462
         871.3
       870.103
       868.905
        867.68
       866.338
       864.971
        863.55
       862.018
       860.397
       858.661
       856.784
       854.847
       852.897
        850.98
       848.969
       846.866
       844.733
       842.619
        840.61
       838.706
       836.914
       835.241
       833.722
       832.413
       831.329
       830.482
       829.798
       829.248
       832.932
       832.686
       828.518
       787.936
       787.931
       787.923
        787.91
       787.893
       787.872
       787.847
       787.819
       787.788
       787.753
       787.715
       787.675
       787.632
       787.586
       787.538
       787.487
       787.433
       787.378
        787.32
        787.26
       787.198
       787.135
        787.07
       787.004
       786.936
       786.868
         786.8
       786.732
       786.665
       786.599
       786.535
       786.473
       786.416
       786.363
       786.316
       786.276
       786.244
       786.223
       786.214
       786.218
       786.238
       786.276
       786.334
       786.416
       786.524
       786.673
       786.856
       787.075
       787.334
       787.635
       787.975
       788.352
       788.769
       789.226
       789.726
       790.272
       790.865
       791.508
       792.202
       792.951
       793.756
        794.62
       795.544
       796.532
       797.584
       798.706
       799.866
       801.006
       802.132
       803.252
       804.367
       805.474
       806.557
       807.608
       808.621
       809.593
       810.515
        811.38
       812.198
       812.964
        813.69
       814.371
       815.031
        815.68
       816.177
       816.682
       817.196
        817.72
       818.259
       818.825
       819.452
        820.23
       821.148
       822.185
       823.327
       824.528
       825.798
       827.161
       828.524
       829.851
       831.179
       832.502
       833.741
       834.875
       835.945
       836.981
       838.009
       839.054
       840.217
       841.429
       842.718
       844.243
       845.824
       847.485
       849.274
       851.171
       853.184
       855.332
       857.351
       858.992
       860.273
       861.217
       861.841
       862.223
       862.315
       862.154
       861.819
       861.285
       860.573
       859.701
       858.731
        857.68
       856.548
       855.329
        854.04
       852.735
       851.457
       850.226
       848.959
       847.757
       846.599
       845.403
       844.254
       843.121
       841.926
       840.723
        839.48
       838.071
       836.636
       835.142
       833.513
       831.791
        829.95
       827.966
       825.935
       823.897
       821.935
       819.872
       817.722
       815.581
       813.466
       811.455
       809.546
       807.748
        806.07
       804.554
       803.249
       802.169
       801.322
       800.632
       800.077
       805.813
       805.565
       799.341
       757.704
       757.699
        757.69
       757.677
       757.659
       757.638
       757.613
       757.585
       757.554
       757.519
       757.482
       757.441
       757.398
       757.352
       757.304
       757.253
         757.2
       757.145
       757.087
       757.027
       756.965
       756.901
       756.836
        756.77
       756.702
       756.634
       756.565
       756.496
       756.428
       756.361
       756.296
       756.233
       756.174
        756.12
       756.071
        756.03
       755.996
       755.973
       755.961
       755.963
       755.981
       756.017
       756.074
       756.154
        756.26
       756.414
       756.601
       756.826
       757.095
       757.406
       757.757
       758.147
       758.574
       759.042
       759.554
       760.111
       760.716
       761.371
       762.079
       762.843
       763.663
       764.544
       765.486
       766.493
       767.567
        768.71
       769.893
       771.056
       772.207
       773.351
       774.491
       775.621
       776.726
       777.797
       778.827
       779.817
       780.753
       781.629
       782.457
       783.234
       783.971
       784.659
       785.331
       785.994
       786.461
        786.94
       787.428
       787.926
       788.438
       788.973
       789.601
       790.381
       791.295
       792.324
       793.444
       794.616
       795.861
       797.199
       798.536
       799.835
       801.128
       802.441
        803.67
       804.789
       805.838
       806.849
       807.846
       808.857
       810.011
       811.209
       812.485
       814.043
       815.659
       817.361
       819.211
       821.177
       823.265
       825.484
       827.483
       829.115
       830.397
       831.349
       831.989
       832.419
       832.566
       832.464
       832.212
       831.766
       831.144
       830.353
       829.465
         828.5
       827.456
       826.329
       825.139
       823.939
       822.768
       821.633
       820.432
       819.299
       818.208
       817.049
        815.94
       814.843
       813.653
       812.452
         811.2
       809.728
       808.232
        806.67
       804.949
       803.128
       801.174
       799.098
       796.978
       794.854
       792.847
       790.729
       788.527
       786.383
       784.268
       782.252
       780.336
       778.532
       776.846
       775.334
       774.034
       772.965
       772.121
       771.413
       770.848
       778.642
       778.392
       770.103
       727.284
       727.279
        727.27
       727.256
       727.239
       727.217
       727.193
       727.164
       727.133
       727.099
       727.061
       727.021
       726.978
       726.933
       726.884
       726.834
       726.781
       726.725
       726.667
       726.608
       726.546
       726.482
       726.416
       726.349
       726.281
       726.212
       726.143
       726.073
       726.004
       725.936
        725.87
       725.806
       725.745
       725.689
       725.639
       725.595
       725.559
       725.533
       725.519
       725.518
       725.533
       725.567
       725.621
       725.699
       725.804
        725.96
       726.152
       726.385
       726.662
       726.984
       727.348
       727.749
       728.189
       728.669
       729.192
       729.761
       730.379
       731.048
       731.771
        732.55
       733.388
       734.286
       735.248
       736.276
       737.373
        738.54
       739.748
       740.937
       742.115
       743.288
       744.456
       745.611
        746.74
       747.833
       748.881
       749.889
        750.84
       751.728
        752.57
       753.358
       754.106
       754.803
       755.489
        756.17
       756.609
       757.064
       757.532
       758.008
       758.498
       759.015
       759.651
       760.436
       761.347
       762.366
        763.47
       764.624
       765.851
        767.17
       768.487
       769.765
       771.039
       772.338
       773.554
       774.658
       775.687
       776.673
       777.641
       778.618
       779.762
       780.947
       782.208
       783.797
       785.448
       787.192
       789.105
       791.148
       793.332
         795.6
       797.545
       799.153
       800.425
       801.375
       802.024
       802.494
       802.689
       802.642
       802.469
       802.107
       801.572
       800.858
       800.052
       799.172
       798.216
       797.183
       796.092
       795.001
       793.937
       792.905
       791.774
       790.716
       789.697
       788.581
       787.518
       786.461
       785.282
        784.09
       782.834
       781.305
       779.753
       778.129
       776.321
       774.409
        772.36
        770.19
       767.975
       765.763
        763.71
       761.536
       759.282
       757.132
       755.019
           753
       751.076
       749.264
       747.572
       746.059
       744.763
         743.7
       742.848
       742.129
       741.556
       751.418
       751.165
       740.801
       696.714
       696.709
         696.7
       696.686
       696.669
       696.647
       696.623
       696.594
       696.563
       696.529
       696.492
       696.452
       696.409
       696.364
       696.316
       696.266
       696.213
       696.157
         696.1
        696.04
       695.978
       695.914
       695.848
       695.781
       695.712
       695.643
       695.573
       695.502
       695.432
       695.363
       695.295
       695.229
       695.167
       695.109
       695.056
       695.009
       694.971
       694.942
       694.925
       694.921
       694.933
       694.963
       695.014
        695.09
       695.193
       695.353
       695.549
       695.788
       696.074
       696.408
       696.783
       697.197
       697.648
        698.14
       698.676
       699.258
       699.889
       700.572
        701.31
       702.106
       702.961
       703.878
       704.861
        705.91
        707.03
       708.221
       709.455
       710.673
       711.881
       713.084
       714.282
       715.465
       716.619
       717.734
       718.802
       719.829
       720.795
       721.696
       722.551
       723.351
       724.113
        724.82
       725.521
       726.222
       726.636
        727.07
       727.519
       727.977
       728.449
       728.959
       729.608
       730.401
       731.311
       732.323
       733.417
       734.559
       735.774
        737.08
       738.378
        739.64
       740.898
       742.184
       743.388
       744.476
       745.486
       746.447
       747.385
       748.328
       749.464
       750.637
        751.88
       753.496
        755.18
       756.966
       758.942
       761.061
       763.345
       765.588
       767.502
       769.087
       770.344
       771.287
       771.939
       772.445
       772.683
       772.688
       772.588
       772.306
       771.856
       771.218
       770.492
       769.697
       768.829
       767.891
       766.901
       765.916
       764.965
       764.041
       762.985
       762.008
       761.065
       759.998
       758.986
       757.974
       756.809
       755.635
        754.38
         752.8
       751.197
       749.516
       747.626
       745.627
       743.488
        741.23
        738.92
       736.619
       734.519
       732.286
       729.983
       727.832
       725.721
       723.697
       721.763
       719.939
       718.238
       716.726
       715.429
       714.365
       713.507
        712.78
       712.198
       724.139
       723.882
       711.433
        666.03
       666.025
       666.016
       666.002
       665.985
       665.964
       665.939
       665.911
        665.88
       665.846
       665.809
        665.77
       665.727
       665.682
       665.635
       665.585
       665.532
       665.477
       665.419
       665.359
       665.297
       665.233
       665.168
         665.1
       665.031
       664.961
        664.89
       664.819
       664.748
       664.677
       664.608
        664.54
       664.476
       664.415
        664.36
       664.311
       664.269
       664.237
       664.216
       664.209
       664.217
       664.244
       664.292
       664.364
       664.464
       664.627
       664.828
       665.073
       665.368
       665.712
         666.1
       666.525
       666.989
       667.492
        668.04
       668.635
       669.279
       669.976
        670.73
       671.541
       672.414
       673.351
       674.353
       675.424
       676.566
        677.78
       679.038
       680.289
       681.529
       682.762
        683.99
       685.201
       686.381
       687.518
       688.607
       689.654
       690.636
       691.549
       692.418
       693.231
       694.006
       694.725
       695.442
       696.165
       696.556
       696.972
       697.404
       697.845
       698.297
       698.816
       699.483
       700.285
       701.197
       702.206
       703.293
       704.429
        705.64
       706.938
       708.212
       709.459
       710.704
       711.978
       713.169
       714.241
       715.231
       716.168
       717.075
       717.984
        719.11
        720.27
       721.486
       723.132
       724.849
       726.675
       728.709
       730.894
       733.244
       735.461
       737.347
       738.907
       740.147
       741.079
        741.73
       742.268
       742.545
       742.598
       742.569
       742.367
       742.002
       741.437
       740.788
       740.075
       739.297
       738.454
       737.566
        736.69
       735.854
       735.042
       734.067
       733.174
       732.312
       731.297
        730.34
       729.379
       728.233
       727.082
       725.835
       724.208
       722.559
       720.825
       718.857
       716.775
       714.544
       712.206
       709.806
       707.419
       705.272
       702.977
       700.638
       698.487
       696.374
       694.341
       692.395
       690.554
       688.847
       687.334
       686.034
       684.965
       684.099
       683.362
       682.773
         696.8
        696.54
       681.995
       635.267
       635.262
       635.253
       635.239
       635.222
       635.201
       635.176
       635.149
       635.118
       635.085
       635.048
       635.009
       634.967
       634.922
       634.875
       634.825
       634.773
       634.718
       634.661
       634.601
       634.539
       634.475
       634.409
       634.342
       634.272
       634.202
        634.13
       634.058
       633.986
       633.914
       633.843
       633.774
       633.707
       633.644
       633.586
       633.534
       633.489
       633.454
       633.429
       633.418
       633.422
       633.445
       633.489
       633.557
       633.655
        633.82
       634.024
       634.275
       634.578
       634.933
       635.332
       635.769
       636.244
       636.759
       637.318
       637.925
       638.582
       639.293
       640.061
       640.888
       641.778
       642.733
       643.755
       644.847
       646.009
       647.242
       648.527
       649.812
       651.082
       652.346
       653.603
       654.842
       656.047
       657.208
       658.316
       659.382
       660.379
       661.305
       662.187
       663.014
       663.802
       664.534
       665.268
       666.015
       666.383
       666.783
       667.201
       667.628
        668.07
       668.604
       669.286
       670.097
       671.013
       672.025
       673.106
       674.241
       675.461
       676.742
       677.992
       679.223
       680.457
       681.719
       682.896
       683.953
       684.922
       685.833
       686.709
       687.582
       688.696
       689.837
       691.026
         692.7
       694.449
       696.314
       698.407
       700.655
       703.047
       705.226
       707.078
       708.611
        709.83
       710.748
       711.394
        711.96
       712.274
       712.372
       712.415
       712.292
        712.01
       711.519
       710.945
       710.312
       709.622
       708.875
        708.09
       707.326
       706.608
       705.912
        705.02
       704.214
       703.437
       702.479
       701.581
       700.674
       699.555
        698.43
       697.196
       695.527
       693.836
       692.053
       690.009
       687.847
       685.529
       683.115
       680.628
       678.157
       675.968
       673.619
       671.243
       669.089
       666.974
       664.934
       662.974
        661.12
       659.404
       657.884
       656.578
       655.502
       654.624
       653.876
       653.275
       669.401
       669.136
       652.484
       604.457
       604.452
       604.443
        604.43
       604.413
       604.392
       604.368
       604.341
        604.31
       604.277
       604.241
       604.203
       604.161
       604.117
        604.07
       604.021
       603.969
       603.915
       603.858
       603.799
       603.737
       603.673
       603.607
       603.539
        603.47
       603.399
       603.327
       603.254
       603.181
       603.107
       603.035
       602.964
       602.896
        602.83
       602.769
       602.714
       602.666
       602.627
       602.598
       602.583
       602.583
       602.601
       602.641
       602.706
         602.8
       602.967
       603.174
        603.43
        603.74
       604.105
       604.515
       604.963
       605.448
       605.973
       606.543
       607.161
        607.83
       608.553
       609.335
       610.177
       611.083
       612.055
       613.096
       614.209
       615.393
       616.649
       617.957
       619.268
       620.568
       621.861
       623.147
        624.41
       625.638
       626.821
       627.948
       629.031
       630.043
        630.98
       631.876
       632.716
       633.518
       634.262
       635.014
       635.785
       636.133
       636.518
       636.923
       637.339
       637.777
        638.33
       639.028
       639.849
       640.769
       641.785
       642.859
        643.99
       645.206
       646.476
       647.715
       648.934
       650.157
       651.409
       652.572
       653.612
        654.56
       655.444
       656.286
       657.121
       658.221
        659.34
       660.498
       662.199
       663.979
       665.884
       668.041
       670.381
        672.76
       674.883
       676.695
       678.197
       679.392
       680.293
       680.932
       681.522
       681.869
       682.012
       682.123
       682.075
       681.875
       681.458
        680.96
       680.406
       679.806
       679.156
       678.476
       677.827
       677.231
       676.652
       675.843
       675.127
        674.44
       673.541
       672.707
        671.86
       670.771
       669.677
       668.461
       666.752
       665.023
       663.195
       661.079
        658.84
       656.443
       653.954
       651.382
        648.83
         646.6
         644.2
       641.788
       639.637
       637.521
       635.472
       633.499
       631.631
       629.904
       628.375
       627.061
        625.98
       625.082
       624.317
       623.703
       641.938
       641.667
       622.894
       573.634
       573.629
        573.62
       573.607
        573.59
        573.57
       573.546
       573.519
        573.49
       573.457
       573.422
       573.383
       573.343
       573.299
       573.253
       573.204
       573.153
       573.099
       573.043
       572.984
       572.923
        572.86
       572.794
       572.726
       572.657
       572.586
       572.513
        572.44
       572.365
       572.291
       572.217
       572.145
       572.074
       572.007
       571.943
       571.885
       571.833
       571.791
       571.758
       571.738
       571.734
       571.748
       571.783
       571.843
       571.934
       572.101
       572.311
       572.571
       572.889
       573.262
       573.682
        574.14
       574.634
       575.169
       575.748
       576.376
       577.055
        577.79
       578.583
       579.438
       580.358
       581.347
       582.405
       583.537
       584.743
       586.019
       587.348
       588.683
       590.008
       591.328
       592.639
       593.925
       595.175
       596.377
       597.521
        598.62
       599.645
       600.594
       601.503
       602.353
       603.169
       603.926
       604.696
       605.493
        605.82
        606.19
       606.582
       606.987
       607.431
       608.005
       608.718
       609.549
       610.473
       611.489
       612.559
       613.686
       614.896
       616.157
       617.387
       618.598
       619.811
       621.051
         622.2
       623.222
       624.147
       625.002
        625.81
       626.606
       627.692
        628.78
       629.903
       631.628
       633.436
       635.375
       637.587
       639.989
       642.335
       644.418
       646.193
       647.662
       648.831
       649.714
       650.342
       650.954
        651.33
       651.514
       651.694
       651.719
       651.598
       651.252
       650.831
        650.36
        649.85
         649.3
       648.728
       648.194
       647.723
        647.26
       646.538
       645.915
        645.32
       644.484
       643.716
       642.933
       641.876
       640.817
       639.623
       637.879
       636.116
       634.246
        632.06
       629.739
       627.265
       624.716
       622.065
       619.434
        617.16
       614.718
       612.279
       610.132
       608.013
       605.954
       603.966
       602.081
       600.343
       598.803
       597.478
       596.389
       595.466
       594.681
        594.05
       614.406
       614.129
       593.219
       542.829
       542.825
       542.816
       542.803
       542.786
       542.766
       542.743
       542.717
       542.688
       542.656
       542.621
       542.584
       542.544
       542.501
       542.456
       542.408
       542.358
       542.305
       542.249
       542.191
        542.13
       542.068
       542.002
       541.935
       541.866
       541.794
       541.722
       541.648
       541.573
       541.498
       541.423
       541.349
       541.277
       541.207
       541.141
        541.08
       541.025
       540.979
       540.942
       540.918
       540.909
       540.918
       540.949
       541.004
       541.091
       541.259
       541.471
       541.734
       542.058
       542.439
       542.868
       543.334
       543.836
       544.379
       544.966
       545.602
        546.29
       547.033
       547.837
       548.703
       549.635
       550.637
       551.711
        552.86
       554.084
       555.378
       556.725
        558.08
       559.426
       560.769
       562.103
       563.411
       564.679
       565.898
       567.057
        568.17
       569.206
       570.164
       571.083
       571.945
       572.773
       573.542
        574.33
       575.152
       575.459
       575.812
       576.191
       576.586
       577.045
       577.642
       578.372
        579.21
       580.136
       581.152
       582.219
       583.341
       584.548
       585.797
       587.018
        588.22
       589.423
        590.65
       591.785
       592.788
       593.688
       594.512
       595.283
       596.035
       597.101
       598.154
        599.24
       600.986
       602.819
       604.788
       607.046
       609.495
       611.794
       613.836
       615.571
       617.006
       618.147
       619.009
       619.624
       620.256
        620.66
       620.883
        621.13
       621.228
       621.182
       620.907
       620.562
       620.175
       619.758
       619.308
       618.847
       618.431
       618.081
       617.737
       617.105
       616.578
       616.076
       615.305
       614.607
       613.889
       612.866
       611.843
       610.678
       608.905
       607.112
       605.204
       602.952
       600.557
       598.021
       595.405
       592.675
       589.969
       587.659
       585.181
       582.713
       580.571
       578.448
       576.379
       574.376
       572.471
       570.722
       569.167
       567.826
       566.718
       565.771
       564.962
        564.31
       586.801
       586.515
       563.451
       512.076
       512.071
       512.063
        512.05
       512.034
       512.014
       511.991
       511.966
       511.938
       511.906
       511.873
       511.836
       511.797
       511.755
       511.711
       511.664
       511.615
       511.563
       511.508
       511.451
       511.391
       511.329
       511.265
       511.198
       511.129
       511.058
       510.986
       510.912
       510.837
       510.761
       510.686
        510.61
       510.537
       510.465
       510.397
       510.333
       510.275
       510.225
       510.185
       510.157
       510.143
       510.148
       510.173
       510.224
       510.305
       510.474
       510.687
       510.953
       511.282
        511.67
       512.106
       512.579
       513.088
       513.637
       514.231
       514.872
       515.566
       516.317
       517.128
       518.002
       518.944
       519.957
       521.042
       522.204
       523.445
       524.752
       526.112
       527.483
       528.849
       530.212
       531.563
       532.887
       534.172
       535.404
       536.574
       537.698
       538.742
       539.707
       540.636
       541.506
       542.345
       543.125
        543.93
       544.777
       545.063
       545.402
       545.769
       546.161
        546.64
       547.257
       547.999
       548.842
       549.772
       550.786
        551.85
       552.968
       554.168
       555.403
       556.617
       557.809
       559.001
       560.215
       561.333
       562.314
       563.188
       563.979
       564.709
       565.415
       566.457
       567.467
       568.512
       570.276
        572.13
       574.129
       576.432
       578.906
       581.144
       583.138
        584.83
       586.228
        587.34
       588.179
        588.78
        589.43
        589.86
       590.119
       590.431
       590.602
       590.634
       590.427
       590.158
       589.854
       589.529
        589.18
       588.832
       588.532
       588.304
       588.084
       587.543
       587.112
       586.706
       586.002
       585.376
       584.725
       583.738
       582.757
       581.626
       579.826
       578.006
       576.065
       573.752
       571.293
       568.697
       566.015
       563.209
        560.43
       558.088
        555.58
       553.084
       550.947
       548.824
       546.745
       544.726
       542.804
       541.038
       539.466
       538.105
       536.971
       535.993
       535.153
       534.474
       559.117
        558.82
       533.578
       481.406
       481.401
       481.393
        481.38
       481.365
       481.346
       481.324
       481.299
       481.271
       481.241
       481.208
       481.173
       481.135
       481.094
       481.051
       481.005
       480.957
       480.906
       480.853
       480.797
       480.739
       480.678
       480.614
       480.548
        480.48
        480.41
       480.338
       480.265
        480.19
       480.114
       480.038
       479.962
       479.887
       479.814
       479.744
       479.678
       479.618
       479.565
       479.521
       479.489
       479.471
        479.47
       479.491
       479.536
       479.613
       479.781
       479.995
       480.263
       480.596
       480.989
       481.431
        481.91
       482.424
       482.977
       483.574
        484.22
       484.918
       485.672
       486.488
       487.367
       488.315
       489.335
       490.429
       491.601
       492.851
       494.166
       495.534
       496.917
       498.298
       499.677
       501.042
       502.379
       503.674
       504.915
       506.092
       507.224
       508.273
       509.243
       510.178
       511.055
       511.904
       512.693
       513.514
       514.384
       514.649
       514.972
       515.328
       515.724
       516.224
       516.859
       517.613
       518.461
       519.393
       520.406
       521.465
       522.577
       523.764
       524.988
       526.194
       527.376
       528.554
       529.751
       530.851
       531.809
       532.654
       533.408
       534.094
       534.752
       535.758
       536.719
       537.718
       539.495
       541.369
       543.402
       545.781
       548.224
       550.384
       552.322
       553.968
       555.328
       556.408
       557.223
       557.809
       558.476
        558.93
       559.223
       559.599
       559.843
       559.953
       559.815
       559.622
         559.4
       559.165
       558.915
       558.677
       558.493
       558.391
       558.297
       557.846
       557.514
       557.206
       556.572
       556.019
       555.438
       554.493
       553.557
        552.46
       550.636
       548.792
       546.821
       544.452
        541.93
       539.282
       536.539
        533.66
       530.811
       528.442
       525.905
       523.387
       521.258
       519.139
       517.052
       515.015
       513.073
       511.292
         509.7
       508.316
       507.153
       506.128
       505.246
       504.532
       531.344
       531.035
       503.586
       450.853
       450.848
        450.84
       450.828
       450.812
       450.794
       450.773
       450.749
       450.722
       450.693
       450.661
       450.627
       450.591
       450.551
        450.51
       450.465
       450.419
       450.369
       450.318
       450.263
       450.206
       450.147
       450.084
        450.02
       449.953
       449.884
       449.813
        449.74
       449.666
       449.591
       449.515
       449.439
       449.363
       449.289
       449.218
        449.15
       449.088
       449.032
       448.985
       448.949
       448.927
       448.922
       448.937
       448.978
       449.049
       449.217
        449.43
       449.699
       450.035
       450.432
       450.879
       451.362
       451.879
       452.434
       453.033
        453.68
       454.378
       455.134
       455.951
       456.832
       457.782
       458.804
       459.902
       461.079
       462.333
        463.65
       465.018
       466.408
       467.798
       469.187
       470.561
       471.906
       473.208
       474.454
       475.635
       476.769
        477.82
       478.791
       479.729
        480.61
       481.466
       482.261
       483.098
        483.99
       484.232
       484.537
       484.883
       485.287
        485.81
       486.462
       487.226
       488.078
       489.011
       490.021
       491.076
       492.185
       493.364
       494.573
       495.763
       496.929
       498.091
       499.268
       500.346
       501.279
       502.091
       502.806
       503.443
       504.043
       505.004
       505.913
       506.858
       508.641
       510.525
       512.579
       515.002
       517.394
       519.494
        521.38
        522.98
       524.301
       525.349
       526.138
       526.709
       527.393
        527.87
       528.196
       528.634
       528.951
       529.142
       529.076
       528.956
       528.813
       528.664
       528.513
       528.381
       528.315
        528.34
       528.373
       528.014
       527.781
       527.572
       527.009
       526.532
       526.024
       525.123
       524.233
       523.173
       521.327
       519.463
       517.466
       515.044
       512.464
       509.771
       506.971
       504.022
       501.104
        498.72
       496.163
       493.627
       491.514
       489.397
       487.301
       485.242
       483.282
       481.484
       479.869
       478.463
       477.252
       476.168
       475.232
        474.47
       503.473
       503.147
       473.458
       420.451
       420.446
       420.438
       420.426
       420.412
       420.394
       420.374
       420.351
       420.325
       420.297
       420.267
       420.234
       420.199
       420.161
       420.121
       420.078
       420.033
       419.986
       419.936
       419.883
       419.828
        419.77
        419.71
       419.647
       419.582
       419.515
       419.445
       419.374
       419.301
       419.226
       419.151
       419.075
           419
       418.926
       418.854
       418.785
        418.72
       418.662
       418.613
       418.574
       418.548
       418.538
       418.549
       418.585
       418.651
       418.817
        419.03
       419.299
       419.636
       420.037
       420.486
       420.971
       421.489
       422.044
       422.642
       423.287
       423.983
       424.737
        425.55
       426.429
       427.376
       428.396
       429.493
       430.669
       431.921
       433.234
       434.595
       435.983
       437.378
        438.77
       440.147
       441.493
       442.796
       444.041
        445.22
       446.353
       447.402
        448.37
       449.307
       450.188
       451.048
       451.848
       452.697
       453.609
       453.827
       454.114
       454.455
       454.873
       455.417
       456.083
       456.852
       457.707
        458.64
       459.646
       460.696
       461.799
       462.966
       464.157
        465.33
       466.479
       467.621
       468.773
       469.827
       470.732
       471.509
       472.179
       472.762
       473.298
       474.205
       475.053
       475.934
        477.71
       479.592
       481.653
       484.099
       486.428
       488.469
       490.306
       491.861
       493.143
       494.159
       494.922
       495.476
       496.178
       496.679
       497.037
       497.536
       497.924
       498.196
         498.2
       498.156
       498.088
       498.025
        497.97
       497.944
       497.996
       498.149
       498.307
       498.041
       497.908
         497.8
       497.307
       496.906
       496.474
       495.619
       494.776
       493.755
       491.893
       490.011
        487.99
        485.52
       482.891
       480.155
       477.304
       474.293
       471.315
       468.927
       466.357
       463.811
       461.715
       459.603
       457.498
        455.42
        453.44
       451.617
       449.968
       448.518
        447.25
       446.099
       445.096
       444.272
        475.49
       475.143
       443.169
       390.236
       390.231
       390.223
       390.212
       390.198
       390.181
       390.162
        390.14
       390.115
       390.089
        390.06
       390.029
       389.995
       389.959
       389.921
        389.88
       389.837
       389.792
       389.744
       389.694
       389.641
       389.585
       389.527
       389.466
       389.404
       389.338
       389.271
       389.201
        389.13
       389.057
       388.983
       388.908
       388.834
        388.76
       388.688
       388.619
       388.553
       388.494
       388.442
         388.4
       388.371
       388.358
       388.365
       388.395
       388.456
       388.621
       388.831
         389.1
       389.438
        389.84
        390.29
       390.775
       391.291
       391.844
       392.438
       393.078
       393.769
       394.516
       395.323
       396.194
       397.133
       398.146
       399.234
       400.402
       401.644
       402.946
       404.294
       405.673
       407.065
       408.454
       409.826
       411.167
       412.463
       413.703
       414.873
       415.999
        417.04
           418
       418.932
       419.809
       420.669
        421.47
       422.329
       423.257
       423.448
       423.718
       424.059
       424.494
       425.055
       425.733
       426.506
       427.361
       428.293
       429.292
       430.333
       431.428
       432.579
       433.751
       434.906
       436.036
       437.155
       438.278
       439.302
       440.177
       440.915
       441.536
       442.061
       442.522
       443.367
       444.141
       444.946
       446.701
       448.565
       450.628
       453.058
       455.316
         457.3
        459.09
       460.603
       461.847
       462.832
       463.569
       464.104
       464.824
       465.349
        465.74
       466.299
       466.759
       467.106
       467.177
       467.206
       467.217
       467.241
       467.281
       467.361
       467.528
       467.807
       468.093
        467.92
       467.886
       467.877
       467.455
       467.133
       466.776
       465.968
       465.176
       464.199
        462.32
       460.423
       458.382
       455.861
       453.189
       450.426
       447.533
       444.465
       441.436
       439.054
        436.48
       433.932
       431.861
       429.757
       427.645
       425.544
       423.547
       421.693
           420
       418.492
        417.15
       415.916
       414.826
       413.918
       447.378
       447.003
       412.688
       360.245
       360.241
       360.233
       360.222
       360.209
       360.193
       360.174
       360.154
       360.131
       360.106
       360.078
       360.049
       360.017
       359.983
       359.947
       359.909
       359.868
       359.825
       359.779
       359.732
       359.681
       359.628
       359.573
       359.515
       359.455
       359.392
       359.327
        359.26
       359.191
       359.121
       359.049
       358.976
       358.903
       358.831
       358.759
        358.69
       358.625
       358.565
       358.512
       358.468
       358.437
        358.42
       358.423
       358.448
       358.504
       358.667
       358.875
       359.142
       359.479
       359.881
       360.331
       360.813
       361.325
       361.872
        362.46
       363.092
       363.773
        364.51
       365.305
       366.164
        367.09
       368.088
       369.161
       370.314
       371.538
       372.818
       374.147
       375.509
       376.887
       378.262
       379.622
        380.95
       382.234
       383.459
       384.616
       385.729
       386.757
       387.703
       388.625
       389.493
       390.348
       391.146
        392.01
       392.951
       393.112
       393.365
       393.709
       394.164
       394.741
       395.426
       396.199
       397.053
        397.98
       398.969
       400.001
       401.083
       402.214
       403.363
       404.498
       405.609
       406.705
       407.795
       408.782
        409.62
       410.315
       410.883
       411.343
       411.719
       412.493
       413.183
       413.897
        415.61
       417.424
        419.42
         421.8
       424.033
       425.973
       427.722
       429.195
       430.403
       431.356
       432.067
       432.584
       433.321
       433.872
       434.297
       434.916
       435.444
       435.864
       436.002
       436.104
       436.195
       436.306
        436.44
       436.623
       436.904
       437.308
       437.719
       437.638
       437.703
       437.793
       437.442
       437.198
       436.918
       436.158
       435.417
       434.485
       432.594
       430.687
       428.631
       426.068
        423.37
        420.58
       417.649
       414.532
       411.468
         409.1
       406.532
       403.996
       401.956
       399.865
        397.75
       395.629
       393.613
       391.724
       389.977
       388.393
       386.957
       385.615
       384.409
       383.387
       419.113
       418.705
       381.977
       330.518
       330.514
       330.506
       330.496
       330.483
       330.468
       330.451
       330.432
        330.41
       330.387
       330.361
       330.334
       330.304
       330.273
       330.239
       330.203
       330.165
       330.124
       330.082
       330.036
       329.989
       329.939
       329.887
       329.832
       329.775
       329.716
       329.654
        329.59
       329.524
       329.457
       329.388
       329.318
       329.247
       329.177
       329.108
        329.04
       328.976
       328.916
       328.863
       328.818
       328.784
       328.765
       328.764
       328.785
       328.836
       328.996
       329.202
       329.467
       329.801
       330.201
       330.648
       331.126
       331.632
       332.171
       332.748
       333.368
       334.036
       334.757
       335.537
       336.378
       337.285
       338.261
        339.31
       340.435
       341.627
       342.881
       344.184
        345.52
       346.873
       348.226
       349.565
       350.872
       352.134
       353.338
       354.473
       355.567
       356.575
       357.501
       358.406
        359.26
       360.103
       360.892
       361.756
       362.705
       362.836
       363.075
       363.427
         363.9
       364.489
       365.177
       365.947
       366.796
       367.714
        368.69
       369.704
       370.768
       371.874
       372.998
       374.115
       375.209
       376.286
       377.341
       378.274
       379.068
       379.716
       380.229
       380.616
       380.897
       381.592
       382.188
       382.796
       384.451
       386.197
       388.099
       390.401
       392.585
        394.48
       396.189
       397.623
       398.795
       399.717
       400.402
       400.901
       401.655
       402.232
       402.694
       403.377
       403.972
       404.464
       404.667
       404.842
       405.013
       405.211
       405.437
       405.722
       406.115
       406.641
       407.175
       407.184
       407.347
       407.535
       407.254
       407.086
       406.882
        406.17
       405.484
       404.601
       402.701
       400.789
       398.725
       396.129
       393.416
       390.606
       387.648
       384.494
       381.411
       379.071
       376.521
       374.005
       372.003
       369.933
       367.821
       365.688
       363.653
       361.724
       359.912
       358.239
       356.679
       355.197
       353.837
       352.655
       390.669
        390.22
       350.987
       301.096
       301.092
       301.085
       301.075
       301.063
       301.049
       301.033
       301.015
       300.996
       300.974
        300.95
       300.925
       300.898
       300.868
       300.837
       300.804
       300.769
       300.731
       300.692
        300.65
       300.606
        300.56
       300.511
        300.46
       300.407
       300.351
       300.293
       300.233
       300.171
       300.107
       300.042
       299.976
       299.909
       299.841
       299.775
        299.71
       299.647
       299.589
       299.536
       299.491
       299.457
       299.436
       299.432
       299.449
       299.495
       299.652
       299.854
       300.115
       300.447
       300.843
       301.284
       301.755
       302.252
        302.78
       303.344
       303.949
       304.599
       305.299
       306.056
       306.871
       307.749
       308.694
       309.707
       310.793
       311.949
       313.169
       314.437
       315.739
       317.059
        318.38
       319.687
       320.964
       322.196
        323.37
       324.476
       325.542
       326.522
        327.42
       328.301
       329.132
       329.957
       330.729
       331.584
       332.535
       332.634
       332.865
       333.226
       333.714
       334.312
       334.997
        335.76
         336.6
       337.505
       338.462
       339.456
       340.496
       341.572
        342.67
       343.764
       344.839
       345.893
       346.892
       347.774
       348.522
       349.122
       349.575
       349.882
       350.066
       350.673
       351.164
       351.654
       353.232
       354.868
       356.638
       358.812
       360.948
       362.803
       364.475
       365.871
       367.007
       367.897
       368.555
       369.036
       369.809
       370.413
       370.913
       371.662
       372.326
       372.892
        373.16
       373.406
       373.656
       373.938
       374.255
       374.641
       375.147
       375.793
       376.449
       376.545
       376.802
       377.086
        376.87
       376.778
        376.65
       375.988
       375.357
       374.526
       372.624
       370.712
       368.646
       366.028
        363.31
       360.492
       357.518
       354.339
       351.253
       348.955
       346.441
        343.96
       342.009
       339.969
       337.862
       335.722
        333.68
       331.711
       329.825
       328.045
       326.333
       324.668
         323.1
       321.698
        362.01
       361.509
        319.66
       272.023
       272.019
       272.012
       272.003
       271.992
       271.979
       271.965
       271.948
        271.93
        271.91
       271.889
       271.866
       271.841
       271.814
       271.786
       271.756
       271.724
        271.69
       271.654
       271.615
       271.575
       271.533
       271.488
       271.441
       271.392
       271.341
       271.288
       271.232
       271.175
       271.116
       271.055
       270.993
        270.93
       270.867
       270.805
       270.743
       270.684
       270.628
       270.577
       270.533
       270.499
       270.477
        270.47
       270.484
       270.526
        270.68
       270.878
       271.134
        271.46
       271.851
       272.285
       272.745
       273.229
       273.741
       274.285
       274.867
       275.491
       276.164
        276.89
       277.672
       278.515
       279.421
       280.394
       281.436
       282.547
       283.721
       284.945
       286.203
       287.479
       288.757
       290.022
       291.259
       292.451
       293.587
       294.653
       295.682
       296.626
       297.488
       298.336
       299.135
       299.933
       300.678
       301.514
       302.457
       302.528
       302.756
       303.126
       303.627
       304.225
       304.902
       305.653
       306.477
       307.364
       308.294
       309.262
       310.271
       311.316
       312.384
       313.453
       314.502
       315.519
       316.459
        317.29
       317.988
       318.534
       318.922
       319.148
        319.23
       319.744
       320.123
       320.481
        321.95
       323.444
       325.046
       327.045
       329.086
       330.917
       332.556
       333.914
       335.013
        335.87
         336.5
       336.964
       337.756
       338.388
       338.926
       339.742
       340.481
       341.124
        341.46
       341.777
       342.102
       342.466
       342.876
       343.364
       343.981
       344.745
       345.519
       345.696
       346.044
        346.42
       346.268
       346.249
       346.198
       345.585
       345.011
       344.236
       342.337
       340.431
       338.372
       335.746
       333.037
       330.224
       327.247
       324.068
       320.994
       318.756
       316.296
       313.866
       311.983
       309.985
       307.897
       305.773
       303.724
       301.714
       299.747
       297.838
        295.94
       294.044
       292.202
       290.497
       333.089
       332.528
       287.931
       243.345
       243.341
       243.334
       243.326
       243.316
       243.304
       243.291
       243.277
        243.26
       243.243
       243.224
       243.203
       243.181
       243.157
       243.132
       243.104
       243.076
       243.045
       243.013
       242.979
       242.943
       242.905
       242.865
       242.823
       242.778
       242.732
       242.684
       242.634
       242.582
       242.528
       242.473
       242.416
       242.359
       242.301
       242.243
       242.186
       242.131
       242.079
       242.031
        241.99
       241.957
       241.934
       241.927
       241.938
       241.975
       242.126
       242.319
       242.568
       242.886
       243.266
       243.687
       244.132
       244.596
       245.084
       245.603
       246.157
       246.752
       247.392
       248.082
       248.825
       249.627
       250.489
       251.413
       252.403
       253.458
       254.575
       255.743
       256.945
       258.167
       259.391
       260.604
       261.789
       262.931
       264.016
       265.034
       266.016
       266.914
       267.731
       268.537
       269.296
       270.056
       270.763
       271.565
       272.494
        272.54
       272.769
       273.149
       273.655
       274.247
       274.907
       275.638
       276.435
       277.296
       278.195
       279.127
       280.099
       281.108
        282.14
       283.179
       284.194
       285.158
       286.045
       286.822
       287.466
       287.953
       288.274
       288.415
       288.394
       288.814
       289.073
       289.279
       290.617
       291.949
       293.353
       295.115
        297.01
       298.811
       300.408
       301.722
        302.78
       303.601
       304.203
       304.649
       305.463
       306.125
       306.704
        307.59
       308.406
       309.131
       309.537
       309.925
       310.325
        310.77
       311.272
       311.863
       312.592
       313.471
       314.357
        314.61
       315.044
       315.509
       315.417
       315.471
       315.495
       314.932
       314.418
       313.704
       311.811
       309.922
        307.88
        305.27
        302.58
       299.787
        296.83
       293.673
       290.633
       288.479
        286.09
       283.731
       281.933
       279.998
       277.949
       275.859
       273.813
       271.767
       269.718
       267.656
       265.539
       263.358
       261.163
       259.045
       303.854
       303.224
       255.737
       215.111
       215.106
         215.1
       215.092
       215.083
       215.073
       215.061
       215.049
       215.034
       215.019
       215.002
       214.984
       214.965
       214.944
       214.922
       214.898
       214.873
       214.847
       214.818
       214.789
       214.757
       214.724
       214.689
       214.652
       214.613
       214.572
        214.53
       214.485
       214.439
       214.392
       214.343
       214.292
       214.241
        214.19
       214.138
       214.087
       214.038
        213.99
       213.947
        213.91
       213.879
       213.857
       213.849
       213.857
       213.888
       214.032
       214.216
       214.454
       214.759
       215.124
       215.528
       215.953
       216.393
       216.855
       217.345
       217.867
       218.427
       219.029
       219.677
       220.375
       221.127
       221.935
       222.803
       223.731
        224.72
       225.768
       226.868
       228.003
       229.158
       230.316
       231.464
       232.585
       233.664
       234.689
       235.647
       236.572
       237.415
       238.176
       238.931
        239.64
       240.353
       241.015
       241.785
       242.705
       242.717
       242.934
       243.312
       243.807
       244.383
       245.019
       245.717
        246.48
       247.302
       248.164
       249.057
       249.988
        250.95
       251.934
       252.928
       253.897
       254.811
       255.644
       256.368
       256.956
       257.383
       257.633
       257.686
       257.558
       257.876
       258.006
       258.054
       259.258
        260.42
       261.619
       263.154
       264.815
       266.471
       267.998
       269.253
       270.264
       271.044
       271.614
        272.04
        272.88
        273.58
       274.203
       275.167
       276.062
       276.866
       277.341
       277.802
       278.281
       278.812
       279.409
       280.103
       280.941
       281.933
        282.93
       283.255
       283.771
       284.321
       284.285
       284.407
       284.506
       283.993
       283.543
       282.894
       281.017
       279.154
       277.147
       274.569
       271.917
       269.164
       266.248
       263.141
        260.16
       258.114
       255.825
       253.561
       251.871
       250.019
       248.035
       246.005
        243.98
       241.915
       239.782
       237.559
       235.198
       232.678
       230.034
       227.364
       274.238
       273.533
       223.031
        187.37
       187.365
        187.36
       187.353
       187.345
       187.336
       187.326
       187.315
       187.303
        187.29
       187.275
        187.26
       187.244
       187.226
       187.207
       187.187
       187.166
       187.144
        187.12
       187.095
       187.068
        187.04
        187.01
       186.979
       186.946
       186.911
       186.875
       186.837
       186.798
       186.757
       186.715
       186.672
       186.628
       186.583
        186.54
       186.496
       186.453
       186.412
       186.373
       186.338
       186.308
       186.286
       186.274
       186.277
         186.3
       186.436
        186.61
       186.835
       187.125
       187.472
       187.856
       188.257
       188.671
       189.102
       189.558
       190.043
       190.561
       191.118
       191.716
       192.361
       193.055
       193.802
       194.603
       195.459
       196.371
       197.339
       198.357
       199.412
       200.486
       201.565
       202.635
       203.679
       204.683
       205.634
        206.52
       207.378
       208.154
       208.851
       209.543
        210.19
       210.847
       211.461
       212.202
       213.115
       213.097
       213.293
       213.648
       214.116
       214.658
       215.253
       215.909
       216.625
       217.393
       218.196
       219.038
       219.919
       220.831
       221.759
       222.692
       223.603
       224.461
        225.24
       225.914
       226.451
       226.818
       226.986
       226.944
       226.704
       226.921
       226.924
       226.817
        227.89
       228.884
       229.874
       231.162
       232.505
       233.908
       235.265
       236.439
       237.403
       238.134
       238.667
       239.069
       239.942
       240.697
       241.365
       242.423
       243.403
       244.286
       244.824
       245.356
       245.918
       246.543
       247.245
       248.048
       248.994
       250.096
         251.2
       251.591
       252.183
       252.812
       252.826
       253.014
       253.186
       252.724
       252.341
       251.766
       249.912
       248.089
       246.142
       243.614
       241.026
       238.341
         235.5
       232.467
       229.572
       227.665
       225.506
       223.365
       221.812
       220.076
       218.206
       216.255
        214.28
       212.216
        210.02
       207.643
       205.022
        202.11
       198.917
       195.528
       244.173
       243.392
       189.819
       160.175
       160.171
       160.166
        160.16
       160.153
       160.146
       160.137
       160.128
       160.118
       160.107
       160.096
       160.083
        160.07
       160.056
       160.041
       160.024
       160.007
       159.989
        159.97
        159.95
       159.928
       159.906
       159.882
       159.856
        159.83
       159.802
       159.772
       159.741
       159.709
       159.676
       159.642
       159.607
       159.571
       159.533
       159.496
       159.458
       159.419
       159.382
       159.346
       159.314
       159.285
       159.263
       159.249
       159.247
       159.263
       159.391
       159.553
       159.764
       160.036
       160.363
       160.722
       161.094
       161.475
        161.87
       162.285
       162.725
       163.196
         163.7
       164.242
       164.826
       165.453
       166.127
       166.851
       167.627
       168.451
       169.326
       170.247
       171.207
       172.188
       173.173
        174.15
       175.103
       176.018
       176.882
       177.685
       178.462
       179.161
       179.782
       180.401
       180.978
       181.573
       182.136
       182.846
       183.747
       183.695
       183.856
       184.172
       184.596
       185.087
       185.629
       186.224
       186.876
       187.573
       188.304
       189.073
       189.882
       190.724
        191.59
       192.456
       193.302
       194.098
       194.819
       195.441
       195.914
       196.206
       196.297
       196.164
       195.818
       195.939
       195.825
       195.573
       196.524
       197.361
       198.155
       199.209
       200.258
       201.282
       202.345
       203.339
       204.131
       204.787
       205.273
        205.63
       206.546
       207.416
       208.097
       209.302
       210.374
       211.329
       211.923
       212.521
       213.172
       213.906
       214.732
       215.658
       216.714
        217.92
       219.121
       219.567
       220.226
        220.93
       220.988
       221.239
       221.484
       221.074
       220.765
       220.273
       218.453
       216.692
       214.826
       212.374
       209.881
       207.299
       204.568
       201.647
       198.878
       197.145
       195.143
       193.155
       191.771
       190.193
       188.474
       186.644
       184.758
       182.735
       180.514
       178.019
       175.152
       171.822
       167.991
       163.698
       213.591
       212.738
       156.218
       133.581
       133.577
       133.573
       133.568
       133.562
       133.556
        133.55
       133.542
       133.535
       133.526
       133.518
       133.508
       133.498
       133.487
       133.476
       133.464
       133.451
       133.437
       133.422
       133.407
       133.392
       133.375
       133.356
       133.337
       133.318
       133.297
       133.274
       133.251
       133.225
       133.199
       133.171
       133.141
        133.11
       133.078
       133.046
       133.013
        132.98
       132.948
       132.917
       132.888
       132.862
       132.841
       132.827
       132.822
       132.832
       132.951
         133.1
       133.293
       133.543
       133.842
        134.17
       134.507
       134.849
       135.201
        135.57
        135.96
       136.375
       136.819
       137.296
       137.808
        138.36
       138.954
       139.592
       140.273
           141
       141.768
        142.58
       143.428
       144.297
       145.173
       146.041
       146.888
         147.7
       148.464
        149.17
       149.856
       150.466
       151.001
       151.538
       152.037
        152.56
       153.066
       153.742
       154.626
       154.523
       154.632
       154.893
       155.255
       155.679
       156.151
       156.669
       157.238
       157.843
       158.483
       159.169
       159.881
       160.623
         161.4
       162.185
       162.956
       163.677
       164.329
       164.881
       165.283
       165.503
       165.521
       165.306
       164.867
        164.91
       164.693
        164.31
       165.158
       165.859
       166.481
       167.336
       168.145
       168.895
       169.694
       170.405
       170.987
       171.444
       171.747
       172.013
       172.951
       173.781
       174.535
        175.79
       176.913
       177.913
       178.544
       179.197
       179.946
       180.812
       181.803
       182.888
       184.055
       185.352
       186.637
       187.128
       187.847
       188.618
       188.713
       189.021
       189.335
       188.975
       188.745
        188.35
       186.582
        184.91
       183.155
       180.811
       178.448
       176.011
       173.432
       170.664
       168.063
       166.544
       164.739
       162.943
       161.767
        160.39
       158.859
       157.198
       155.455
       153.536
        151.36
       148.819
        145.77
       142.053
       137.541
       132.177
       182.445
       181.534
       122.566
       107.643
       107.639
       107.635
       107.632
       107.627
       107.623
       107.618
       107.613
       107.608
       107.602
       107.596
       107.589
       107.582
       107.575
       107.567
        107.56
       107.551
       107.542
       107.532
       107.522
       107.513
       107.502
        107.49
       107.476
       107.462
       107.446
       107.428
       107.408
       107.388
       107.366
       107.343
       107.319
       107.294
       107.268
       107.242
       107.216
       107.189
       107.163
       107.138
       107.115
       107.093
       107.076
       107.063
       107.056
       107.059
       107.167
       107.299
        107.47
       107.691
       107.956
       108.247
       108.542
       108.838
        109.14
       109.455
       109.786
       110.138
       110.515
       110.919
       111.353
        111.82
       112.322
       112.862
       113.439
       114.052
         114.7
       115.385
       116.105
       116.847
       117.595
       118.339
       119.064
       119.757
       120.407
       121.002
       121.584
       122.093
       122.531
       122.976
       123.385
       123.833
       124.282
       124.913
       125.763
       125.593
       125.634
       125.823
       126.105
       126.443
       126.823
       127.245
       127.712
       128.212
       128.745
       129.311
       129.899
       130.521
       131.177
       131.849
       132.498
       133.122
       133.689
       134.167
       134.496
       134.646
       134.593
       134.309
       133.797
       133.785
       133.487
       132.999
       133.768
       134.354
       134.832
       135.527
       136.147
       136.696
       137.313
       137.839
       138.257
       138.553
       138.722
       138.888
       139.735
       140.457
       141.184
       142.427
       143.543
       144.547
       145.183
       145.835
       146.564
       147.438
       148.535
       149.745
       150.981
       152.336
        153.69
       154.215
       154.983
       155.813
       155.934
       156.286
       156.663
       156.348
       156.203
       155.917
       154.222
       152.668
       151.062
       148.869
       146.686
       144.447
       142.076
       139.517
       137.129
       135.872
       134.308
       132.739
       131.812
       130.673
       129.378
       127.941
       126.408
       124.679
       122.656
       120.196
       117.105
       113.132
       108.011
       101.488
       150.739
       149.792
       89.5942
       82.4153
       82.4122
       82.4097
       82.4071
       82.4044
       82.4016
       82.3987
       82.3956
       82.3925
       82.3893
       82.3862
       82.3826
       82.3788
       82.3749
       82.3711
       82.3681
       82.3633
       82.3585
       82.3534
       82.3479
       82.3417
       82.3338
       82.3246
       82.3144
       82.3033
        82.291
       82.2775
       82.2629
       82.2474
       82.2311
       82.2139
        82.196
       82.1775
       82.1585
       82.1393
         82.12
       82.1007
       82.0818
       82.0639
       82.0469
       82.0313
       82.0179
       82.0062
       81.9965
       81.9918
        82.087
       82.1996
       82.3428
       82.5293
       82.7539
       82.9968
         83.24
       83.4811
       83.7258
       83.9795
       84.2459
        84.529
       84.8311
       85.1545
        85.501
       85.8721
       86.2707
       86.6979
       87.1542
       87.6395
       88.1537
        88.699
       89.2739
       89.8696
       90.4726
       91.0723
       91.6567
       92.2136
       92.7333
       93.2061
        93.671
       94.0681
        94.396
       94.7366
       95.0552
       95.4289
       95.8091
       96.3734
        97.163
       96.9078
       96.8668
       96.9687
       97.1537
       97.3841
       97.6473
       97.9473
        98.289
       98.6635
       99.0612
       99.4755
       99.9094
       100.389
       100.894
       101.404
       101.905
       102.388
        102.83
        103.21
       103.454
       103.534
       103.424
       103.086
       102.524
       102.488
       102.143
        101.58
       102.295
       102.791
       103.154
        103.72
         104.2
       104.618
       105.113
       105.522
       105.819
       105.989
       106.061
       106.141
       106.859
       107.479
       108.174
       109.383
       110.458
       111.448
        112.06
       112.682
       113.369
       114.171
        115.14
       116.255
        117.46
       118.802
         120.2
        120.75
       121.554
        122.44
       122.571
       122.951
       123.375
         123.1
       123.041
       122.878
       121.279
       119.885
       118.482
       116.499
       114.562
       112.592
       110.499
       108.219
       106.115
       105.164
       103.871
       102.563
       101.918
       101.054
       100.035
        98.881
        97.636
       96.2017
        94.471
       92.2818
       89.3954
       85.4646
        80.026
       72.4804
       118.577
       117.634
       58.7095
       57.9522
       57.9511
       57.9502
        57.949
       57.9478
       57.9466
       57.9455
       57.9445
       57.9435
       57.9429
       57.9433
       57.9424
       57.9417
       57.9409
       57.9401
        57.939
       57.9365
       57.9334
         57.93
       57.9261
       57.9217
       57.9164
       57.9102
       57.9034
       57.8959
       57.8877
       57.8787
        57.869
       57.8587
       57.8479
       57.8367
       57.8253
       57.8135
       57.8016
       57.7896
       57.7783
       57.7667
       57.7552
       57.7442
       57.7331
       57.7225
       57.7126
       57.7029
       57.6929
       57.6825
       57.7627
       57.8517
       57.9613
       58.1038
       58.2751
       58.4592
       58.6415
       58.8197
       58.9996
       59.1855
       59.3806
       59.5865
       59.8043
       60.0365
       60.2833
       60.5472
       60.8301
       61.1331
       61.4569
       61.8016
       62.1673
       62.5558
       62.9676
        63.397
       63.8331
       64.2674
       64.6902
       65.0917
       65.4643
        65.799
       66.1347
        66.411
       66.6244
       66.8636
       67.0947
       67.3806
       67.6631
       68.1237
       68.8136
        68.464
       68.3337
       68.3304
       68.3946
       68.4905
       68.6127
       68.7641
       68.9482
       69.1615
       69.3904
       69.6253
        69.876
       70.1609
       70.4708
       70.7871
       71.1024
       71.4039
       71.6851
       71.9161
       72.0382
       72.0353
       71.8771
       71.5122
       70.9376
       70.9153
       70.5697
       69.9751
       70.6515
       71.0767
       71.3464
       71.8125
       72.2052
       72.5444
       72.9714
       73.3104
       73.5319
       73.6608
       73.7205
       73.7539
       74.3877
       74.9502
       75.5598
       76.6765
       77.6651
        78.571
       79.1083
       79.6911
       80.3194
       81.0268
       81.8073
       82.6829
       83.6893
       84.8842
       86.2001
        86.657
        87.459
       88.4175
       88.5392
       88.9127
       89.3558
       89.1136
       89.1362
       89.1013
        87.644
       86.4741
       85.3402
       83.6491
       82.0424
       80.4242
       78.7009
       76.7955
       75.0536
       74.4424
       73.4603
       72.4547
       72.1031
       71.5337
       70.8308
       70.0098
       69.1242
       68.0922
       66.8132
       65.1421
       62.8247
       59.4609
       54.3813
        46.479
       86.2464
       85.3881
       32.4022
       34.3028
       34.3092
       34.3107
       34.3108
       34.3107
       34.3112
        34.312
       34.3129
       34.3138
       34.3148
       34.3158
       34.3158
       34.3155
       34.3151
       34.3147
       34.3139
       34.3128
       34.3113
       34.3095
       34.3075
       34.3053
       34.3026
       34.2996
       34.2962
       34.2925
       34.2883
       34.2839
       34.2791
        34.274
       34.2688
       34.2634
       34.2585
       34.2538
       34.2488
       34.2436
       34.2385
       34.2329
       34.2272
       34.2216
       34.2162
       34.2115
       34.2072
       34.2021
       34.1947
       34.1807
       34.2399
        34.299
       34.3686
       34.4573
       34.5623
       34.6739
       34.7843
        34.891
        34.998
       35.1069
       35.2203
       35.3375
       35.4608
       35.5913
       35.7297
       35.8769
       36.0343
       36.2021
        36.381
       36.5713
       36.7728
       36.9875
       37.2159
       37.4552
       37.6991
       37.9425
       38.1791
       38.4031
       38.6101
       38.7912
       38.9827
       39.1325
       39.2402
       39.3873
       39.5281
       39.7106
       39.8707
       40.1638
       40.6699
       40.2539
       40.0401
       39.9175
       39.8355
       39.7706
         39.72
       39.6847
         39.67
       39.6738
       39.6874
        39.702
       39.7281
       39.7687
       39.8301
       39.8957
       39.9652
        40.032
       40.0893
       40.1165
       40.0802
       39.9718
       39.7635
       39.4152
       38.9003
       38.9108
       38.6361
       38.1142
       38.7166
       39.0713
       39.2809
       39.6775
       40.0196
       40.3216
       40.7119
       41.0221
       41.2542
       41.4411
       41.5812
       41.6647
       42.2524
        42.753
        43.274
       44.2224
       45.0569
       45.8393
       46.3235
       46.8417
       47.4099
        48.021
       48.6494
        49.326
       50.0963
       51.0126
       52.0177
         52.32
       52.9473
        53.708
       53.7627
       54.0563
       54.4511
       54.2559
       54.3413
       54.3906
       53.1779
       52.3411
       51.5449
       50.2634
       49.0938
         47.93
       46.6908
       45.3002
       44.0327
       43.7501
       43.1057
       42.4399
        42.357
       42.0883
       41.7278
        41.291
       40.8333
       40.2949
       39.6147
        38.702
       37.3808
       35.3271
       31.8892
       25.5142
        54.343
       53.7401
       14.8477
       11.4575
       11.4575
       11.4575
       11.4575
       11.4575
       11.4575
       11.4575
       11.4575
       11.4575
       11.4575
       11.4575
       11.4575
       11.4575
       11.4575
       11.4575
       11.4575
       11.4575
       11.4575
       11.4575
       11.4575
       11.4575
       11.4575
       11.4575
       11.4575
       11.4575
       11.4575
       11.4575
       11.4575
       11.4575
       11.4575
       11.4575
       11.4575
       11.4575
       11.4575
       11.4575
       11.4575
       11.4575
       11.4575
       11.4575
       11.4575
       11.4575
       11.4575
       11.4575
       11.4575
       11.4579
       11.4811
       11.5043
       11.5274
       11.5508
       11.5741
       11.5974
       11.6206
       11.6438
       11.6669
       11.6901
       11.7133
       11.7364
       11.7598
       11.7831
       11.8064
       11.8296
       11.8528
       11.8759
       11.8991
       11.9223
       11.9454
       11.9688
       11.9921
       12.0154
       12.0386
       12.0618
       12.0849
       12.1081
       12.1313
       12.1547
         12.19
       12.2253
        12.261
        12.314
        12.367
       12.4195
       12.4452
       12.4708
        12.491
       12.2327
       11.9743
        11.716
       11.4578
       11.1996
       10.9415
       10.6833
       10.4251
       10.1669
       9.90876
       9.65057
       9.39239
       9.13421
       8.87603
       8.61785
       8.35951
       8.10118
       7.84285
       7.58467
       7.32649
       7.06831
       6.81014
       6.55196
        6.3027
       6.21876
       6.13482
         6.069
       6.31397
       6.55894
       6.80771
       7.11747
       7.42722
       7.73903
        8.0805
       8.42197
       8.76345
        9.1049
       9.44635
        9.7991
       10.2844
       10.7697
       11.2651
       11.8575
       12.4499
       13.0336
       13.5508
        14.068
       14.5856
        15.105
       15.6245
       16.1445
       16.6679
       17.1912
       17.6764
       17.9681
       18.2598
       18.5153
       18.5962
       18.6771
       18.7255
       18.6181
       18.5108
       18.3417
       17.8782
       17.4147
       16.9229
       16.3099
       15.6968
       15.0828
       14.4651
       13.8475
       13.3176
       13.0759
       12.8342
        12.654
       12.6663
       12.6787
        12.688
        12.688
        12.688
        12.688
        12.688
        12.688
        12.688
        12.688
        12.688
        12.688
            24
            24
        12.688
