160                           17.239                        
35                            17.239                        
34                            23.81                         
33                            30.713                        
32                            37.881                        
31                            45.217                        
30                            52.678                        
29                            60.288                        
28                            67.711                        
27                            73.245                        
26                            78.859                        
25                            84.571                        
24                            90.281                        
23                            96.141                        
22                            101.99                        
21                            107.91                        
20                            113.88                        
19                            119.91                        
18                            126.01                        
17                            132.18                        
16                            138.38                        
15                            135.89                        
14                            133.14                        
13                            128.38                        
12                            133.41                        
11                            136.76                        
10                            81.098                        
9                             71.702                        
8                             50.523                        
7                             42.985                        
6                             33.053                        
5                             30.998                        
4                             29.147                        
3                             27.197                        
2                             26.381                        
1                             23.579                        
0                             19.165                        
