160                           57.111                        
35                            57.111                        
34                            55.134                        
33                            52.215                        
32                            48.264                        
31                            44.337                        
30                            40.501                        
29                            37.059                        
28                            33.652                        
27                            30.278                        
26                            26.949                        
25                            23.266                        
24                            19.763                        
23                            16.479                        
22                            13.566                        
21                            10.842                        
20                            8.3079                        
19                            5.9208                        
15                            6.809                         
13                            9.9687                        
12                            9.1942                        
11                            9.0865                        
10                            65.285                        
9                             107.48                        
8                             112.67                        
7                             92.016                        
6                             73.627                        
5                             66.763                        
4                             60.15                         
3                             54.456                        
2                             43.219                        
1                             31.812                        
0                             20.44                         
