160                           100.48                        
35                            100.48                        
34                            100.63                        
33                            100.97                        
32                            101.34                        
31                            101.69                        
30                            101.99                        
29                            102.25                        
28                            102.46                        
27                            102.63                        
26                            102.76                        
25                            102.86                        
24                            102.93                        
23                            102.95                        
22                            102.92                        
21                            102.87                        
20                            102.78                        
19                            102.66                        
18                            102.53                        
17                            102.38                        
16                            102.19                        
15                            84.868                        
14                            77.459                        
13                            65.768                        
12                            53.565                        
11                            51.734                        
10                            27.132                        
9                             21.49                         
8                             21.904                        
7                             22.037                        
6                             22.408                        
5                             21.93                         
4                             21.482                        
3                             21.054                        
2                             20.641                        
1                             20.241                        
0                             19.853                        
