       918.495
       918.491
       918.489
       918.488
       918.487
       918.486
       918.485
       918.484
       918.483
       918.481
        918.48
       918.478
       918.476
       918.473
       918.471
       918.468
       918.465
       918.461
       918.457
       918.453
       918.448
       918.443
       918.437
       918.431
       918.424
       918.417
       918.408
       918.399
        918.39
       918.379
       918.368
       918.356
       918.343
       918.329
       918.314
       918.298
       918.281
       918.263
       918.244
       918.224
       918.203
       918.181
       918.159
       918.135
       918.111
       918.087
       918.062
       918.037
       918.012
       917.988
       917.965
       917.943
       917.923
       917.905
        917.89
       917.879
       917.872
       917.871
       917.876
       917.889
       917.911
       917.944
       917.989
       918.048
       918.124
       918.218
       918.334
       918.474
        918.64
       918.835
       919.063
       919.325
       919.624
       919.964
       920.348
       920.779
       921.261
       921.796
       922.389
       923.045
       923.767
       924.542
       925.303
       926.043
       926.764
       927.465
       928.146
       928.809
       929.453
        930.08
       930.691
       931.287
       931.866
        932.43
       932.976
       933.504
       934.017
       934.515
           935
       935.473
       935.932
       936.373
       936.795
       937.195
       937.576
       937.941
       938.289
       938.616
       938.918
       939.186
       939.412
       939.602
       939.754
       939.868
       939.921
        939.89
       939.776
       939.575
       939.286
       938.905
        938.43
       937.856
        937.18
       936.397
       935.506
       934.503
       933.385
       932.153
       930.807
        929.35
       927.793
       926.148
       924.416
       922.601
        920.71
       918.747
       916.713
       914.613
        912.45
       910.231
       907.975
       905.711
       903.463
       901.239
       899.048
       896.901
       894.808
       892.777
       890.821
       888.948
       887.158
       885.449
       883.822
       882.275
        880.81
       879.426
       878.122
       876.898
       875.753
       874.686
       873.696
       872.781
       871.941
       871.174
        870.48
       869.857
       869.307
       868.826
       868.416
       868.075
       867.804
       867.604
       867.477
       867.427
       887.881
        887.88
       887.879
       887.878
       887.877
       887.876
       887.875
       887.874
       887.873
       887.871
        887.87
       887.868
       887.866
       887.864
       887.861
       887.858
       887.855
       887.852
       887.848
       887.843
       887.839
       887.833
       887.828
       887.821
       887.814
       887.807
       887.799
        887.79
        887.78
       887.769
       887.758
       887.746
       887.733
       887.719
       887.704
       887.688
       887.671
       887.653
       887.634
       887.613
       887.592
       887.571
       887.548
       887.524
         887.5
       887.475
        887.45
       887.425
         887.4
       887.376
       887.352
        887.33
       887.309
        887.29
       887.275
       887.263
       887.256
       887.254
       887.258
        887.27
       887.291
       887.322
       887.417
       887.525
        887.65
       887.778
       887.927
       888.099
       888.297
       888.525
       888.784
       889.068
       889.389
       889.752
       890.165
       890.625
       891.133
       891.699
       892.323
       893.009
       893.766
       894.569
       895.368
       896.107
       896.825
       897.521
       898.151
       898.762
       899.356
       899.952
       900.532
       901.103
       901.692
       902.265
       902.826
       903.377
       903.913
       904.435
       904.928
       905.405
       905.858
        906.28
       906.677
       907.042
       907.382
       907.706
       908.005
       908.278
        908.54
       908.774
       908.971
       909.131
       909.267
       909.363
       909.395
       909.354
        909.24
       909.044
       908.747
       908.359
        907.89
       907.327
        906.66
        905.86
       904.942
       903.948
       902.887
       901.863
       900.656
       899.274
       897.866
       896.297
       894.632
        892.87
       890.979
       889.016
       886.986
       884.914
       882.882
       880.836
        878.75
       876.656
       874.575
       872.516
       870.403
       868.308
       866.266
       864.294
        862.35
       860.477
        858.68
       856.985
       855.407
        853.91
       852.495
       851.131
       849.846
       848.586
       847.364
        846.22
       845.156
       844.171
       843.261
       842.425
       841.667
       840.983
       840.371
       839.828
       839.352
       838.944
       838.619
       840.582
       840.454
       838.238
       857.322
       857.322
       857.322
       857.321
        857.32
        857.32
       857.319
       857.318
       857.316
       857.315
       857.313
       857.312
        857.31
       857.307
       857.305
       857.302
       857.299
       857.295
       857.291
       857.287
       857.282
       857.277
       857.271
       857.265
       857.258
        857.25
       857.242
       857.233
       857.223
       857.213
       857.201
       857.189
       857.176
       857.162
       857.147
        857.13
       857.113
       857.095
       857.076
       857.055
       857.034
       857.012
       856.988
       856.964
        856.94
       856.914
       856.889
       856.863
       856.837
       856.811
       856.786
       856.763
        856.74
        856.72
       856.703
       856.689
       856.679
       856.675
       856.677
       856.686
       856.703
       856.731
       856.871
       857.027
       857.198
       857.355
       857.533
       857.735
       857.961
       858.217
       858.504
       858.806
       859.146
       859.526
       859.964
       860.448
       860.978
        861.57
       862.219
       862.927
       863.702
       864.538
       865.377
       866.115
       866.831
       867.523
       868.102
       868.662
       869.205
       869.769
       870.317
       870.865
       871.463
       872.046
        872.62
       873.195
       873.754
       874.299
         874.8
       875.282
       875.728
       876.128
       876.502
       876.831
       877.129
       877.414
       877.662
       877.881
       878.102
       878.302
        878.47
       878.602
       878.721
       878.801
       878.815
       878.764
       878.655
       878.465
       878.163
        877.77
       877.311
       876.762
       876.106
       875.291
       874.351
       873.368
       872.366
       871.555
       870.491
       869.187
       867.929
       866.435
       864.838
       863.129
       861.237
       859.273
       857.244
       855.199
       853.293
       851.418
       849.501
       847.573
       845.657
       843.761
       841.724
       839.677
       837.686
       835.771
       833.837
       831.962
       830.159
       828.476
       826.947
       825.499
       824.133
       822.789
       821.525
       820.227
       818.929
       817.708
       816.569
       815.515
       814.535
       813.629
       812.807
       812.062
       811.388
       810.783
       810.239
       809.765
       809.384
       813.516
       813.387
       808.995
       826.814
       826.814
       826.813
       826.813
       826.812
       826.812
       826.811
        826.81
       826.808
       826.807
       826.806
       826.804
       826.802
       826.799
       826.797
       826.794
       826.791
       826.787
       826.783
       826.779
       826.774
       826.769
       826.763
       826.757
        826.75
       826.742
       826.734
       826.725
       826.715
       826.705
       826.693
       826.681
       826.667
       826.653
       826.637
       826.621
       826.604
       826.585
       826.565
       826.544
       826.523
         826.5
       826.476
       826.451
       826.425
       826.399
       826.372
       826.345
       826.317
        826.29
       826.263
       826.237
       826.213
        826.19
       826.169
       826.152
       826.139
        826.13
       826.128
       826.132
       826.144
       826.165
       826.349
       826.548
       826.763
       826.946
       827.151
       827.378
       827.629
       827.909
        828.22
       828.537
        828.89
       829.284
       829.743
       830.247
       830.795
       831.408
       832.076
       832.804
       833.599
       834.458
       835.333
       836.069
       836.782
        837.47
       837.997
       838.505
       838.998
       839.531
       840.047
        840.57
       841.178
       841.769
       842.358
       842.955
       843.537
       844.106
       844.615
       845.101
       845.539
       845.919
       846.268
        846.56
       846.817
       847.062
       847.259
       847.425
       847.605
       847.771
       847.909
       848.013
       848.117
       848.181
        848.18
       848.122
       848.019
       847.839
       847.534
       847.139
       846.691
       846.159
       845.517
        844.69
       843.729
       842.761
       841.821
       841.226
       840.308
       839.083
       837.975
       836.559
        835.03
       833.372
       831.479
       829.512
       827.483
       825.462
       823.681
       821.975
       820.227
       818.463
       816.709
       814.973
        813.01
       811.011
       809.068
        807.21
       805.284
       803.406
       801.596
       799.925
       798.444
       797.045
       795.728
       794.404
       793.159
       791.825
       790.449
       789.152
       787.938
       786.814
       785.764
       784.789
       783.903
       783.095
       782.358
        781.69
       781.078
       780.536
       780.098
       786.406
       786.276
         779.7
       796.349
       796.349
       796.349
       796.348
       796.348
       796.347
       796.346
       796.345
       796.344
       796.343
       796.341
        796.34
       796.338
       796.335
       796.333
        796.33
       796.327
       796.323
       796.319
       796.315
        796.31
       796.305
       796.299
       796.293
       796.286
       796.278
        796.27
        796.26
        796.25
        796.24
       796.228
       796.215
       796.202
       796.187
       796.172
       796.155
       796.137
       796.118
       796.098
       796.076
       796.053
        796.03
       796.005
       795.979
       795.952
       795.924
       795.895
       795.866
       795.837
       795.807
       795.778
       795.749
       795.721
       795.694
        795.67
       795.648
        795.63
       795.615
       795.606
       795.603
       795.608
       795.621
       795.846
       796.086
       796.341
       796.548
       796.776
       797.026
       797.299
         797.6
       797.931
       798.258
       798.622
       799.026
       799.501
       800.021
       800.582
       801.212
       801.897
       802.641
       803.454
        804.33
       805.237
       805.969
       806.679
       807.362
       807.837
       808.293
       808.734
       809.235
       809.719
       810.217
       810.835
       811.434
       812.037
       812.657
       813.262
       813.854
       814.372
       814.862
       815.292
        815.65
       815.974
        816.23
       816.445
        816.65
       816.797
       816.909
       817.046
        817.18
       817.289
       817.365
       817.455
       817.503
       817.489
       817.426
       817.331
       817.163
       816.859
       816.463
        816.03
       815.517
       814.892
       814.055
       813.075
       812.124
       811.249
       810.871
       810.101
       808.956
       808.002
       806.663
       805.202
       803.595
       801.701
        799.73
         797.7
       795.702
       794.045
       792.508
       790.926
       789.325
        787.73
       786.153
       784.262
       782.309
       780.413
       778.611
       776.692
       774.811
       772.993
       771.333
       769.901
        768.55
       767.282
       765.978
       764.752
       763.382
       761.928
       760.553
       759.266
       758.071
       756.951
       755.905
       754.954
       754.084
       753.283
        752.55
       751.869
       751.257
       750.762
       759.253
       759.121
       750.353
       765.923
       765.923
       765.923
       765.922
       765.922
       765.921
       765.921
        765.92
       765.919
       765.917
       765.916
       765.914
       765.912
        765.91
       765.907
       765.904
       765.901
       765.898
       765.894
       765.889
       765.885
       765.879
       765.873
       765.867
        765.86
       765.852
       765.844
       765.834
       765.824
       765.813
       765.802
       765.789
       765.775
        765.76
       765.744
       765.727
       765.708
       765.689
       765.668
       765.645
       765.622
       765.597
       765.571
       765.544
       765.515
       765.485
       765.455
       765.423
       765.391
       765.358
       765.326
       765.293
       765.261
       765.229
         765.2
       765.172
       765.147
       765.126
       765.109
       765.097
       765.092
       765.095
       765.359
       765.637
        765.93
       766.158
       766.406
       766.675
       766.966
       767.285
       767.634
       767.968
       768.339
       768.749
       769.237
       769.769
       770.341
       770.984
       771.682
       772.437
       773.264
       774.157
       775.085
       775.814
        776.52
       777.198
       777.619
       778.022
       778.412
        778.88
       779.331
       779.804
       780.431
       781.039
       781.656
       782.299
       782.927
       783.542
       784.069
       784.562
       784.984
        785.32
       785.619
       785.839
       786.014
       786.178
       786.274
       786.331
       786.427
       786.527
       786.607
       786.656
       786.732
       786.766
        786.74
       786.675
       786.591
       786.437
       786.136
       785.743
       785.327
       784.835
       784.229
       783.383
       782.387
       781.455
       780.647
       780.488
       779.866
       778.804
       778.004
       776.743
        775.35
       773.795
       771.899
       769.924
       767.892
       765.916
       764.382
       763.013
       761.595
       760.155
       758.718
       757.299
       755.479
       753.572
       751.722
       749.975
       748.063
       746.178
       744.351
       742.702
       741.318
       740.016
       738.797
       737.513
       736.307
       734.899
       733.368
       731.916
       730.553
       729.288
       728.097
        726.98
       725.963
       725.029
       724.163
       723.364
       722.613
        721.93
       721.376
       732.055
       731.923
       720.956
        735.53
       735.531
       735.531
        735.53
        735.53
        735.53
       735.529
       735.528
       735.527
       735.525
       735.524
       735.522
        735.52
       735.518
       735.515
       735.513
       735.509
       735.506
       735.502
       735.498
       735.493
       735.487
       735.482
       735.475
       735.468
        735.46
       735.452
       735.442
       735.432
       735.421
       735.409
       735.396
       735.382
       735.366
        735.35
       735.332
       735.313
       735.293
       735.271
       735.248
       735.223
       735.197
        735.17
       735.141
        735.11
       735.078
       735.045
       735.011
       734.975
       734.939
       734.902
       734.865
       734.828
       734.791
       734.755
        734.72
       734.688
       734.658
       734.631
       734.609
       734.593
       734.583
       734.884
       735.198
       735.527
       735.772
       736.037
       736.324
        736.63
       736.964
       737.327
       737.665
        738.04
       738.452
        738.95
       739.491
       740.069
       740.722
       741.429
       742.193
        743.03
       743.928
       744.879
       745.605
       746.306
       746.977
       747.344
       747.693
       748.029
       748.464
       748.882
        749.33
       749.965
       750.582
       751.212
       751.878
       752.529
       753.168
       753.703
       754.199
       754.613
       754.928
       755.202
       755.388
       755.523
       755.646
        755.69
       755.693
       755.745
       755.812
       755.864
       755.886
       755.947
       755.966
       755.931
       755.867
       755.797
       755.661
       755.364
       754.976
        754.58
       754.111
       753.526
       752.675
       751.663
       750.752
       750.012
       750.073
       749.602
       748.623
       747.978
       746.796
       745.472
       743.968
       742.069
        740.09
       738.055
         736.1
       734.688
       733.486
       732.232
       730.951
       729.673
       728.411
       726.662
       724.799
       722.995
       721.304
       719.396
       717.507
       715.671
       714.034
       712.698
       711.445
       710.275
       709.011
       707.825
        706.38
       704.772
       703.242
       701.803
       700.467
       699.204
       698.014
        696.93
       695.931
       694.999
       694.132
        693.31
       692.554
       691.939
       704.815
       704.681
       691.508
       705.167
       705.168
       705.168
       705.167
       705.167
       705.167
       705.166
       705.165
       705.164
       705.163
       705.161
       705.159
       705.157
       705.155
       705.153
        705.15
       705.147
       705.143
       705.139
       705.135
        705.13
       705.125
       705.119
       705.112
       705.105
       705.097
       705.088
       705.079
       705.069
       705.057
       705.045
       705.032
       705.017
       705.001
       704.985
       704.966
       704.947
       704.925
       704.903
       704.879
       704.853
       704.825
       704.796
       704.765
       704.733
       704.698
       704.662
       704.625
       704.586
       704.545
       704.504
       704.462
       704.418
       704.375
       704.332
       704.289
       704.247
       704.208
        704.17
       704.136
       704.106
       704.082
       704.418
       704.766
       705.127
       705.389
       705.669
        705.97
       706.289
       706.634
       707.008
       707.348
       707.722
       708.135
       708.638
       709.185
       709.766
       710.426
        711.14
        711.91
       712.754
       713.661
       714.625
       715.342
       716.035
       716.698
       717.009
       717.302
       717.585
       717.985
       718.369
       718.791
       719.434
       720.059
       720.704
       721.392
       722.067
        722.73
       723.273
       723.773
       724.178
       724.472
       724.722
       724.874
       724.968
        725.05
       725.043
       724.989
       724.999
       725.034
       725.058
       725.052
       725.099
       725.103
       725.062
       725.001
       724.947
       724.832
       724.543
       724.163
       723.787
       723.344
       722.782
       721.927
       720.902
       720.012
       719.342
       719.626
       719.307
       718.413
       717.922
       716.818
       715.563
        714.11
       712.209
       710.224
       708.186
       706.251
       704.961
       703.926
       702.834
       701.713
       700.593
       699.488
       697.808
       695.989
       694.232
       692.594
       690.693
       688.799
       686.955
       685.329
       684.042
       682.838
       681.718
       680.475
       679.309
       677.827
       676.141
       674.533
       673.018
        671.61
       670.274
       669.011
       667.859
       666.792
       665.792
       664.856
       663.959
       663.128
       662.453
       677.532
       677.396
       662.008
       674.828
       674.829
       674.829
       674.829
       674.828
       674.828
       674.827
       674.826
       674.825
       674.824
       674.822
       674.821
       674.819
       674.817
       674.814
       674.811
       674.808
       674.805
       674.801
       674.796
       674.791
       674.786
        674.78
       674.773
       674.766
       674.758
       674.749
        674.74
       674.729
       674.718
       674.705
       674.692
       674.677
       674.661
       674.643
       674.624
       674.604
       674.582
       674.558
       674.533
       674.506
       674.477
       674.446
       674.413
       674.378
       674.341
       674.302
       674.261
       674.218
       674.173
       674.126
       674.078
       674.028
       673.978
       673.926
       673.874
       673.823
       673.772
       673.722
       673.674
        673.63
       673.589
       673.957
       674.338
        674.73
       675.005
       675.297
        675.61
       675.939
       676.293
       676.676
       677.014
       677.385
       677.795
       678.301
       678.851
       679.432
       680.096
       680.813
       681.586
       682.437
        683.35
       684.322
       685.024
       685.707
       686.359
       686.613
       686.849
       687.077
       687.441
       687.791
       688.186
       688.837
        689.47
       690.128
       690.839
       691.538
       692.225
       692.776
       693.279
       693.677
       693.949
       694.177
       694.296
       694.348
       694.389
       694.331
       694.221
       694.189
       694.192
       694.187
       694.154
       694.186
       694.176
       694.128
       694.074
       694.041
       693.949
       693.671
       693.301
       692.949
       692.534
       691.996
       691.138
       690.101
       689.235
       688.635
       689.144
       688.978
       688.167
       687.833
       686.808
       685.622
       684.221
       682.315
       680.325
       678.282
       676.367
         675.2
       674.329
         673.4
       672.438
       671.476
       670.528
       668.918
       667.143
       665.431
       663.847
       661.953
       660.055
       658.203
       656.589
       655.351
       654.198
       653.127
       651.906
        650.76
       649.242
       647.478
       645.792
       644.201
        642.72
        641.31
       639.972
        638.75
       637.614
       636.543
       635.534
        634.56
       633.653
       632.915
       650.204
       650.066
       632.454
       644.509
       644.509
       644.509
       644.509
       644.509
       644.508
       644.507
       644.507
       644.506
       644.504
       644.503
       644.501
       644.499
       644.497
       644.495
       644.492
       644.489
       644.485
       644.481
       644.477
       644.472
       644.467
       644.461
       644.454
       644.447
       644.439
        644.43
        644.42
       644.409
       644.398
       644.385
       644.371
       644.356
       644.339
       644.321
       644.302
       644.281
       644.258
       644.233
       644.207
       644.178
       644.147
       644.115
       644.079
       644.042
       644.002
       643.959
       643.915
       643.867
       643.817
       643.765
        643.71
       643.654
       643.595
       643.534
       643.473
        643.41
       643.346
       643.283
       643.221
       643.159
       643.101
         643.5
       643.911
       644.332
       644.618
        644.92
       645.242
       645.579
        645.94
       646.329
       646.661
       647.028
       647.431
       647.938
       648.488
       649.066
       649.731
       650.448
       651.222
       652.075
       652.992
       653.969
       654.646
       655.318
       655.959
       656.153
       656.331
       656.502
        656.83
       657.144
       657.511
        658.17
        658.81
       659.482
       660.217
       660.939
       661.651
        662.21
       662.716
       663.107
       663.359
       663.564
        663.65
       663.662
       663.661
       663.552
       663.385
       663.312
       663.283
        663.25
       663.189
       663.204
       663.174
        663.12
       663.083
       663.076
       663.012
       662.748
        662.39
       662.065
       661.678
       661.167
       660.307
       659.259
       658.417
       657.888
       658.623
       658.611
       657.885
       657.708
       656.763
       655.645
       654.296
       652.386
       650.389
       648.341
       646.446
       645.399
       644.694
       643.927
       643.125
       642.321
        641.53
       639.991
       638.259
       636.593
       635.064
       633.176
       631.276
       629.417
       627.815
       626.628
       625.525
       624.506
       623.306
       622.182
       620.628
       618.786
       617.021
       615.354
         613.8
       612.314
         610.9
       609.605
       608.397
       607.252
       606.168
       605.115
       604.128
       603.323
        622.83
        622.69
       602.843
       614.204
       614.204
       614.204
       614.204
       614.204
       614.203
       614.202
       614.202
       614.201
       614.199
       614.198
       614.196
       614.194
       614.192
        614.19
       614.187
       614.184
        614.18
       614.176
       614.172
       614.167
       614.162
       614.156
       614.149
       614.142
       614.134
       614.125
       614.115
       614.104
       614.092
       614.079
       614.065
       614.049
       614.033
       614.014
       613.994
       613.972
       613.948
       613.923
       613.895
       613.865
       613.833
       613.798
        613.76
        613.72
       613.677
       613.631
       613.582
        613.53
       613.475
       613.417
       613.355
       613.291
       613.223
       613.153
        613.08
       613.006
       612.929
       612.851
       612.772
       612.693
       612.615
       613.044
       613.483
        613.93
       614.226
       614.536
       614.865
       615.207
       615.572
       615.964
        616.29
       616.648
       617.043
       617.548
       618.094
       618.667
        619.33
       620.045
       620.817
       621.669
       622.584
       623.555
       624.207
       624.868
       625.495
       625.627
       625.745
       625.857
       626.148
       626.425
       626.764
        627.43
       628.078
       628.763
       629.522
       630.269
       631.004
       631.572
       632.081
       632.465
       632.698
       632.883
       632.936
       632.907
       632.866
       632.705
       632.482
       632.369
       632.309
       632.247
       632.157
       632.153
       632.096
       632.045
        632.03
       632.054
        632.02
       631.773
       631.431
       631.133
       630.777
       630.293
       629.432
       628.374
       627.556
         627.1
       628.061
       628.203
       627.564
       627.544
       626.679
       625.631
       624.332
       622.418
       620.414
        618.36
       616.483
       615.558
       615.019
       614.415
       613.772
       613.126
       612.494
       611.024
       609.337
       607.717
       606.243
       604.364
       602.461
       600.595
       599.008
       597.872
       596.821
       595.855
       594.679
       593.577
       591.987
       590.068
       588.225
       586.481
       584.852
        583.29
       581.798
       580.427
       579.144
       577.922
       576.758
        575.62
        574.55
       573.676
       595.408
       595.264
       573.172
       583.908
       583.908
       583.908
       583.908
       583.908
       583.908
       583.907
       583.906
       583.905
       583.904
       583.903
       583.901
       583.899
       583.897
       583.895
       583.892
       583.889
       583.885
       583.881
       583.877
       583.872
       583.867
       583.861
       583.854
       583.847
       583.838
       583.829
        583.82
       583.809
       583.797
       583.783
       583.769
       583.753
       583.736
       583.717
       583.696
       583.674
       583.649
       583.622
       583.593
       583.562
       583.528
       583.491
       583.451
       583.408
       583.362
       583.313
       583.259
       583.202
       583.142
       583.077
       583.008
       582.936
       582.859
       582.779
       582.695
       582.607
       582.516
       582.422
       582.326
       582.228
       582.129
       582.585
       583.051
       583.523
       583.826
       584.143
       584.476
       584.821
       585.189
       585.582
       585.898
       586.245
       586.629
       587.129
       587.669
       588.234
       588.892
       589.603
       590.369
       591.218
        592.13
       593.098
       593.713
       594.355
       594.965
       595.033
       595.088
        595.14
       595.392
       595.631
       595.941
       596.613
       597.269
       597.968
       598.751
       599.522
       600.282
       600.858
       601.371
       601.749
       601.963
        602.13
        602.15
       602.081
       602.001
       601.788
        601.51
       601.357
       601.267
       601.179
       601.061
       601.041
       600.969
       600.912
       600.918
       600.975
       600.976
       600.747
       600.421
       600.153
       599.829
       599.374
       598.513
       597.445
       596.652
       596.267
       597.455
       597.753
       597.201
       597.339
       596.554
       595.575
       594.327
       592.408
       590.396
       588.336
       586.477
       585.674
       585.301
        584.86
       584.377
        583.89
       583.417
       582.018
       580.375
       578.802
       577.385
       575.514
        573.61
        571.74
       570.168
       569.086
       568.089
       567.177
       566.025
       564.947
       563.323
       561.328
       559.407
       557.585
       555.881
       554.242
       552.668
       551.219
       549.857
       548.553
       547.305
       546.077
       544.918
        543.97
       567.937
       567.786
       543.436
       553.618
       553.618
       553.618
       553.618
       553.618
       553.617
       553.617
       553.616
       553.615
       553.614
       553.612
       553.611
       553.609
       553.607
       553.604
       553.602
       553.599
       553.595
       553.591
       553.587
       553.582
       553.577
       553.571
       553.564
       553.557
       553.548
       553.539
       553.529
       553.518
       553.506
       553.493
       553.478
       553.462
       553.445
       553.425
       553.404
       553.381
       553.355
       553.328
       553.298
       553.265
       553.229
        553.19
       553.148
       553.103
       553.053
           553
       552.942
       552.881
       552.814
       552.743
       552.667
       552.586
         552.5
       552.409
       552.312
       552.211
       552.105
       551.994
        551.88
       551.761
       551.639
       552.122
       552.613
       553.109
       553.417
       553.738
       554.075
        554.42
       554.788
       555.179
       555.483
       555.818
       556.187
        556.68
       557.213
       557.766
       558.418
       559.121
       559.879
       560.721
       561.628
       562.589
        563.16
       563.776
       564.365
       564.367
       564.357
       564.347
       564.558
       564.757
       565.038
       565.717
        566.38
       567.093
         567.9
       568.696
       569.481
       570.065
       570.584
       570.955
       571.154
       571.302
       571.291
       571.182
       571.063
       570.798
       570.467
       570.276
       570.158
       570.044
         569.9
       569.867
       569.782
       569.721
       569.749
       569.842
       569.879
       569.671
       569.364
       569.126
       568.835
       568.409
       567.548
        566.47
       565.702
       565.391
       566.807
       567.261
       566.795
       567.091
       566.386
       565.475
       564.278
       562.353
       560.333
       558.266
       556.425
       555.744
       555.538
       555.259
       554.938
       554.611
       554.297
       552.969
       551.373
       549.847
       548.488
       546.627
       544.724
       542.851
       541.296
        540.27
       539.329
       538.473
       537.348
       536.295
       534.638
       532.568
        530.57
       528.671
       526.892
       525.172
       523.516
       521.985
       520.539
       519.147
       517.808
       516.484
        515.23
       514.201
       540.411
       540.252
       513.626
       523.327
       523.328
       523.328
       523.328
       523.327
       523.327
       523.326
       523.326
       523.325
       523.324
       523.322
       523.321
       523.319
       523.317
       523.314
       523.312
       523.309
       523.305
       523.301
       523.297
       523.292
       523.287
       523.281
       523.274
       523.267
       523.259
        523.25
        523.24
       523.229
       523.217
       523.203
       523.188
       523.172
       523.154
       523.134
       523.113
       523.089
       523.063
       523.034
       523.003
       522.969
       522.932
       522.891
       522.847
       522.798
       522.746
       522.689
       522.627
       522.561
       522.488
       522.411
       522.327
       522.237
       522.142
       522.039
        521.93
       521.815
       521.693
       521.565
       521.431
       521.291
       521.145
       521.653
       522.167
       522.685
       522.998
       523.321
       523.658
       524.002
       524.367
       524.755
       525.045
       525.365
       525.718
       526.201
       526.723
       527.263
       527.905
       528.598
       529.346
       530.179
       531.076
       532.026
       532.545
       533.121
       533.691
       533.624
       533.547
       533.472
       533.641
         533.8
        534.05
       534.736
       535.406
       536.134
       536.965
       537.787
       538.597
        539.19
       539.714
       540.082
       540.267
       540.397
       540.354
       540.207
        540.05
       539.735
       539.351
       539.124
       538.979
       538.842
       538.674
       538.627
       538.538
       538.473
       538.516
       538.655
       538.731
       538.546
       538.258
       538.051
       537.794
       537.397
       536.536
       535.448
       534.705
       534.467
       536.112
       536.722
       536.342
       536.796
        536.17
       535.329
       534.182
        532.25
       530.222
       528.148
       526.325
       525.767
       525.727
       525.612
       525.452
       525.286
       525.132
       523.877
       522.327
       520.851
       519.551
       517.702
       515.802
       513.927
       512.392
       511.424
       510.542
       509.746
       508.649
       507.624
       505.937
       503.793
       501.719
       499.744
       497.888
       496.089
       494.346
       492.729
       491.194
       489.708
        488.27
       486.841
       485.482
       484.363
       512.825
       512.656
       483.733
       493.032
       493.033
       493.033
       493.033
       493.032
       493.032
       493.031
       493.031
        493.03
       493.029
       493.027
       493.026
       493.024
       493.022
        493.02
       493.017
       493.014
       493.011
       493.007
       493.003
       492.998
       492.993
       492.987
        492.98
       492.973
       492.965
       492.956
       492.946
       492.935
       492.923
       492.909
       492.894
       492.878
        492.86
        492.84
       492.818
       492.794
       492.767
       492.738
       492.705
        492.67
       492.631
       492.589
       492.543
       492.492
       492.436
       492.376
        492.31
       492.239
       492.161
       492.077
       491.985
       491.887
       491.781
       491.668
       491.546
       491.416
       491.278
       491.131
       490.977
       490.814
       490.644
       491.176
       491.712
       492.251
       492.565
       492.888
       493.225
       493.566
       493.927
       494.309
       494.582
       494.884
       495.219
        495.69
       496.199
       496.724
       497.354
       498.034
       498.769
       499.592
       500.476
       501.411
       501.872
       502.402
       502.941
       502.801
       502.653
       502.511
       502.635
       502.754
       502.973
       503.666
       504.344
       505.087
       505.943
        506.79
       507.625
       508.228
       508.759
       509.126
       509.297
       509.411
       509.337
       509.153
       508.957
       508.593
        508.16
         507.9
       507.731
       507.573
       507.386
       507.332
       507.245
       507.181
       507.247
       507.423
       507.538
       507.375
       507.106
        506.93
       506.707
       506.339
       505.478
       504.379
        503.66
       503.494
       505.369
       506.134
        505.84
       506.452
       505.905
       505.132
       504.034
       502.096
       500.059
       497.977
       496.172
       495.737
       495.864
       495.915
       495.916
       495.912
        495.92
       494.738
       493.236
       491.811
       490.573
       488.738
       486.842
       484.969
       483.457
        482.55
        481.73
       480.996
       479.932
       478.938
       477.223
       475.007
        472.86
        470.81
       468.878
       466.997
       465.165
       463.458
       461.828
       460.239
       458.692
       457.147
       455.669
       454.448
       485.173
       484.989
       453.743
       462.728
       462.728
       462.728
       462.728
       462.728
       462.728
       462.727
       462.726
       462.726
       462.725
       462.723
       462.722
        462.72
       462.718
       462.716
       462.713
        462.71
       462.707
       462.703
       462.699
       462.695
       462.689
       462.684
       462.677
        462.67
       462.662
       462.653
       462.643
       462.632
        462.62
       462.607
       462.592
       462.575
       462.557
       462.537
       462.515
        462.49
       462.463
       462.433
         462.4
       462.364
       462.324
        462.28
       462.232
       462.179
       462.121
       462.057
       461.987
       461.911
       461.828
       461.737
       461.639
       461.532
       461.416
       461.291
       461.156
       461.012
       460.857
       460.691
       460.516
        460.33
       460.134
       460.689
       461.246
       461.803
       462.118
        462.44
       462.773
        463.11
       463.464
       463.839
       464.093
       464.375
        464.69
       465.146
        465.64
       466.147
       466.763
       467.429
       468.149
       468.958
       469.829
       470.748
        471.15
       471.616
       472.107
       471.893
        471.67
       471.457
       471.535
       471.611
       471.801
       472.502
        473.19
       473.948
       474.828
         475.7
       476.562
       477.176
       477.715
       478.082
       478.242
       478.339
       478.237
       478.015
       477.782
       477.372
       476.891
         476.6
       476.412
       476.237
       476.034
       475.981
       475.904
       475.851
       475.939
        476.15
         476.3
       476.158
       475.908
       475.763
       475.573
       475.234
       474.372
       473.261
       472.565
        472.47
       474.573
       475.494
       475.285
       476.055
       475.587
       474.881
       473.833
       471.888
       469.841
       467.751
       465.963
       465.651
       465.948
       466.164
       466.328
       466.486
       466.657
        465.55
       464.098
       462.726
       461.551
       459.733
       457.845
       455.976
       454.491
       453.649
       452.894
       452.226
       451.199
       450.239
         448.5
       446.217
       443.998
       441.875
       439.869
       437.905
       435.983
       434.181
       432.448
       430.747
       429.078
       427.401
       425.789
       424.447
       457.445
       457.243
       423.639
       432.409
        432.41
        432.41
        432.41
        432.41
       432.409
       432.409
       432.408
       432.407
       432.406
       432.405
       432.404
       432.402
         432.4
       432.398
       432.395
       432.393
       432.389
       432.386
       432.382
       432.377
       432.372
       432.366
        432.36
       432.353
       432.345
       432.336
       432.327
       432.316
       432.304
       432.291
       432.276
       432.259
       432.241
       432.221
       432.199
       432.174
       432.147
       432.116
       432.083
       432.046
       432.005
        431.96
        431.91
       431.855
       431.795
       431.728
       431.655
       431.574
       431.486
        431.39
       431.284
       431.169
       431.043
       430.907
       430.759
         430.6
       430.428
       430.243
       430.046
       429.836
       429.614
        430.19
       430.766
       431.341
       431.655
       431.974
       432.303
       432.632
       432.978
       433.343
       433.577
       433.837
       434.129
       434.569
       435.045
       435.532
       436.132
       436.781
       437.484
       438.279
       439.135
       440.038
       440.382
       440.785
       441.215
       440.899
       440.591
       440.303
       440.333
       440.365
       440.526
       441.242
       441.941
       442.712
       443.616
       444.512
       445.401
       446.027
       446.577
       446.947
       447.095
       447.179
       447.048
       446.791
       446.522
       446.067
       445.542
       445.223
       445.018
        444.83
       444.615
       444.571
       444.512
       444.476
       444.588
       444.833
       445.019
       444.897
       444.665
       444.551
       444.393
       444.082
       443.218
       442.095
       441.421
       441.395
       443.725
         444.8
       444.675
       445.603
       445.213
       444.575
       443.575
       441.622
       439.564
       437.467
       435.697
       435.509
       435.974
       436.356
       436.684
       437.005
       437.341
        436.31
       434.909
       433.592
       432.483
       430.684
       428.807
       426.947
       425.491
       424.719
       424.035
       423.438
       422.452
       421.532
       419.773
       417.427
       415.142
       412.949
        410.87
       408.824
       406.809
       404.908
       403.065
       401.239
       399.434
       397.606
       395.836
        394.35
       429.629
       429.402
       393.396
       402.072
       402.072
       402.072
       402.072
       402.072
       402.072
       402.071
       402.071
        402.07
       402.069
       402.068
       402.067
       402.065
       402.063
       402.061
       402.059
       402.056
       402.053
       402.049
       402.045
       402.041
       402.036
       402.031
       402.024
       402.018
        402.01
       402.001
       401.992
       401.981
       401.969
       401.956
       401.942
       401.926
       401.908
       401.888
       401.865
       401.841
       401.813
       401.783
       401.749
       401.712
        401.67
       401.624
       401.573
       401.517
       401.454
       401.385
       401.309
       401.225
       401.132
        401.03
       400.918
       400.795
        400.66
       400.513
       400.352
       400.178
       399.989
       399.785
       399.566
       399.331
       399.081
       399.678
       400.273
       400.864
       401.174
       401.489
       401.812
       402.132
       402.468
       402.821
       403.032
       403.268
       403.535
       403.956
       404.413
       404.878
       405.459
       406.089
       406.774
       407.553
       408.395
       409.284
       409.574
       409.924
       410.296
       409.881
       409.487
       409.122
       409.099
        409.08
       409.196
       409.905
       410.597
       411.376
         412.3
       413.218
       414.136
       414.779
       415.341
       415.714
       415.853
       415.925
       415.769
       415.475
       415.172
       414.675
       414.107
       413.765
       413.548
       413.353
       413.134
       413.112
       413.075
       413.059
       413.196
       413.475
       413.695
       413.593
       413.378
       413.294
       413.168
       412.885
       412.017
       410.879
       410.225
       410.267
       412.824
       414.052
       414.009
       415.093
        414.78
       414.208
       413.257
       411.294
       409.226
        407.12
       405.368
       405.305
       405.939
       406.488
       406.979
       407.465
       407.966
       407.013
       405.665
       404.405
       403.366
       401.589
       399.727
        397.88
       396.459
       395.761
       395.153
       394.633
       393.694
       392.819
       391.047
       388.644
       386.298
        384.04
       381.893
       379.767
       377.659
       375.654
       373.692
       371.729
       369.769
       367.766
       365.808
       364.145
       401.709
       401.451
       362.985
       371.711
       371.711
       371.711
       371.711
       371.711
       371.711
       371.711
        371.71
       371.709
       371.708
       371.707
       371.706
       371.704
       371.703
       371.701
       371.698
       371.696
       371.693
       371.689
       371.686
       371.681
       371.677
       371.671
       371.666
       371.659
       371.651
       371.643
       371.634
       371.624
       371.612
       371.599
       371.585
       371.569
       371.552
       371.532
        371.51
       371.486
       371.458
       371.428
       371.395
       371.357
       371.315
       371.269
       371.217
        371.16
       371.096
       371.025
       370.946
       370.859
       370.762
       370.655
       370.537
       370.407
       370.264
       370.106
       369.933
       369.745
       369.539
       369.316
       369.074
       368.814
       368.536
       369.152
       369.764
        370.37
       370.676
       370.985
       371.299
       371.608
       371.932
       372.271
       372.457
       372.667
       372.906
       373.307
       373.742
       374.182
       374.743
       375.352
       376.015
       376.777
       377.606
       378.483
       378.727
       379.032
       379.363
       378.861
       378.386
       377.946
        377.87
       377.796
       377.861
       378.546
       379.221
       379.989
       380.914
       381.843
       382.781
       383.429
       384.001
       384.375
        384.51
       384.574
       384.393
       384.064
       383.727
       383.189
       382.581
       382.221
       381.998
       381.805
       381.594
       381.601
       381.592
       381.601
       381.765
       382.076
       382.329
       382.246
       382.048
       381.993
       381.899
       381.641
       380.769
       379.615
       378.979
       379.086
       381.868
       383.246
       383.283
       384.521
       384.283
       383.777
       382.874
       380.902
       378.823
       376.709
       374.974
       375.035
       375.839
       376.554
        377.21
       377.861
       378.529
       377.654
       376.361
       375.162
       374.195
       372.446
       370.602
       368.772
       367.391
       366.774
       366.248
       365.812
       364.926
       364.104
       362.326
       359.875
       357.476
       355.161
       352.951
       350.749
       348.549
       346.438
        344.35
       342.236
       340.099
        337.89
       335.707
        333.82
       373.663
       373.366
        332.37
       341.322
       341.322
       341.322
       341.322
       341.322
       341.322
       341.321
       341.321
        341.32
       341.319
       341.318
       341.317
       341.315
       341.314
       341.312
        341.31
       341.307
       341.304
       341.301
       341.298
       341.294
       341.289
       341.284
       341.278
       341.272
       341.265
       341.257
       341.248
       341.238
       341.227
       341.215
       341.201
       341.186
       341.169
       341.149
       341.128
       341.104
       341.077
       341.048
       341.014
       340.977
       340.936
       340.889
       340.837
        340.78
       340.715
       340.643
       340.562
       340.473
       340.373
       340.262
       340.139
       340.003
       339.851
       339.684
         339.5
       339.298
       339.076
       338.834
        338.57
       338.284
       337.977
       338.611
       339.239
       339.858
       340.159
       340.459
       340.763
        341.06
       341.369
       341.692
       341.851
       342.032
       342.242
        342.62
       343.031
       343.444
       343.981
       344.567
       345.203
       345.947
       346.761
       347.631
       347.833
       348.107
       348.409
       347.829
       347.282
       346.774
       346.645
       346.516
       346.529
       347.193
       347.848
       348.601
       349.523
       350.453
       351.387
       352.025
        352.59
       352.955
       353.077
       353.128
       352.919
       352.553
       352.181
       351.601
       350.957
       350.583
       350.362
       350.182
       349.992
       350.041
       350.068
       350.112
       350.304
       350.636
       350.919
       350.855
       350.675
       350.649
       350.585
       350.353
       349.475
       348.301
        347.68
       347.849
       350.852
       352.379
       352.492
       353.883
       353.719
       353.277
       352.422
       350.442
       348.352
       346.229
       344.511
       344.696
        345.67
        346.55
       347.371
       348.188
       349.024
       348.229
       346.993
       345.856
       344.966
       343.247
       341.427
        339.62
       338.286
       337.756
        337.32
       336.974
       336.151
       335.391
       333.617
       331.127
       328.685
       326.324
       324.061
       321.791
       319.503
       317.286
       315.065
       312.786
       310.448
       307.998
       305.541
       303.369
       345.464
       345.121
       301.511
       310.899
       310.899
       310.899
       310.899
       310.899
       310.899
       310.899
       310.898
       310.897
       310.897
       310.896
       310.895
       310.893
       310.892
        310.89
       310.888
       310.886
       310.883
        310.88
       310.877
       310.873
       310.869
       310.864
       310.859
       310.853
       310.846
       310.838
        310.83
        310.82
        310.81
       310.798
       310.785
        310.77
       310.754
       310.735
       310.715
       310.692
       310.666
       310.637
       310.604
       310.568
       310.527
       310.481
        310.43
       310.372
       310.307
       310.235
       310.154
       310.063
       309.961
       309.847
        309.72
       309.579
       309.421
       309.246
       309.052
       308.837
       308.599
       308.338
       308.052
       307.741
       307.404
       308.055
       308.698
       309.328
       309.621
       309.911
       310.203
       310.485
       310.777
       311.082
       311.212
       311.363
       311.541
       311.894
        312.28
        312.66
       313.174
       313.738
       314.364
       315.104
       315.918
       316.785
        316.95
       317.187
       317.459
       316.811
       316.199
       315.624
       315.444
       315.259
       315.221
       315.864
       316.493
       317.223
       318.132
       319.051
       319.983
       320.613
       321.167
       321.508
       321.583
       321.599
       321.345
       320.936
       320.527
       319.902
        319.22
        318.84
       318.632
       318.485
       318.341
       318.437
       318.503
       318.582
       318.787
       319.145
       319.461
       319.419
       319.259
       319.264
       319.231
       319.023
       318.136
        316.94
       316.329
       316.556
       319.777
       321.447
       321.633
       323.173
       323.082
       322.704
       321.897
       319.908
       317.808
       315.677
       313.976
       314.283
       315.426
       316.473
       317.457
       318.439
       319.444
        318.73
       317.552
       316.481
       315.672
        313.99
       312.199
       310.421
       309.141
       308.706
       308.367
       308.121
       307.369
       306.681
       304.922
       302.406
       299.936
       297.542
        295.24
       292.914
       290.548
       288.229
       285.874
       283.417
       280.853
       278.121
       275.331
       272.793
       317.079
       316.682
       270.367
       280.438
       280.439
       280.439
       280.439
       280.439
       280.438
       280.438
       280.438
       280.437
       280.436
       280.435
       280.434
       280.433
       280.432
        280.43
       280.428
       280.426
       280.424
       280.421
       280.418
       280.414
        280.41
       280.406
       280.401
       280.395
       280.389
       280.382
       280.374
       280.365
       280.355
       280.344
       280.332
       280.318
       280.302
       280.285
       280.265
       280.243
       280.219
       280.191
       280.159
       280.124
       280.085
        280.04
        279.99
       279.933
       279.869
       279.797
       279.716
       279.625
       279.522
       279.407
       279.278
       279.133
        278.97
       278.788
       278.585
       278.359
       278.108
       277.829
       277.522
       277.185
       276.817
       277.485
        278.14
        278.78
       279.063
       279.341
       279.618
       279.883
       280.156
       280.442
       280.541
       280.657
       280.799
       281.128
       281.493
       281.859
       282.368
       282.931
       283.557
       284.296
       285.109
       285.976
       286.105
        286.31
       286.551
       285.832
       285.151
       284.508
       284.277
       284.039
       283.951
       284.572
       285.174
       285.878
       286.768
       287.669
       288.592
       289.204
       289.736
       290.044
       290.069
       290.018
       289.695
       289.224
       288.757
       288.073
       287.349
        286.98
       286.823
       286.746
       286.653
       286.796
       286.899
       286.997
       287.215
       287.599
        287.95
       287.935
       287.802
       287.841
       287.841
       287.655
       286.757
       285.535
        284.93
       285.209
       288.641
       290.448
       290.701
       292.387
       292.367
       292.053
       291.296
         289.3
       287.191
       285.052
       283.368
       283.798
       285.107
       286.317
       287.462
       288.608
       289.782
       289.149
       288.032
        287.03
       286.307
       284.667
       282.912
       281.171
       279.952
        279.62
       279.387
        279.25
        278.58
       277.976
       276.246
        273.72
       271.239
       268.831
       266.509
       264.145
       261.718
       259.309
       256.823
       254.183
       251.371
       248.314
        245.12
       242.114
       288.469
       288.011
       238.908
       249.935
       249.935
       249.935
       249.935
       249.935
       249.935
       249.935
       249.934
       249.934
       249.933
       249.932
       249.932
        249.93
       249.929
       249.928
       249.926
       249.924
       249.922
       249.919
       249.916
       249.913
        249.91
       249.905
       249.901
       249.896
        249.89
       249.884
       249.876
       249.868
       249.859
       249.849
       249.837
       249.824
        249.81
       249.793
       249.775
       249.754
       249.731
       249.705
       249.675
       249.642
       249.604
       249.561
       249.513
       249.458
       249.396
       249.325
       249.245
       249.155
       249.053
       248.938
       248.808
       248.661
       248.496
        248.31
         248.1
       247.865
       247.602
       247.307
       246.979
       246.616
       246.217
         246.9
       247.567
       248.213
       248.483
       248.747
       249.008
       249.254
       249.503
       249.768
        249.84
       249.932
        250.06
       250.382
       250.742
       251.102
       251.604
       252.162
       252.784
       253.521
       254.332
       255.199
       255.292
       255.464
       255.677
       254.886
       254.137
       253.428
       253.151
       252.862
       252.724
       253.322
       253.895
       254.572
       255.442
       256.322
       257.223
       257.796
       258.292
       258.563
       258.537
       258.426
       258.031
       257.481
       256.957
       256.224
       255.475
       255.123
       255.019
           255
       254.964
       255.161
       255.285
       255.375
       255.584
       255.987
       256.377
       256.404
       256.309
       256.385
       256.417
       256.253
       255.342
        254.09
       253.484
       253.805
        257.44
       259.376
       259.688
       261.518
       261.566
       261.317
       260.611
       258.612
       256.499
       254.355
       252.688
       253.239
        254.71
       256.077
       257.378
       258.684
       260.026
       259.475
        258.42
       257.493
       256.863
       255.271
        253.56
       251.864
       250.714
       250.494
       250.376
       250.357
        249.78
       249.274
        247.59
       245.074
       242.604
       240.207
        237.89
       235.516
       233.052
       230.575
       227.973
       225.153
       222.079
       218.657
       214.985
       211.387
        259.59
       259.067
       207.134
       219.384
       219.384
       219.384
       219.384
       219.384
       219.384
       219.384
       219.384
       219.383
       219.383
       219.382
       219.381
        219.38
       219.379
       219.378
       219.376
       219.374
       219.372
        219.37
       219.367
       219.365
       219.361
       219.358
       219.354
       219.349
       219.344
       219.338
       219.331
       219.324
       219.316
       219.306
       219.296
       219.284
       219.271
       219.256
       219.239
        219.22
       219.199
       219.174
       219.147
       219.116
        219.08
        219.04
       218.994
       218.942
       218.883
       218.815
       218.738
        218.65
        218.55
       218.436
       218.307
       218.161
       217.996
       217.808
       217.595
       217.354
       217.081
       216.773
       216.426
       216.038
       215.607
       216.302
       216.977
       217.629
       217.881
       218.127
       218.372
       218.601
       218.844
       219.108
        219.17
       219.257
       219.374
        219.69
       220.041
       220.389
       220.882
        221.43
       222.041
        222.77
       223.577
       224.443
         224.5
       224.642
       224.827
       223.968
       223.155
       222.387
       222.068
       221.732
       221.547
       222.122
       222.665
       223.313
       224.157
       225.007
       225.871
       226.392
       226.843
        227.07
       226.987
       226.816
       226.351
       225.724
        225.15
       224.391
       223.646
       223.339
       223.297
       223.362
       223.372
       223.583
       223.704
       223.779
       223.975
       224.392
        224.82
       224.877
       224.795
       224.902
       224.965
       224.823
       223.897
        222.61
       221.995
       222.349
       226.172
       228.224
       228.585
       230.551
       230.664
       230.482
       229.835
       227.841
       225.731
       223.587
       221.939
       222.608
       224.235
       225.749
       227.196
       228.654
       230.161
       229.691
       228.702
       227.854
       227.325
       225.792
       224.137
       222.496
       221.425
       221.325
        221.33
       221.439
       220.967
       220.572
       218.952
       216.469
       214.038
       211.683
       209.407
       207.058
       204.595
       202.085
       199.399
        196.42
       193.087
       189.275
       185.051
       180.725
       230.403
       229.812
       175.109
       188.781
       188.781
       188.781
       188.781
       188.781
       188.781
       188.781
       188.781
        188.78
        188.78
       188.779
       188.778
       188.777
       188.776
       188.775
       188.774
       188.772
       188.771
       188.769
       188.766
       188.764
       188.761
       188.758
       188.754
        188.75
       188.745
        188.74
       188.735
       188.728
       188.721
       188.712
       188.703
       188.693
       188.681
       188.668
       188.653
       188.636
       188.616
       188.594
        188.57
       188.541
       188.509
       188.472
        188.43
       188.381
       188.326
       188.262
       188.188
       188.104
       188.008
       187.898
       187.773
       187.629
       187.466
        187.28
       187.068
       186.825
       186.547
       186.228
       185.865
       185.454
       184.992
       185.694
       186.374
       187.029
        187.27
       187.513
       187.759
       187.994
       188.242
       188.506
        188.56
       188.638
       188.743
        189.05
       189.389
        189.72
       190.197
       190.728
       191.321
       192.037
       192.834
       193.695
       193.717
        193.83
       193.994
       193.073
       192.207
       191.388
       191.035
       190.658
       190.428
       190.981
       191.492
       192.106
       192.917
       193.729
       194.553
       195.017
       195.409
        195.57
       195.415
       195.183
       194.654
       193.964
        193.37
       192.621
       191.907
       191.649
       191.679
       191.814
        191.84
       192.058
       192.165
       192.235
       192.421
       192.834
       193.271
       193.323
       193.254
       193.394
       193.491
       193.373
       192.434
        191.11
       190.478
       190.848
        194.84
       196.987
       197.379
       199.471
       199.644
       199.532
       198.953
       196.977
       194.887
       192.757
       191.134
       191.917
       193.686
       195.331
       196.908
       198.507
        200.17
       199.778
       198.856
       198.096
       197.681
        196.22
       194.635
       193.062
       192.082
       192.109
       192.243
       192.487
       192.129
       191.862
       190.327
       187.904
       185.546
       183.273
       181.081
       178.805
       176.394
       173.906
       171.189
         168.1
       164.543
       160.346
       155.521
       150.329
       200.877
       200.219
       143.026
        158.12
        158.12
        158.12
       158.121
       158.121
        158.12
        158.12
        158.12
        158.12
       158.119
       158.119
       158.118
       158.117
       158.117
       158.116
       158.114
       158.113
       158.112
        158.11
       158.108
       158.106
       158.104
       158.101
       158.098
       158.094
        158.09
       158.086
       158.081
       158.075
       158.069
       158.062
       158.054
       158.045
       158.035
       158.023
       158.011
       157.996
       157.979
        157.96
       157.938
       157.913
       157.885
       157.852
       157.814
        157.77
       157.719
       157.661
       157.592
       157.514
       157.423
       157.318
       157.199
       157.061
       156.904
       156.724
       156.517
       156.277
           156
       155.678
         155.3
       154.871
       154.382
       155.107
       155.807
       156.479
       156.725
       156.967
       157.212
       157.448
       157.697
       157.963
       158.008
       158.074
       158.164
       158.459
       158.782
       159.091
       159.545
        160.05
       160.616
       161.309
       162.088
        162.94
       162.925
       163.016
       163.167
       162.197
        161.29
       160.435
        160.06
        159.65
       159.381
        159.91
       160.386
       160.958
       161.727
       162.491
       163.264
       163.664
       163.992
       164.078
       163.848
       163.551
       162.982
       162.302
       161.726
       160.997
       160.304
       160.053
       160.074
       160.193
       160.246
       160.496
       160.671
        160.76
       160.923
       161.297
       161.704
       161.739
       161.678
       161.865
       162.001
       161.912
       160.964
       159.606
       158.951
       159.315
       163.443
       165.656
       166.054
       168.255
       168.483
       168.445
       167.949
       166.014
       163.972
       161.883
       160.298
       161.187
       163.078
       164.828
       166.509
       168.226
       170.033
       169.714
       168.863
       168.202
       167.916
       166.546
       165.048
       163.561
       162.681
       162.841
       163.106
       163.488
       163.252
       163.127
       161.701
       159.371
       157.128
       154.986
       152.931
       150.789
       148.497
       146.105
        143.44
       140.328
       136.631
       132.112
       126.695
       120.535
       171.013
       170.292
       111.297
       127.397
       127.398
       127.398
       127.398
       127.398
       127.398
       127.398
       127.397
       127.397
       127.397
       127.396
       127.396
       127.395
       127.395
       127.394
       127.393
       127.392
       127.391
       127.389
       127.388
       127.386
       127.384
       127.382
       127.379
       127.376
       127.373
        127.37
       127.366
       127.361
       127.356
        127.35
       127.344
       127.336
       127.328
       127.319
       127.308
       127.296
       127.282
       127.266
       127.248
       127.227
       127.203
       127.175
       127.142
       127.104
        127.06
       127.007
       126.946
       126.874
        126.79
       126.693
       126.581
       126.452
       126.304
       126.136
       125.941
       125.708
       125.442
        125.13
       124.768
       124.349
       123.861
       124.615
       125.328
       126.009
       126.249
       126.485
       126.727
       126.959
       127.206
       127.471
       127.506
       127.562
       127.638
       127.919
       128.222
       128.501
       128.924
       129.392
       129.919
       130.575
       131.325
       132.159
       132.106
       132.178
       132.329
       131.329
       130.404
       129.535
       129.156
       128.726
       128.423
       128.929
       129.362
       129.881
       130.593
       131.294
       132.001
       132.327
       132.589
       132.611
       132.322
       131.998
       131.435
       130.785
       130.248
       129.541
       128.849
       128.573
       128.559
       128.638
       128.684
       128.985
       129.178
       129.268
       129.411
       129.765
       130.159
       130.168
       130.109
       130.328
       130.502
        130.45
       129.506
       128.126
       127.444
       127.775
       131.987
       134.221
       134.584
       136.869
       137.141
       137.186
       136.798
       134.943
       132.994
       130.989
       129.466
       130.453
       132.432
       134.246
       135.987
       137.786
       139.715
       139.464
       138.692
       138.144
       138.009
       136.756
       135.374
       133.995
       133.229
       133.524
       133.913
       134.426
       134.312
       134.342
        133.05
       130.855
       128.779
       126.826
       124.975
       123.037
       120.946
       118.746
       116.249
       113.253
       109.572
        104.89
       99.0046
       91.8801
       140.871
       140.096
       80.6997
       96.6076
       96.6078
        96.608
       96.6081
       96.6082
       96.6081
        96.608
       96.6079
       96.6077
       96.6074
       96.6071
       96.6067
       96.6063
       96.6058
       96.6052
       96.6045
       96.6037
       96.6027
       96.6017
       96.6005
       96.5992
       96.5977
        96.596
       96.5941
       96.5919
       96.5895
       96.5868
       96.5837
       96.5802
       96.5763
       96.5719
       96.5669
       96.5613
       96.5549
       96.5476
       96.5394
         96.53
       96.5193
       96.5071
        96.493
       96.4767
       96.4578
       96.4356
       96.4095
       96.3784
       96.3411
       96.2962
       96.2425
       96.1788
       96.1033
       96.0155
       95.9145
        95.795
       95.6584
        95.509
       95.3399
       95.1454
        94.923
       94.6592
       94.3406
       93.9501
       93.4655
       94.2342
       94.9432
        95.616
        95.837
       96.0603
       96.2924
       96.5176
       96.7613
       97.0249
       97.0535
       97.1014
       97.1643
       97.4304
       97.7084
       97.9526
       98.3359
       98.7546
       99.2256
       99.8254
       100.525
       101.327
        101.23
       101.288
       101.455
       100.453
       99.5468
       98.6978
       98.3403
       97.9086
       97.5819
       98.0607
       98.4392
       98.8875
       99.5217
       100.135
       100.753
        100.99
       101.182
       101.156
       100.858
       100.572
       100.059
       99.4669
       98.9834
       98.3126
        97.619
       97.3295
       97.2792
       97.3193
       97.3442
       97.6087
       97.7408
       97.7837
        97.884
       98.2432
       98.6289
       98.6189
       98.5481
       98.7794
       98.9916
       98.9901
       98.0826
       96.7164
       96.0217
       96.2822
       100.485
       102.665
       102.937
        105.26
       105.558
       105.695
       105.454
       103.746
       101.973
       100.125
       98.7089
       99.7768
       101.791
         103.6
       105.332
       107.149
       109.162
       108.974
       108.297
       107.886
        107.93
       106.834
       105.614
       104.382
       103.747
       104.167
       104.658
       105.279
       105.273
       105.462
       104.336
       102.329
       100.488
       98.7957
         97.22
       95.5661
       93.7684
       91.8756
       89.6933
        87.006
       83.5936
       79.0593
       73.0358
       65.1798
       110.614
       109.809
       52.5921
        65.746
       65.7462
       65.7464
       65.7465
       65.7465
       65.7465
       65.7464
       65.7463
       65.7462
        65.746
       65.7458
       65.7456
       65.7453
       65.7449
       65.7445
        65.744
       65.7435
       65.7429
       65.7422
       65.7414
       65.7405
       65.7395
       65.7384
       65.7371
       65.7356
        65.734
       65.7321
       65.7301
       65.7277
       65.7251
       65.7221
       65.7187
       65.7149
       65.7106
       65.7056
       65.7001
       65.6937
       65.6864
        65.678
       65.6684
       65.6572
       65.6441
       65.6286
         65.61
       65.5872
       65.5588
       65.5228
       65.4782
       65.4247
       65.3577
       65.2794
       65.1955
       65.1009
       65.0044
       64.8997
       64.7818
       64.6458
       64.4851
       64.2875
       64.0352
       63.6988
       63.2324
       63.9871
       64.6541
       65.2873
        65.478
       65.6831
       65.9023
        66.117
       66.3522
       66.6134
       66.6422
       66.6918
        66.749
       67.0001
       67.2516
       67.4573
       67.7905
       68.1453
        68.539
       69.0519
       69.6648
       70.4021
       70.2572
       70.3044
       70.5018
       69.5486
       68.7219
       67.9461
       67.6454
       67.2391
       66.9032
       67.3413
        67.645
       67.9977
       68.5232
       69.0208
        69.525
       69.6655
       69.8076
       69.7696
       69.4905
       69.2544
       68.8077
       68.2902
       67.8873
       67.2845
       66.6336
       66.3564
       66.2812
       66.2741
       66.2464
       66.4475
       66.5082
       66.4714
       66.5352
       66.8454
       67.1766
       67.1226
       67.0143
       67.2272
       67.4473
       67.5148
       66.7141
       65.4543
       64.8157
       64.9626
       68.9571
         70.96
       71.0717
        73.339
       73.6356
       73.8723
        73.831
       72.3842
       70.9291
         69.38
         68.16
       69.2763
       71.2265
        72.926
       74.5401
       76.2652
       78.2788
       78.1615
       77.6223
       77.3842
        77.636
        76.759
        75.778
        74.761
       74.2844
       74.7977
       75.3391
       76.0108
       76.0785
       76.4111
       75.4925
         73.76
        72.246
       70.8977
       69.6727
       68.3817
        66.971
       65.5044
       63.8032
       61.6663
       58.8768
       55.0006
       49.5182
       41.6482
        80.575
       79.8064
       29.1958
       34.8076
       34.8078
       34.8079
       34.8079
       34.8079
       34.8079
       34.8079
       34.8079
       34.8078
       34.8077
       34.8076
       34.8075
       34.8073
       34.8072
        34.807
       34.8067
       34.8064
       34.8061
       34.8058
       34.8054
       34.8049
       34.8044
       34.8039
       34.8032
       34.8025
       34.8017
       34.8007
       34.7997
       34.7985
       34.7972
       34.7957
        34.794
        34.792
       34.7898
       34.7874
       34.7845
       34.7813
       34.7776
       34.7734
       34.7685
       34.7627
        34.756
        34.748
       34.7381
       34.7256
       34.7084
        34.682
       34.6466
       34.6087
       34.5641
       34.5223
       34.4792
       34.4327
       34.3842
        34.331
       34.2707
       34.2005
       34.1149
       34.0056
       33.8567
       33.6333
       33.2508
       33.9137
       34.4624
       34.9956
        35.153
       35.3409
       35.5457
        35.746
       35.9654
       36.2162
       36.2661
       36.3391
       36.4093
       36.6408
       36.8612
       37.0307
        37.303
       37.5792
       37.8733
       38.2557
       38.7156
       39.3102
       39.1354
       39.1643
       39.3703
       38.5751
       37.9361
       37.3243
       37.1155
       36.7805
       36.4708
       36.8177
       37.0121
       37.2377
       37.6087
       37.9537
       38.3267
       38.3841
       38.4711
       38.4294
       38.1988
       38.0269
       37.6757
       37.2684
       36.9683
       36.4813
       35.9336
       35.6875
       35.5822
        35.506
       35.3913
       35.5032
       35.4916
       35.3932
       35.3895
       35.5999
       35.8367
       35.7466
       35.6155
       35.7662
       35.9557
       36.0702
       35.4817
        34.535
       34.0873
        34.124
       37.4137
       39.0257
       38.9848
       40.9533
       41.2326
       41.5628
       41.7596
       40.7879
       39.8898
        38.899
       38.0845
       39.1572
       40.8434
       42.2773
       43.6264
       45.0767
       46.8786
       46.8972
       46.6083
       46.5936
       47.0328
       46.4885
       45.8833
       45.2164
       44.9497
       45.4721
       45.9614
       46.5675
       46.6531
       47.0484
       46.4053
       45.1151
       44.0629
        43.147
       42.3338
       41.4725
        40.535
       39.5991
       38.5314
       37.1979
       35.4525
       32.9523
       29.2022
       23.0576
        51.358
       50.7942
       13.9568
        3.7875
        3.7875
        3.7875
        3.7875
        3.7875
        3.7875
        3.7875
        3.7875
        3.7875
        3.7875
        3.7875
        3.7875
        3.7875
        3.7875
        3.7875
        3.7875
        3.7875
        3.7875
        3.7875
        3.7875
        3.7875
        3.7875
        3.7875
        3.7875
        3.7875
        3.7875
        3.7875
        3.7875
        3.7875
        3.7875
        3.7875
        3.7875
        3.7875
        3.7875
        3.7875
        3.7875
        3.7875
        3.7875
        3.7875
        3.7875
        3.7875
        3.7875
        3.7875
        3.7875
        3.7875
        3.7875
        3.7875
        3.7875
        3.7875
        3.7875
        3.7875
        3.7875
        3.7875
        3.7875
        3.7875
        3.7875
        3.7875
        3.7875
        3.7875
        3.7875
        3.7875
        3.7875
        4.0695
       4.35405
       4.63845
       4.83125
       5.02406
       5.21683
       5.40526
       5.59369
       5.78153
       5.91614
       6.05075
       6.18589
       6.36065
       6.53541
       6.69983
       6.88763
       7.07542
       7.26348
         7.463
       7.66252
       7.85603
       7.83944
       7.82285
       7.79787
       7.51242
       7.22697
       6.94642
       6.77102
       6.59561
        6.4626
         6.516
        6.5694
       6.65194
       6.78152
        6.9111
       7.04068
        7.0861
       7.10959
       7.07469
        6.9672
       6.84075
       6.64768
       6.41785
       6.19176
       5.91121
       5.61363
       5.39152
       5.21372
       5.04994
       4.88616
       4.78606
       4.67572
       4.56538
       4.49819
       4.49855
       4.51544
       4.46506
       4.41468
       4.44287
       4.49623
       4.53802
       4.43272
       4.27981
       4.32044
        4.6223
        5.7683
       6.53457
       6.94313
       7.76158
       8.17914
       8.55547
        8.8489
       8.85399
       8.85907
       8.88454
       9.05306
       9.78629
       10.7612
       11.7192
       12.6611
       13.5958
       14.5222
        14.965
       15.2578
       15.5506
       15.8829
       15.9464
       15.9464
       15.9172
       15.9925
       16.2693
       16.5461
       16.8229
       16.9378
       17.0476
       16.8446
       16.4169
       15.9892
       15.5761
       15.1881
       14.8001
       14.4139
       14.0594
       13.7184
       13.3763
       13.0318
       12.6656
       12.2994
       12.0002
            24
            24
       11.9638
