8                             
0                             3.7004                        
1                             3.7004                        
2                             3.7004                        
3                             3.7004                        
4                             3.7004                        
5                             3.7004                        
6                             3.7004                        
7                             3.7004                        
8                             3.7004                        
9                             3.7004                        
10                            3.7004                        
11                            3.7004                        
12                            3.7004                        
13                            3.7004                        
14                            3.7004                        
15                            3.7004                        
16                            3.7004                        
17                            3.7004                        
18                            3.7004                        
19                            3.7004                        
20                            3.7004                        
21                            3.7004                        
22                            3.7004                        
23                            3.7004                        
24                            3.7004                        
25                            3.7004                        
26                            3.7004                        
27                            3.7004                        
28                            3.7004                        
29                            3.7004                        
30                            3.7004                        
31                            3.7004                        
32                            3.7004                        
33                            3.7004                        
34                            3.7004                        
35                            3.7004                        
36                            3.7004                        
37                            3.7004                        
38                            3.7004                        
39                            3.7004                        
40                            3.7004                        
41                            3.7004                        
42                            3.7004                        
43                            3.7004                        
44                            3.7004                        
45                            3.7004                        
46                            3.7004                        
47                            3.7004                        
48                            3.7004                        
49                            3.7004                        
50                            3.7004                        
51                            3.7004                        
52                            3.7004                        
53                            3.7004                        
54                            3.7004                        
55                            3.7004                        
56                            3.7004                        
57                            3.7004                        
58                            3.7004                        
59                            3.7004                        
60                            3.7004                        
61                            3.7004                        
62                            3.6656                        
63                            3.6305                        
64                            3.5954                        
65                            3.5716                        
66                            3.5478                        
67                            3.524                         
68                            3.5008                        
69                            3.4775                        
70                            3.4543                        
71                            3.4377                        
72                            3.4211                        
73                            3.4044                        
74                            3.3829                        
75                            3.3613                        
76                            3.3437                        
77                            3.3231                        
78                            3.3026                        
79                            3.282                         
80                            3.26                          
81                            3.238                         
82                            3.2168                        
83                            3.2214                        
84                            3.2261                        
85                            3.2318                        
86                            3.2697                        
87                            3.3075                        
88                            3.3448                        
89                            3.369                         
90                            3.3933                        
91                            3.4123                        
92                            3.4084                        
93                            3.4044                        
94                            3.3968                        
95                            3.3835                        
96                            3.3701                        
97                            3.3568                        
98                            3.3538                        
99                            3.3535                        
100                           3.3734                        
101                           3.4078                        
102                           3.4492                        
103                           3.5142                        
104                           3.5838                        
105                           3.652                         
106                           3.7268                        
107                           3.8036                        
108                           3.8527                        
109                           3.8868                        
110                           3.9192                        
111                           3.9515                        
112                           3.9567                        
113                           3.9596                        
114                           3.9624                        
115                           3.9599                        
116                           3.9491                        
117                           3.9283                        
118                           3.9158                        
119                           3.9032                        
120                           3.881                         
121                           3.8613                        
122                           3.8459                        
123                           3.8605                        
124                           3.882                         
125                           3.8397                        
126                           3.7302                        
127                           3.3104                        
128                           3.0301                        
129                           2.8814                        
130                           2.7788                        
131                           2.7256                        
132                           2.6776                        
133                           2.6398                        
134                           2.6375                        
135                           2.6353                        
136                           2.6305                        
137                           2.6081                        
138                           2.516                         
139                           2.3941                        
140                           2.2784                        
141                           2.1686                        
142                           2.0597                        
143                           1.9518                        
144                           1.9036                        
145                           1.8739                        
146                           1.8442                        
147                           1.8                           
148                           1.7867                        
149                           1.7813                        
150                           1.7795                        
151                           1.7653                        
152                           1.7311                        
153                           1.697                         
154                           1.6628                        
155                           1.6486                        
156                           1.6352                        
157                           1.6705                        
158                           1.7336                        
159                           1.7966                        
160                           1.8579                        
161                           1.916                         
162                           1.9742                        
163                           2.0321                        
164                           2.0792                        
165                           2.1212                        
166                           2.1635                        
167                           2.2061                        
168                           2.2568                        
169                           2.3074                        
170                           2.3498                        
171                           0                             
172                           0                             
173                           2.3553                        
