160                           87.465                        
35                            87.465                        
34                            87.447                        
33                            87.776                        
32                            88.2                          
31                            88.642                        
30                            89.082                        
29                            89.511                        
28                            89.924                        
27                            90.33                         
26                            90.729                        
25                            91.113                        
24                            91.475                        
23                            91.809                        
22                            92.122                        
21                            92.417                        
20                            92.696                        
19                            92.986                        
18                            93.26                         
17                            93.522                        
16                            93.739                        
15                            81.054                        
14                            73.47                         
13                            66.707                        
12                            53.753                        
11                            51.694                        
10                            30.827                        
9                             29.513                        
8                             29.119                        
7                             22.238                        
6                             21.076                        
5                             20.827                        
4                             20.581                        
3                             20.351                        
2                             20.137                        
1                             19.941                        
0                             19.76                         
