160                           21.011                        
35                            21.011                        
34                            27.049                        
33                            33.515                        
32                            40.245                        
31                            47.105                        
30                            54.156                        
29                            61.354                        
28                            68.657                        
27                            73.766                        
26                            78.949                        
25                            84.231                        
24                            89.529                        
23                            94.959                        
22                            100.39                        
21                            105.89                        
20                            111.45                        
19                            117.05                        
18                            122.72                        
17                            128.45                        
16                            134.2                         
15                            130.56                        
14                            127.65                        
13                            123.35                        
12                            128.14                        
11                            131.84                        
10                            78.586                        
9                             65.88                         
8                             44.977                        
7                             43.51                         
6                             34.055                        
5                             32.476                        
4                             30.835                        
3                             29.868                        
2                             27.462                        
1                             23.805                        
0                             19.574                        
