160                           106.05                        
35                            106.05                        
34                            103.68                        
33                            100.3                         
32                            96.497                        
31                            92.431                        
30                            88.263                        
29                            83.968                        
28                            79.559                        
27                            75.07                         
26                            70.524                        
25                            65.942                        
24                            61.368                        
23                            56.831                        
22                            52.217                        
21                            47.336                        
20                            42.44                         
19                            37.535                        
18                            32.697                        
17                            27.882                        
16                            23.047                        
15                            23.18                         
14                            23.296                        
13                            25.781                        
12                            27.515                        
11                            26.226                        
10                            86.998                        
9                             127.73                        
8                             136.88                        
7                             79.09                         
6                             64.797                        
5                             55.467                        
4                             47.439                        
3                             39.727                        
2                             32.523                        
1                             25.385                        
0                             17.783                        
