160                           6.1349                        
33                            6.1349                        
32                            12.907                        
31                            19.671                        
30                            26.536                        
29                            33.348                        
28                            40.351                        
27                            47.329                        
26                            54.363                        
25                            61.407                        
24                            68.524                        
23                            75.727                        
22                            82.919                        
21                            90.057                        
20                            97.225                        
19                            100.71                        
18                            104.11                        
17                            107.53                        
16                            111.01                        
15                            112.46                        
14                            108.62                        
13                            109.34                        
12                            116.84                        
11                            117.8                         
10                            97.126                        
9                             101.29                        
8                             84.477                        
7                             51.989                        
6                             38.233                        
5                             35.85                         
4                             31.967                        
3                             30.477                        
2                             26.62                         
1                             23.356                        
0                             19.869                        
