160                           108.64                        
35                            108.64                        
34                            109.25                        
33                            110.32                        
32                            111.62                        
31                            113.03                        
30                            114.49                        
29                            116.01                        
28                            117.53                        
27                            119.09                        
26                            120.63                        
25                            122.23                        
24                            123.8                         
23                            125.4                         
22                            127                           
21                            128.59                        
20                            130.18                        
19                            131.76                        
18                            133.34                        
17                            134.89                        
16                            136.44                        
15                            133.89                        
14                            133.63                        
13                            129.61                        
12                            129.21                        
11                            132.97                        
9                             17.247                        
7                             27.665                        
6                             15.494                        
5                             16.552                        
4                             16.928                        
3                             17.76                         
2                             17.719                        
1                             18.274                        
0                             19.369                        
