160                           12.182                        
35                            12.182                        
34                            13.672                        
33                            15.134                        
32                            16.582                        
31                            18.02                         
30                            19.44                         
29                            20.835                        
28                            22.199                        
27                            23.541                        
26                            24.866                        
25                            26.167                        
24                            27.44                         
23                            28.691                        
22                            29.918                        
21                            31.116                        
20                            32.275                        
19                            33.45                         
18                            34.574                        
17                            35.678                        
16                            36.769                        
15                            37.09                         
14                            35.552                        
13                            38.751                        
12                            43.615                        
11                            42.271                        
10                            97.593                        
9                             112.87                        
8                             111.08                        
7                             79.424                        
6                             54.496                        
5                             50.332                        
4                             45.799                        
3                             41.95                         
2                             38.802                        
1                             29.386                        
0                             19.923                        
