       908.009
       908.006
       908.005
       908.004
       908.004
       908.005
       908.005
       908.006
       908.007
       908.008
        908.01
       908.011
       908.013
       908.014
       908.016
       908.018
        908.02
       908.022
       908.025
       908.027
        908.03
       908.033
       908.036
       908.039
       908.042
       908.045
       908.049
       908.052
       908.056
        908.06
       908.063
       908.067
       908.072
       908.076
        908.08
       908.084
       908.089
       908.094
       908.098
       908.103
       908.108
       908.114
       908.119
       908.125
       908.132
       908.138
       908.146
       908.154
       908.162
       908.172
       908.183
       908.196
       908.211
       908.227
       908.246
       908.269
       908.295
       908.325
       908.361
       908.402
       908.451
       908.508
       908.575
       908.654
       908.746
       908.854
       908.981
       909.129
         909.3
       909.498
       909.727
       909.989
       910.289
       910.633
       911.028
       911.484
       911.964
       912.433
       912.888
       913.325
       913.746
       914.148
       914.533
       914.901
       915.254
       915.592
       915.915
       916.225
       916.522
       916.807
       917.081
       917.344
       917.598
       917.843
       918.079
       918.306
       918.523
       918.732
       918.934
       919.132
       919.326
       919.516
       919.696
       919.867
       920.029
       920.184
       920.334
       920.476
       920.607
       920.724
       920.817
       920.888
       920.938
       920.948
       920.898
       920.789
       920.619
       920.388
       920.093
       919.735
       919.309
       918.813
       918.245
       917.603
       916.886
       916.092
       915.219
       914.267
       913.233
       912.117
       910.926
       909.674
       908.371
       907.018
       905.618
       904.176
        902.69
       901.162
       899.596
       897.992
       896.355
       894.703
       893.064
       891.454
       889.881
       888.351
       886.871
       885.448
       884.095
       882.816
       881.608
       880.469
       879.396
       878.387
       877.439
       876.551
       875.722
       874.948
       874.229
       873.563
       872.946
       872.378
       871.858
       871.383
       870.953
       870.566
       870.223
       869.921
       869.661
       869.442
       869.265
       869.131
       869.043
        869.01
       877.884
       877.884
       877.883
       877.883
       877.883
       877.884
       877.884
       877.885
       877.886
       877.887
       877.889
        877.89
       877.892
       877.893
       877.895
       877.897
       877.899
       877.902
       877.904
       877.907
       877.909
       877.912
       877.915
       877.918
       877.921
       877.924
       877.928
       877.931
       877.935
       877.939
       877.942
       877.946
        877.95
       877.955
       877.959
       877.963
       877.968
       877.972
       877.977
       877.982
       877.987
       877.992
       877.998
       878.004
        878.01
       878.017
       878.024
       878.032
        878.04
        878.05
       878.061
       878.073
       878.087
       878.104
       878.123
       878.144
        878.17
         878.2
       878.235
       878.276
       878.323
        878.38
       878.465
       878.562
       878.673
       878.793
       878.931
        879.09
       879.273
       879.482
        879.72
       879.989
       880.295
       880.644
       881.044
       881.503
       881.984
       882.465
       882.932
       883.382
       883.813
       884.227
       884.623
       884.987
       885.336
       885.669
        885.97
       886.258
       886.532
       886.802
        887.06
       887.311
       887.566
       887.812
        888.05
       888.283
       888.505
       888.719
       888.922
       889.118
       889.288
        889.44
       889.574
       889.672
       889.758
        889.84
       889.913
       889.977
       890.062
       890.148
       890.212
       890.253
       890.309
       890.326
       890.285
       890.188
       890.035
       889.832
       889.562
       889.228
       888.832
       888.359
        887.81
       887.159
       886.428
       885.691
       884.944
       884.474
       883.762
       882.816
       881.683
       880.465
       879.189
       877.859
       876.461
       875.021
       873.537
       872.022
       870.507
       868.969
       867.392
       865.795
       864.212
       862.656
       861.103
       859.584
       858.114
       856.718
       855.376
       854.105
       852.903
       851.776
       850.722
       849.731
       848.802
       847.922
       847.099
       846.297
       845.533
       844.822
       844.161
       843.551
       842.989
       842.472
       842.012
       841.602
       841.234
       840.908
       840.614
       840.361
       840.155
       842.111
       842.022
       839.896
       847.807
       847.807
       847.807
       847.807
       847.807
       847.808
       847.808
       847.809
        847.81
       847.811
       847.813
       847.814
       847.816
       847.817
       847.819
       847.821
       847.823
       847.826
       847.828
        847.83
       847.833
       847.836
       847.839
       847.842
       847.845
       847.848
       847.851
       847.855
       847.859
       847.862
       847.866
        847.87
       847.874
       847.878
       847.882
       847.887
       847.891
       847.895
         847.9
       847.905
        847.91
       847.915
        847.92
       847.926
       847.932
       847.938
       847.945
       847.952
        847.96
       847.969
        847.98
       847.991
       848.005
        848.02
       848.038
       848.058
       848.082
        848.11
       848.143
       848.182
       848.227
       848.281
       848.382
       848.495
       848.621
        848.75
       848.897
       849.064
       849.254
       849.469
       849.713
       849.983
       850.287
       850.632
       851.026
       851.466
       851.942
       852.436
       852.922
       853.387
       853.834
       854.262
        854.67
       855.033
       855.379
        855.71
        855.99
       856.257
       856.511
       856.767
       857.012
       857.252
       857.508
       857.756
       857.998
       858.237
       858.466
       858.686
        858.89
       859.086
       859.232
       859.346
       859.434
       859.459
       859.471
        859.48
       859.477
       859.462
       859.502
       859.557
       859.591
       859.603
       859.662
       859.691
       859.661
       859.577
       859.442
       859.271
       859.027
       858.718
       858.353
       857.905
       857.375
       856.716
       855.973
       855.294
       854.675
       854.688
       854.299
       853.522
        852.45
       851.264
       850.017
       848.707
        847.31
       845.869
       844.386
        842.88
       841.412
       839.936
       838.415
       836.871
       835.342
       833.838
       832.304
       830.792
       829.331
       827.961
       826.631
       825.366
       824.168
       823.053
       822.016
       821.043
       820.132
       819.259
       818.443
        817.61
       816.802
       816.045
        815.34
       814.688
       814.082
       813.523
       813.033
       812.598
       812.206
       811.854
       811.524
       811.236
       810.999
        815.05
       814.961
       810.734
        817.77
        817.77
        817.77
       817.771
       817.771
       817.772
       817.772
       817.773
       817.774
       817.775
       817.777
       817.778
        817.78
       817.781
       817.783
       817.785
       817.787
       817.789
       817.792
       817.794
       817.797
         817.8
       817.803
       817.806
       817.809
       817.812
       817.815
       817.819
       817.822
       817.826
       817.829
       817.833
       817.837
       817.841
       817.845
       817.849
       817.854
       817.858
       817.862
       817.867
       817.871
       817.876
       817.881
       817.886
       817.892
       817.898
       817.904
        817.91
       817.918
       817.926
       817.935
       817.946
       817.958
       817.971
       817.987
       818.006
       818.027
       818.053
       818.082
       818.118
       818.159
       818.207
       818.323
       818.449
       818.588
       818.723
       818.876
       819.048
       819.241
       819.459
       819.704
        819.97
       820.268
       820.604
       820.986
        821.41
        821.86
       822.355
        822.86
       823.343
       823.807
       824.251
       824.675
       825.037
       825.384
       825.713
       825.974
       826.222
       826.457
       826.701
       826.934
       827.164
       827.424
       827.674
       827.921
       828.167
       828.403
       828.632
       828.837
       829.033
       829.157
       829.234
       829.277
       829.229
       829.167
       829.103
       829.024
       828.932
       828.926
       828.951
       828.956
       828.939
       829.001
       829.044
       829.027
       828.958
       828.843
       828.703
       828.486
       828.205
       827.872
       827.449
       826.939
       826.274
       825.519
         824.9
       824.409
       824.907
        824.84
       824.235
       823.223
       822.068
       820.848
       819.558
       818.161
       816.718
       815.233
       813.734
       812.309
       810.893
       809.426
       807.933
       806.454
       805.001
       803.484
       801.979
       800.525
        799.18
       797.859
         796.6
       795.406
       794.301
       793.282
       792.326
       791.432
       790.565
       789.755
       788.892
       788.037
       787.234
       786.485
       785.789
        785.14
       784.537
       784.016
       783.556
       783.137
       782.758
       782.393
       782.068
       781.798
        787.95
       787.859
       781.526
       787.769
       787.769
        787.77
        787.77
        787.77
       787.771
       787.772
       787.773
       787.774
       787.775
       787.776
       787.778
       787.779
       787.781
       787.783
       787.785
       787.787
       787.789
       787.791
       787.794
       787.796
       787.799
       787.802
       787.805
       787.808
       787.811
       787.814
       787.818
       787.821
       787.825
       787.828
       787.832
       787.836
       787.839
       787.843
       787.847
       787.851
       787.855
       787.859
       787.864
       787.868
       787.872
       787.877
       787.881
       787.886
       787.891
       787.897
       787.902
       787.908
       787.915
       787.923
       787.932
       787.942
       787.953
       787.967
       787.982
       788.001
       788.022
       788.048
       788.078
       788.114
       788.156
       788.283
       788.421
       788.571
        788.71
       788.865
       789.039
       789.233
        789.45
       789.694
       789.951
        790.24
       790.563
       790.932
       791.339
       791.767
       792.241
       792.743
        793.25
       793.734
       794.196
       794.636
           795
       795.348
       795.678
       795.922
       796.151
       796.369
       796.603
       796.824
       797.046
        797.31
       797.565
       797.817
       798.072
       798.316
       798.553
       798.762
        798.96
       799.062
       799.102
         799.1
       798.981
       798.845
        798.71
       798.556
       798.388
       798.336
        798.33
       798.307
       798.263
       798.332
       798.387
       798.383
       798.331
       798.236
        798.13
       797.941
       797.688
       797.388
       796.992
       796.503
       795.831
       795.064
       794.505
       794.144
       795.127
       795.384
       794.952
           794
       792.875
       791.681
        790.41
       789.011
       787.564
       786.075
        784.58
       783.197
       781.838
       780.424
       778.979
        777.55
       776.145
       774.643
       773.144
       771.696
       770.375
       769.063
       767.809
       766.619
       765.523
       764.521
       763.582
       762.704
       761.843
       761.038
       760.144
       759.243
       758.393
       757.598
       756.858
       756.164
       755.517
       754.963
       754.475
       754.029
       753.622
       753.219
       752.856
       752.553
       760.811
        760.72
       752.274
       757.799
         757.8
         757.8
         757.8
       757.801
       757.802
       757.802
       757.803
       757.804
       757.805
       757.807
       757.808
        757.81
       757.811
       757.813
       757.815
       757.817
       757.819
       757.822
       757.824
       757.827
       757.829
       757.832
       757.835
       757.838
       757.841
       757.844
       757.847
       757.851
       757.854
       757.858
       757.861
       757.865
       757.868
       757.872
       757.876
        757.88
       757.883
       757.887
       757.891
       757.895
       757.898
       757.902
       757.906
        757.91
       757.914
       757.919
       757.923
       757.928
       757.933
       757.939
       757.946
       757.953
       757.962
       757.972
       757.984
       757.998
       758.015
       758.035
        758.06
       758.088
       758.122
       758.261
       758.408
       758.567
       758.707
       758.863
       759.036
       759.228
       759.442
       759.681
       759.928
       760.205
       760.512
       760.867
       761.257
        761.66
        762.11
       762.599
       763.111
       763.614
       764.095
       764.554
       764.921
       765.272
       765.604
       765.831
       766.044
       766.245
        766.47
       766.682
       766.897
       767.167
       767.426
       767.685
       767.949
       768.204
        768.45
       768.663
       768.863
       768.944
       768.949
       768.903
       768.714
       768.505
         768.3
       768.071
       767.828
        767.73
       767.695
       767.645
       767.575
       767.651
       767.719
        767.73
       767.695
       767.622
        767.55
       767.391
       767.166
         766.9
       766.531
       766.063
       765.385
       764.607
       764.109
       763.877
       765.345
       765.926
       765.666
       764.775
       763.681
       762.512
       761.259
       759.856
       758.404
       756.909
       755.417
       754.073
       752.771
       751.408
        750.01
       748.627
        747.27
       745.782
       744.287
       742.846
       741.548
       740.245
       738.996
       737.808
       736.722
       735.736
       734.813
       733.952
       733.095
       732.295
       731.369
        730.42
       729.523
       728.681
       727.895
       727.156
       726.463
       725.875
       725.359
       724.883
       724.446
       724.004
       723.601
       723.264
       733.634
       733.543
       722.976
       727.856
       727.857
       727.857
       727.858
       727.858
       727.859
        727.86
       727.861
       727.862
       727.863
       727.864
       727.865
       727.867
       727.869
        727.87
       727.872
       727.874
       727.876
       727.879
       727.881
       727.884
       727.886
       727.889
       727.892
       727.895
       727.898
       727.901
       727.904
       727.907
        727.91
       727.914
       727.917
        727.92
       727.924
       727.927
       727.931
       727.934
       727.938
       727.941
       727.944
       727.947
       727.951
       727.954
       727.957
        727.96
       727.963
       727.966
       727.969
       727.972
       727.975
       727.979
       727.983
       727.988
       727.993
           728
       728.007
       728.017
       728.028
       728.042
       728.059
       728.079
       728.104
       728.252
       728.408
       728.573
       728.713
       728.867
       729.038
       729.226
       729.435
       729.666
       729.901
       730.163
       730.455
       730.793
       731.165
       731.543
       731.967
       732.429
        732.93
       733.445
       733.948
       734.427
       734.799
       735.154
        735.49
       735.701
       735.899
       736.085
       736.301
       736.504
       736.714
        736.99
       737.256
       737.522
       737.797
       738.062
        738.32
       738.538
       738.743
       738.802
       738.773
       738.685
       738.426
       738.146
       737.871
       737.569
       737.251
       737.108
       737.046
       736.969
       736.874
       736.957
        737.04
       737.066
        737.05
       737.001
       736.964
       736.835
        736.64
       736.408
       736.065
       735.619
       734.935
       734.146
       733.708
       733.605
       735.559
       736.465
       736.376
       735.546
       734.481
       733.337
       732.102
       730.693
       729.234
       727.733
       726.241
       724.936
        723.69
       722.378
       721.025
       719.687
       718.376
         716.9
        715.41
       713.974
         712.7
       711.405
       710.161
       708.976
       707.899
       706.929
       706.022
       705.177
       704.325
       703.529
       702.571
       701.574
       700.628
       699.738
       698.905
       698.119
       697.377
       696.754
       696.206
       695.699
        695.23
       694.746
       694.303
        693.93
       706.419
       706.326
       693.632
       697.936
       697.937
       697.937
       697.937
       697.938
       697.939
        697.94
        697.94
       697.941
       697.943
       697.944
       697.945
       697.947
       697.948
        697.95
       697.952
       697.954
       697.956
       697.958
       697.961
       697.963
       697.965
       697.968
       697.971
       697.974
       697.977
       697.979
       697.983
       697.986
       697.989
       697.992
       697.995
       697.998
       698.001
       698.005
       698.008
       698.011
       698.014
       698.017
       698.019
       698.022
       698.024
       698.027
       698.029
       698.031
       698.033
       698.034
       698.035
       698.037
       698.038
       698.039
        698.04
       698.042
       698.043
       698.045
       698.048
       698.052
       698.057
       698.064
       698.073
       698.084
       698.099
       698.254
       698.417
       698.588
       698.726
       698.877
       699.044
       699.226
       699.427
        699.65
       699.871
       700.117
       700.391
       700.712
       701.065
       701.418
       701.816
        702.25
       702.721
       703.234
       703.756
       704.255
       704.633
       704.993
       705.333
       705.531
       705.714
       705.886
       706.094
        706.29
       706.494
       706.778
       707.051
       707.326
       707.613
       707.891
       708.161
       708.386
       708.594
       708.635
       708.572
       708.442
       708.116
       707.766
       707.423
       707.048
       706.656
        706.47
       706.381
       706.279
       706.159
       706.249
       706.346
       706.392
       706.397
       706.372
       706.371
       706.273
       706.107
       705.909
       705.594
        705.17
        704.48
       703.679
       703.301
       703.327
       705.766
       706.995
        707.08
       706.309
       705.274
       704.153
       702.933
       701.519
       700.052
       698.542
        697.05
       695.782
       694.593
       693.332
       692.025
       690.731
       689.464
       688.001
       686.514
       685.083
       683.832
       682.546
       681.306
       680.124
       679.057
       678.103
       677.211
       676.382
       675.535
       674.743
       673.751
       672.705
       671.709
        670.77
       669.889
       669.054
       668.263
       667.601
        667.02
       666.479
       665.975
       665.447
        664.96
       664.551
       679.164
       679.069
        664.24
       668.034
       668.035
       668.035
       668.036
       668.036
       668.037
       668.038
       668.039
        668.04
       668.041
       668.042
       668.043
       668.045
       668.046
       668.048
        668.05
       668.052
       668.054
       668.056
       668.058
       668.061
       668.063
       668.066
       668.068
       668.071
       668.074
       668.077
       668.079
       668.082
       668.085
       668.088
       668.091
       668.094
       668.097
         668.1
       668.103
       668.105
       668.108
        668.11
       668.112
       668.114
       668.116
       668.117
       668.118
       668.119
        668.12
        668.12
       668.119
       668.118
       668.117
       668.115
       668.113
       668.111
       668.109
       668.106
       668.104
       668.101
         668.1
       668.099
       668.098
         668.1
       668.103
       668.265
       668.433
       668.609
       668.744
       668.891
       669.052
       669.226
       669.419
       669.632
       669.837
       670.067
       670.322
       670.626
       670.959
       671.286
       671.659
       672.065
       672.509
       672.997
       673.514
       674.036
       674.422
       674.789
       675.134
       675.318
       675.488
       675.645
       675.847
       676.036
       676.235
       676.528
       676.809
       677.094
       677.395
       677.686
        677.97
       678.202
       678.417
       678.439
       678.344
       678.175
       677.781
       677.363
       676.954
       676.509
       676.043
       675.814
         675.7
       675.575
       675.432
       675.531
       675.645
        675.71
       675.736
       675.735
       675.771
       675.703
       675.567
       675.404
       675.116
       674.713
       674.016
       673.204
       672.885
       673.039
       675.963
       677.516
       677.773
       677.061
       676.053
       674.955
       673.751
        672.33
       670.854
       669.335
       667.842
       666.613
        665.48
        664.27
       663.007
       661.758
       660.535
       659.084
         657.6
       656.174
       654.947
       653.669
       652.433
       651.254
       650.197
       649.259
       648.384
        647.57
       646.727
       645.939
       644.914
       643.817
       642.771
       641.781
       640.851
       639.964
        639.12
       638.417
         637.8
       637.222
       636.681
       636.106
       635.573
       635.124
       651.867
        651.77
       634.799
       638.147
       638.147
       638.148
       638.148
       638.149
       638.149
        638.15
       638.151
       638.152
       638.153
       638.154
       638.156
       638.157
       638.159
        638.16
       638.162
       638.164
       638.166
       638.168
        638.17
       638.172
       638.175
       638.177
        638.18
       638.182
       638.185
       638.188
        638.19
       638.193
       638.196
       638.199
       638.202
       638.204
       638.207
       638.209
       638.212
       638.214
       638.216
       638.218
       638.219
        638.22
       638.221
       638.222
       638.222
       638.221
        638.22
       638.218
       638.216
       638.213
       638.209
       638.204
       638.199
       638.193
       638.186
       638.178
        638.17
       638.161
       638.152
       638.142
       638.133
       638.123
       638.114
       638.282
       638.455
       638.634
       638.765
       638.906
        639.06
       639.227
        639.41
       639.612
       639.801
       640.012
       640.248
       640.534
       640.847
       641.148
       641.495
       641.875
        642.29
       642.749
       643.246
       643.768
       644.166
        644.54
       644.891
       645.062
       645.218
       645.362
       645.557
       645.739
       645.935
       646.237
       646.527
       646.824
       647.138
       647.444
       647.743
       647.985
       648.207
       648.212
       648.087
       647.879
       647.421
       646.937
       646.462
       645.948
        645.41
       645.141
       645.003
       644.857
       644.693
       644.804
       644.936
        645.02
       645.066
       645.091
       645.163
       645.126
        645.02
       644.891
       644.629
       644.247
       643.542
       642.716
       642.455
       642.737
       646.146
       648.023
       648.452
       647.798
       646.817
       645.741
       644.551
       643.123
       641.637
       640.109
       638.614
       637.422
       636.346
       635.187
       633.969
       632.765
       631.587
       630.149
       628.668
       627.248
       626.043
       624.775
       623.544
       622.368
       621.321
         620.4
       619.541
       618.744
       617.905
        617.12
       616.062
       614.914
       613.817
       612.775
       611.792
       610.852
       609.954
       609.206
       608.549
       607.931
       607.348
       606.722
        606.14
       605.649
        624.53
       624.428
       605.305
        608.27
        608.27
        608.27
       608.271
       608.271
       608.272
       608.273
       608.274
       608.275
       608.276
       608.277
       608.278
        608.28
       608.281
       608.283
       608.285
       608.286
       608.288
        608.29
       608.292
       608.295
       608.297
       608.299
       608.302
       608.304
       608.306
       608.309
       608.312
       608.314
       608.317
       608.319
       608.322
       608.324
       608.327
       608.329
       608.331
       608.332
       608.334
       608.335
       608.336
       608.336
       608.336
       608.336
       608.335
       608.333
        608.33
       608.326
       608.322
       608.317
        608.31
       608.302
       608.293
       608.283
       608.271
       608.258
       608.244
       608.228
       608.211
       608.193
       608.173
       608.152
        608.13
       608.303
        608.48
       608.662
       608.787
       608.922
       609.069
       609.226
       609.399
       609.589
       609.761
       609.954
        610.17
       610.437
        610.73
       611.006
       611.327
        611.68
       612.067
       612.499
        612.97
        613.48
       613.868
       614.247
       614.603
        614.76
       614.902
       615.032
       615.222
       615.397
        615.59
       615.902
       616.202
        616.51
       616.841
       617.162
       617.479
       617.732
       617.961
       617.951
       617.797
       617.553
       617.033
       616.485
       615.947
       615.364
       614.755
       614.447
       614.289
       614.123
       613.941
       614.066
       614.218
        614.32
       614.388
       614.437
       614.546
       614.541
       614.464
       614.369
       614.133
        613.77
       613.057
       612.216
       612.012
       612.419
       616.313
       618.514
       619.115
       618.518
       617.563
       616.508
       615.331
       613.893
       612.398
       610.859
       609.363
       608.209
        607.19
       606.081
       604.909
        603.75
       602.618
       601.193
       599.717
       598.302
       597.122
       595.864
       594.639
       593.468
       592.432
       591.528
       590.687
       589.906
       589.072
       588.291
       587.198
           586
       584.849
       583.754
       582.718
       581.722
       580.765
       579.969
       579.269
       578.605
       577.975
       577.294
        576.66
       576.123
       597.147
       597.041
       575.755
       578.398
       578.399
       578.399
         578.4
         578.4
       578.401
       578.402
       578.403
       578.404
       578.405
       578.406
       578.407
       578.408
        578.41
       578.411
       578.413
       578.415
       578.417
       578.419
       578.421
       578.423
       578.425
       578.427
       578.429
       578.432
       578.434
       578.436
       578.439
       578.441
       578.444
       578.446
       578.448
        578.45
       578.452
       578.454
       578.456
       578.457
       578.458
       578.459
       578.459
       578.458
       578.457
       578.456
       578.453
        578.45
       578.446
        578.44
       578.434
       578.426
       578.417
       578.406
       578.393
       578.379
       578.362
       578.343
       578.323
         578.3
       578.274
       578.246
       578.216
       578.183
       578.148
       578.326
       578.506
        578.69
        578.81
       578.938
       579.077
       579.224
       579.386
       579.563
       579.718
       579.892
       580.087
       580.336
       580.609
       580.858
       581.154
        581.48
        581.84
       582.244
       582.687
       583.167
        583.53
       583.905
       584.268
       584.411
       584.539
       584.654
       584.837
       585.006
       585.196
       585.518
       585.829
        586.15
       586.498
       586.837
       587.172
       587.437
       587.676
       587.652
       587.472
       587.194
       586.614
       586.003
       585.403
       584.755
       584.077
       583.733
       583.556
       583.373
       583.174
       583.316
       583.487
        583.61
       583.699
       583.774
        583.92
       583.945
       583.898
       583.836
       583.625
       583.281
       582.557
       581.701
       581.552
       582.084
       586.462
       588.986
       589.757
       589.216
       588.286
        587.25
       586.085
       584.638
       583.132
       581.582
       580.084
        578.97
       578.008
       576.951
       575.824
       574.711
       573.627
       572.216
       570.746
       569.339
       568.184
       566.937
        565.72
       564.555
       563.531
       562.646
       561.823
        561.06
       560.232
       559.455
       558.327
       557.078
       555.874
       554.723
       553.632
       552.576
       551.558
        550.71
       549.961
       549.246
       548.564
       547.822
       547.128
       546.541
       569.717
       569.604
       546.142
        548.53
        548.53
        548.53
       548.531
       548.531
       548.532
       548.533
       548.534
       548.535
       548.536
       548.537
       548.538
       548.539
       548.541
       548.542
       548.544
       548.546
       548.547
       548.549
       548.551
       548.553
       548.555
       548.557
       548.559
       548.562
       548.564
       548.566
       548.568
       548.571
       548.573
       548.575
       548.577
       548.579
        548.58
       548.582
       548.583
       548.584
       548.584
       548.584
       548.584
       548.582
       548.581
       548.578
       548.574
        548.57
       548.564
       548.557
       548.548
       548.538
       548.525
       548.511
       548.495
       548.476
       548.454
        548.43
       548.403
       548.372
       548.339
       548.301
        548.26
       548.215
       548.167
       548.348
       548.532
       548.717
       548.831
       548.951
       549.081
       549.218
       549.368
       549.533
        549.67
       549.825
           550
        550.23
       550.482
       550.706
       550.976
       551.276
       551.608
       551.985
       552.399
       552.849
       553.164
       553.522
       553.885
       554.012
       554.124
       554.225
         554.4
       554.562
       554.748
       555.082
       555.404
       555.739
       556.105
       556.464
       556.818
       557.097
       557.349
       557.313
       557.108
       556.798
       556.162
        555.49
       554.831
       554.118
       553.374
       552.995
       552.802
       552.604
       552.391
        552.55
       552.744
       552.888
           553
       553.101
       553.284
        553.34
       553.321
       553.292
       553.104
       552.777
       552.042
       551.167
       551.072
       551.726
       556.588
       559.435
       560.376
       559.888
       558.981
       557.964
        556.81
       555.352
       553.835
       552.275
       550.776
       549.703
       548.799
       547.794
       546.714
       545.648
       544.611
       543.216
       541.753
       540.356
        539.23
       537.995
       536.788
        535.63
        534.62
       533.756
       532.953
       532.209
       531.387
       530.615
       529.454
       528.153
       526.895
       525.688
       524.538
       523.422
       522.337
       521.432
       520.628
       519.856
       519.115
       518.305
       517.544
         516.9
       542.236
       542.113
       516.459
       518.659
        518.66
        518.66
       518.661
       518.661
       518.662
       518.662
       518.663
       518.664
       518.665
       518.666
       518.667
       518.669
        518.67
       518.672
       518.673
       518.675
       518.676
       518.678
        518.68
       518.682
       518.684
       518.686
       518.688
        518.69
       518.692
       518.694
       518.696
       518.698
         518.7
       518.702
       518.704
       518.705
       518.706
       518.708
       518.708
       518.709
       518.709
       518.708
       518.707
       518.705
       518.702
       518.698
       518.694
       518.688
        518.68
       518.671
       518.661
       518.648
       518.633
       518.615
       518.595
       518.572
       518.546
       518.516
       518.482
       518.444
       518.401
       518.354
       518.302
       518.245
       518.182
       518.368
       518.554
        518.74
       518.848
       518.961
       519.082
       519.208
       519.347
       519.498
       519.617
       519.752
       519.907
       520.118
        520.35
       520.548
       520.793
       521.066
       521.371
        521.72
       522.107
       522.527
       522.797
       523.111
        523.45
       523.562
       523.656
       523.739
       523.905
        524.06
       524.243
       524.588
       524.922
       525.272
       525.657
       526.037
       526.414
       526.708
       526.973
       526.928
       526.701
       526.364
       525.672
       524.943
       524.226
       523.451
       522.642
       522.232
       522.025
       521.815
       521.589
       521.768
       521.987
       522.153
       522.289
       522.416
       522.636
       522.723
       522.733
       522.734
       522.569
       522.258
       521.508
       520.612
       520.568
       521.342
       526.688
       529.857
       530.965
       530.529
       529.643
       528.643
       527.499
       526.031
       524.502
       522.932
       521.434
       520.403
        519.56
       518.609
       517.577
       516.559
       515.572
       514.194
        512.74
       511.354
       510.258
       509.039
       507.844
       506.696
       505.702
       504.861
       504.079
       503.356
       502.542
       501.776
       500.582
        499.23
       497.918
       496.654
       495.444
       494.262
       493.108
        492.14
       491.274
       490.436
       489.627
       488.739
       487.902
       487.192
       514.697
       514.561
       486.696
       488.783
       488.784
       488.784
       488.784
       488.785
       488.786
       488.786
       488.787
       488.788
       488.789
        488.79
       488.791
       488.792
       488.794
       488.795
       488.797
       488.798
         488.8
       488.801
       488.803
       488.805
       488.807
       488.809
        488.81
       488.812
       488.814
       488.816
       488.818
        488.82
       488.822
       488.823
       488.825
       488.826
       488.827
       488.828
       488.828
       488.828
       488.827
       488.826
       488.824
       488.822
       488.818
       488.814
       488.808
         488.8
       488.792
       488.781
       488.768
       488.753
       488.735
       488.715
       488.691
       488.663
       488.632
       488.596
       488.556
       488.511
        488.46
       488.403
        488.34
        488.27
       488.194
       488.383
       488.572
       488.759
        488.86
       488.965
       489.077
       489.192
       489.319
       489.457
       489.557
       489.674
       489.808
           490
       490.212
       490.384
       490.603
       490.851
       491.129
       491.451
       491.809
         492.2
       492.425
       492.691
       492.988
       493.057
       493.133
       493.195
       493.348
       493.493
       493.675
       494.031
       494.377
       494.744
        495.15
       495.553
       495.953
       496.265
       496.546
       496.494
       496.247
       495.886
       495.142
       494.358
       493.586
       492.751
        491.88
       491.441
       491.223
       491.003
       490.767
       490.969
       491.213
       491.403
       491.564
       491.718
       491.977
       492.094
       492.132
       492.163
       492.019
        491.72
       490.953
       490.034
       490.036
       490.928
       496.756
       500.246
       501.519
       501.133
       500.266
       499.282
       498.148
       496.669
       495.129
       493.549
       492.053
       491.066
       490.285
       489.392
        488.41
       487.443
       486.507
       485.149
       483.706
       482.334
        481.27
        480.07
       478.888
       477.753
       476.778
       475.962
       475.206
       474.506
       473.702
       472.943
       471.718
       470.316
       468.949
       467.628
       466.357
       465.106
       463.877
        462.84
       461.904
       460.991
       460.102
       459.125
       458.199
        457.41
       487.094
       486.942
       456.838
       458.898
       458.898
       458.898
       458.899
       458.899
         458.9
       458.901
       458.901
       458.902
       458.903
       458.904
       458.905
       458.906
       458.908
       458.909
        458.91
       458.912
       458.913
       458.915
       458.917
       458.918
        458.92
       458.922
       458.923
       458.925
       458.927
       458.929
        458.93
       458.932
       458.934
       458.935
       458.936
       458.937
       458.938
       458.938
       458.938
       458.938
       458.937
       458.935
       458.933
       458.929
       458.925
       458.919
       458.913
       458.904
       458.894
       458.881
       458.867
       458.849
       458.829
       458.806
       458.778
       458.747
       458.711
        458.67
       458.623
        458.57
       458.511
       458.445
       458.371
       458.288
       458.198
       458.392
       458.582
       458.771
       458.865
       458.962
       459.064
       459.169
       459.284
       459.408
       459.491
       459.588
       459.701
       459.874
       460.067
       460.213
       460.407
       460.629
        460.88
       461.176
       461.507
       461.869
        462.05
        462.27
       462.519
       462.526
       462.554
       462.585
        462.72
       462.854
       463.039
       463.406
       463.764
       464.147
       464.576
       465.005
       465.431
       465.761
        466.06
       466.004
       465.743
        465.36
       464.567
        463.73
       462.907
       462.015
       461.085
        460.62
       460.393
       460.165
       459.922
       460.152
       460.425
       460.637
       460.824
       461.008
       461.305
       461.453
       461.518
       461.579
       461.453
       461.165
       460.377
        459.43
       459.476
       460.482
       466.791
       470.599
       472.035
       471.696
       470.847
       469.877
       468.751
        467.26
       465.709
        464.12
       462.628
       461.688
       460.973
       460.138
       459.209
       458.296
       457.415
       456.079
        454.65
       453.294
       452.266
       451.086
       449.923
       448.803
       447.851
       447.064
       446.334
       445.661
        444.87
       444.122
       442.867
       441.416
       439.997
       438.618
       437.284
       435.962
       434.653
        433.54
       432.525
       431.524
       430.543
       429.459
       428.427
       427.543
       459.416
       459.243
       426.868
       428.998
       428.999
       428.999
           429
           429
       429.001
       429.001
       429.002
       429.003
       429.004
       429.005
       429.006
       429.007
       429.008
       429.009
       429.011
       429.012
       429.013
       429.015
       429.016
       429.018
       429.019
       429.021
       429.023
       429.024
       429.026
       429.028
       429.029
       429.031
       429.032
       429.033
       429.034
       429.035
       429.035
       429.035
       429.035
       429.034
       429.033
       429.031
       429.028
       429.024
       429.019
       429.012
       429.004
       428.995
       428.983
        428.97
       428.953
       428.934
       428.911
       428.885
       428.854
       428.819
       428.779
       428.732
       428.679
        428.62
       428.552
       428.477
       428.392
       428.298
       428.193
       428.391
       428.584
       428.774
       428.861
       428.951
       429.043
       429.138
        429.24
       429.351
       429.415
       429.493
       429.586
        429.74
       429.913
       430.034
       430.203
       430.399
       430.624
       430.894
       431.198
       431.534
       431.672
       431.848
       432.053
       431.994
       431.959
       431.941
       432.049
       432.167
       432.336
       432.708
       433.075
       433.473
       433.928
       434.389
       434.843
       435.192
        435.51
       435.453
       435.182
       434.781
       433.941
       433.056
       432.185
        431.24
       430.256
       429.767
       429.533
       429.299
       429.049
       429.307
        429.61
        429.85
       430.068
       430.283
        430.62
         430.8
       430.892
        430.98
       430.871
        430.59
       429.778
       428.798
       428.882
       429.998
       436.784
       440.908
       442.505
       442.211
       441.376
       440.419
       439.301
       437.798
       436.236
        434.64
       433.154
       432.263
       431.615
       430.843
       429.969
       429.113
       428.291
       426.981
       425.569
       424.233
       423.243
       422.089
       420.947
       419.848
       418.923
       418.168
        417.47
       416.826
       416.052
       415.317
       414.037
        412.54
        411.07
       409.634
       408.236
       406.841
       405.448
       404.251
       403.146
       402.045
       400.953
       399.742
       398.581
       397.579
       431.651
       431.452
        396.76
       399.081
       399.082
       399.082
       399.083
       399.083
       399.084
       399.084
       399.085
       399.086
       399.087
       399.088
       399.089
        399.09
       399.091
       399.092
       399.093
       399.094
       399.096
       399.097
       399.098
         399.1
       399.101
       399.103
       399.104
       399.106
       399.107
       399.109
        399.11
       399.111
       399.112
       399.113
       399.114
       399.115
       399.115
       399.115
       399.114
       399.113
       399.111
       399.109
       399.105
       399.101
       399.095
       399.088
       399.079
       399.069
       399.056
       399.041
       399.023
       399.002
       398.978
       398.949
       398.915
       398.877
       398.832
       398.781
       398.723
       398.656
       398.581
       398.496
       398.401
       398.295
       398.177
       398.379
       398.575
       398.766
       398.847
       398.928
       399.012
       399.095
       399.185
       399.284
        399.33
       399.388
       399.461
       399.597
        399.75
       399.845
        399.99
       400.161
        400.36
       400.604
       400.883
       401.192
       401.289
       401.426
       401.591
       401.476
       401.387
       401.324
       401.403
       401.491
       401.637
       402.009
        402.38
       402.785
       403.249
       403.721
       404.186
       404.548
       404.888
       404.835
       404.559
       404.144
        403.26
        402.33
       401.418
       400.427
        399.39
        398.88
       398.639
       398.399
       398.144
       398.429
       398.766
        399.04
       399.293
       399.543
       399.924
       400.135
       400.254
       400.368
       400.273
       399.996
       399.156
       398.138
       398.254
       399.473
       406.732
       411.169
       412.922
       412.668
       411.847
         410.9
       409.788
       408.273
       406.701
         405.1
       403.623
       402.783
       402.208
       401.501
       400.687
       399.892
       399.132
       397.852
       396.462
       395.148
       394.202
       393.079
       391.964
       390.889
       389.994
       389.276
       388.614
       388.005
       387.252
       386.535
       385.233
       383.695
       382.177
       380.686
       379.226
       377.756
       376.275
       374.988
       373.781
       372.564
        371.34
       369.976
       368.658
       367.504
       403.783
       403.549
       366.485
       369.143
       369.143
       369.143
       369.144
       369.144
       369.145
       369.145
       369.146
       369.147
       369.148
       369.148
       369.149
        369.15
       369.151
       369.152
       369.154
       369.155
       369.156
       369.157
       369.159
        369.16
       369.161
       369.163
       369.164
       369.165
       369.167
       369.168
       369.169
        369.17
       369.171
       369.172
       369.172
       369.173
       369.173
       369.172
       369.171
        369.17
       369.168
       369.165
       369.161
       369.156
        369.15
       369.143
       369.133
       369.122
       369.109
       369.093
       369.074
       369.051
       369.025
       368.994
       368.958
       368.917
       368.868
       368.813
        368.75
       368.677
       368.595
       368.501
       368.396
       368.279
       368.147
       368.354
       368.553
       368.746
        368.82
       368.894
       368.968
       369.041
       369.119
       369.204
       369.233
       369.272
       369.325
       369.442
       369.575
       369.645
       369.766
       369.912
       370.085
       370.304
       370.558
       370.842
         370.9
       370.999
       371.129
       370.963
       370.827
       370.724
       370.775
       370.841
       370.969
        371.34
       371.711
       372.119
       372.587
       373.056
       373.526
       373.894
       374.242
       374.179
       373.886
       373.446
       372.514
       371.543
       370.602
       369.575
        368.49
       367.958
       367.709
       367.463
       367.205
       367.518
       367.889
       368.206
       368.501
       368.791
       369.217
       369.463
       369.608
       369.746
       369.663
       369.385
       368.509
       367.446
       367.587
         368.9
       376.629
       381.372
       383.277
        383.06
       382.247
       381.309
       380.204
       378.677
       377.097
       375.494
       374.029
       373.245
       372.744
       372.106
       371.357
       370.627
       369.934
       368.689
       367.326
       366.041
       365.144
       364.056
       362.972
       361.927
       361.068
       360.392
       359.771
       359.201
       358.475
       357.782
       356.464
        354.89
        353.33
       351.789
       350.268
       348.725
       347.153
       345.768
       344.449
       343.097
       341.718
        340.17
       338.655
       337.303
       375.789
       375.512
       336.005
       339.178
       339.178
       339.178
       339.179
       339.179
        339.18
        339.18
       339.181
       339.182
       339.182
       339.183
       339.184
       339.185
       339.186
       339.187
       339.188
       339.189
        339.19
       339.191
       339.193
       339.194
       339.195
       339.196
       339.197
       339.199
         339.2
       339.201
       339.202
       339.203
       339.204
       339.204
       339.205
       339.205
       339.205
       339.204
       339.203
       339.201
       339.199
       339.196
       339.192
       339.187
        339.18
       339.172
       339.163
       339.151
       339.137
        339.12
         339.1
       339.077
       339.049
       339.017
       338.979
       338.935
       338.884
       338.825
       338.757
       338.679
        338.59
       338.489
       338.375
       338.246
       338.102
       338.314
       338.516
       338.711
       338.779
       338.845
       338.911
       338.973
       339.039
       339.112
       339.122
       339.143
       339.175
       339.274
       339.388
       339.433
        339.53
        339.65
       339.798
       339.992
       340.221
        340.48
       340.499
       340.563
       340.661
       340.449
       340.268
       340.125
       340.155
       340.205
       340.323
       340.695
       341.066
       341.475
       341.947
       342.419
       342.893
       343.263
       343.616
       343.539
       343.218
        342.75
       341.768
       340.743
       339.762
       338.696
       337.561
       337.002
       336.748
       336.505
       336.247
       336.582
       336.987
       337.346
       337.696
       338.029
       338.501
       338.784
       338.957
       339.119
       339.043
       338.758
       337.841
       336.724
        336.88
       338.278
       346.467
        351.51
        353.56
       353.373
       352.566
       351.635
       350.536
       348.999
       347.414
       345.812
       344.363
        343.64
       343.219
       342.656
       341.975
       341.316
       340.696
        339.49
       338.159
        336.91
       336.067
       335.019
       333.972
       332.962
       332.146
       331.518
       330.944
        330.42
       329.727
       329.064
       327.738
       326.135
        324.54
       322.956
        321.38
       319.766
       318.104
       316.617
       315.175
        313.67
       312.107
       310.336
       308.575
       306.965
        347.64
       347.313
       305.275
       309.182
       309.183
       309.183
       309.184
       309.184
       309.184
       309.185
       309.186
       309.186
       309.187
       309.188
       309.188
       309.189
        309.19
       309.191
       309.192
       309.193
       309.194
       309.195
       309.196
       309.197
       309.198
       309.199
       309.201
       309.202
       309.203
       309.204
       309.205
       309.205
       309.206
       309.206
       309.207
       309.207
       309.206
       309.206
       309.204
       309.202
         309.2
       309.197
       309.193
       309.187
       309.181
       309.172
       309.163
       309.151
       309.136
       309.119
       309.099
       309.075
       309.046
       309.013
       308.974
       308.928
       308.875
       308.813
       308.742
       308.659
       308.565
       308.457
       308.334
       308.195
       308.039
       308.256
       308.463
       308.659
       308.721
        308.78
       308.837
       308.889
       308.944
       309.004
       308.996
       308.998
       309.011
       309.091
       309.185
       309.206
       309.278
       309.374
       309.496
       309.665
       309.869
       310.103
       310.078
       310.109
       310.181
       309.931
       309.713
       309.546
       309.562
       309.601
       309.711
       310.088
        310.46
       310.869
       311.341
       311.812
       312.287
       312.653
       313.008
       312.916
       312.579
       312.089
       311.056
       309.976
       308.932
       307.799
        306.61
       306.046
       305.805
       305.569
       305.315
       305.684
       306.118
        306.52
       306.899
       307.262
       307.775
       308.105
       308.308
       308.491
       308.418
       308.121
       307.154
       305.972
        306.13
       307.598
       316.238
       321.572
       323.759
       323.597
        322.79
       321.865
       320.772
       319.227
       317.641
       316.045
       314.618
       313.961
       313.628
       313.145
        312.54
       311.957
       311.414
       310.255
       308.962
       307.752
       306.971
       305.969
       304.965
       303.997
       303.228
       302.655
       302.135
       301.664
       301.012
       300.388
       299.062
       297.441
       295.821
       294.203
       292.582
       290.905
       289.157
       287.566
       285.993
       284.318
        282.54
       280.503
       278.432
       276.485
       319.304
       318.916
       274.248
       279.152
       279.153
       279.153
       279.153
       279.154
       279.154
       279.155
       279.155
       279.156
       279.156
       279.157
       279.158
       279.159
       279.159
        279.16
       279.161
       279.162
       279.163
       279.164
       279.165
       279.166
       279.167
       279.168
       279.169
        279.17
       279.171
       279.172
       279.172
       279.173
       279.173
       279.174
       279.174
       279.174
       279.173
       279.172
       279.171
       279.169
       279.167
       279.163
       279.159
       279.154
       279.147
       279.139
       279.129
       279.117
       279.103
       279.086
       279.065
       279.041
       279.012
       278.979
       278.939
       278.893
       278.838
       278.775
       278.701
       278.615
       278.516
       278.402
       278.272
       278.124
       277.956
       278.179
        278.39
       278.589
       278.645
       278.697
       278.745
       278.787
       278.831
       278.878
       278.854
       278.837
        278.83
       278.892
       278.967
       278.962
        279.01
        279.08
       279.178
       279.321
       279.499
       279.715
       279.672
       279.689
       279.747
       279.468
        279.23
       279.039
       279.039
       279.062
        279.16
       279.535
       279.904
        280.31
       280.781
       281.251
       281.725
       282.086
       282.436
       282.326
       281.971
        281.46
       280.378
       279.244
        278.14
       276.944
       275.705
       275.127
        274.89
       274.669
       274.435
       274.843
       275.309
       275.722
       276.106
       276.492
       277.067
       277.441
       277.669
       277.871
       277.797
        277.48
       276.452
       275.192
       275.335
       276.856
       285.931
       291.544
       293.859
       293.713
       292.902
       291.981
       290.897
       289.347
       287.765
       286.183
       284.783
       284.201
       283.962
       283.567
       283.043
       282.544
       282.086
       280.978
       279.729
       278.568
       277.854
       276.905
        275.95
        275.03
       274.316
       273.804
       273.345
       272.935
       272.333
       271.758
       270.444
       268.818
       267.186
       265.548
       263.896
       262.168
       260.344
       258.656
       256.948
        255.09
       253.069
       250.716
       248.261
       245.872
       290.735
       290.279
       242.881
       249.083
       249.083
       249.083
       249.084
       249.084
       249.085
       249.085
       249.086
       249.086
       249.087
       249.087
       249.088
       249.089
       249.089
        249.09
       249.091
       249.092
       249.092
       249.093
       249.094
       249.095
       249.096
       249.097
       249.098
       249.098
       249.099
         249.1
       249.101
       249.101
       249.102
       249.102
       249.102
       249.102
       249.101
         249.1
       249.099
       249.097
       249.094
       249.091
       249.087
       249.081
       249.075
       249.067
       249.057
       249.046
       249.032
       249.015
       248.995
       248.971
       248.943
        248.91
       248.871
       248.824
        248.77
       248.706
       248.631
       248.543
       248.441
       248.323
       248.187
        248.03
       247.851
       248.082
       248.297
       248.498
       248.549
       248.594
       248.634
       248.666
       248.699
       248.734
       248.693
       248.657
       248.631
       248.675
        248.73
       248.699
       248.723
       248.766
       248.843
        248.97
        249.15
       249.374
       249.326
       249.335
       249.385
       249.081
        248.82
       248.605
       248.585
       248.588
       248.667
       249.035
       249.397
       249.797
       250.265
       250.731
       251.202
       251.558
       251.907
       251.781
       251.401
       250.861
       249.725
       248.547
       247.399
       246.154
       244.866
       244.268
       244.048
       243.855
       243.634
       244.076
       244.566
       244.983
       245.375
       245.799
       246.419
       246.805
       247.049
       247.266
       247.188
       246.846
       245.748
       244.394
         244.5
       246.046
       255.533
        261.41
       263.839
       263.699
        262.88
       261.963
       260.891
       259.342
       257.772
       256.209
       254.847
       254.348
       254.211
       253.912
       253.477
        253.07
       252.704
       251.656
       250.459
       249.353
       248.714
       247.825
       246.927
       246.062
       245.409
       244.966
       244.576
       244.236
       243.694
       243.178
        241.89
       240.273
       238.648
        237.01
       235.346
       233.588
       231.706
       229.935
         228.1
       226.052
       223.766
       221.048
       218.125
       215.168
       261.888
       261.356
       211.156
       218.969
       218.969
        218.97
        218.97
        218.97
       218.971
       218.971
       218.972
       218.972
       218.973
       218.973
       218.974
       218.974
       218.975
       218.976
       218.976
       218.977
       218.978
       218.979
       218.979
        218.98
       218.981
       218.982
       218.982
       218.983
       218.984
       218.984
       218.985
       218.985
       218.986
       218.986
       218.986
       218.985
       218.985
       218.984
       218.983
       218.981
       218.978
       218.975
       218.971
       218.966
        218.96
       218.952
       218.943
       218.932
       218.919
       218.903
       218.884
       218.861
       218.834
       218.802
       218.764
       218.719
       218.666
       218.603
       218.529
       218.441
       218.338
       218.217
       218.076
       217.912
       217.724
       217.962
       218.182
       218.386
       218.432
       218.469
       218.501
       218.523
       218.545
       218.569
       218.511
       218.458
       218.411
       218.437
       218.474
       218.413
       218.417
       218.455
       218.534
       218.673
       218.861
       219.093
       219.041
       219.045
       219.089
       218.761
       218.477
       218.237
       218.195
       218.174
       218.232
       218.589
       218.939
       219.329
       219.789
       220.247
       220.714
       221.065
       221.413
       221.268
       220.856
       220.281
       219.103
       217.892
       216.707
       215.424
       214.106
       213.523
       213.377
       213.224
       213.013
       213.468
       213.964
       214.372
       214.742
       215.163
       215.785
       216.189
        216.45
       216.685
       216.604
       216.234
       215.056
       213.593
       213.634
       215.169
       225.033
       231.148
       233.673
       233.525
       232.692
       231.782
        230.73
       229.194
       227.648
       226.115
       224.802
       224.396
        224.37
       224.172
       223.833
       223.524
        223.26
       222.281
       221.145
       220.103
       219.548
       218.728
       217.895
       217.093
        216.51
       216.142
       215.828
       215.566
       215.093
       214.651
       213.404
       211.816
       210.219
       208.605
       206.957
       205.197
       203.287
        201.46
       199.521
       197.295
       194.735
       191.614
       188.138
       184.465
        232.71
         232.1
       179.109
       188.807
       188.807
       188.807
       188.808
       188.808
       188.808
       188.809
       188.809
        188.81
        188.81
       188.811
       188.811
       188.812
       188.812
       188.813
       188.813
       188.814
       188.814
       188.815
       188.816
       188.816
       188.817
       188.818
       188.818
       188.819
       188.819
        188.82
        188.82
       188.821
       188.821
       188.821
       188.821
       188.821
        188.82
       188.819
       188.818
       188.816
       188.814
       188.811
       188.807
       188.803
       188.797
        188.79
       188.782
       188.771
       188.759
       188.745
       188.727
       188.706
       188.681
       188.651
       188.615
       188.573
       188.522
       188.462
        188.39
       188.305
       188.203
       188.081
       187.938
       187.769
       187.573
       187.818
       188.044
        188.25
        188.29
        188.32
       188.343
       188.356
       188.368
       188.381
       188.307
       188.236
       188.169
       188.178
       188.203
       188.143
       188.154
         188.2
       188.286
       188.433
       188.629
       188.868
        188.81
       188.809
        188.85
       188.501
       188.195
       187.931
       187.867
       187.821
       187.853
       188.196
        188.53
       188.904
       189.349
       189.795
       190.254
       190.599
       190.946
       190.783
       190.342
       189.744
       188.527
       187.272
       186.057
        184.75
       183.402
       182.853
       182.742
       182.603
        182.42
       182.931
       183.442
       183.833
        184.18
       184.564
       185.182
       185.589
       185.872
       186.142
       186.063
       185.666
       184.404
       182.814
       182.756
       184.228
       194.415
       200.731
       203.327
       203.156
       202.302
       201.402
       200.382
       198.877
       197.373
       195.892
       194.642
        194.34
       194.433
       194.345
       194.109
       193.904
       193.748
       192.846
       191.782
       190.815
       190.354
       189.614
       188.855
       188.124
       187.617
       187.331
       187.099
       186.923
        186.53
       186.174
       184.986
       183.449
       181.907
       180.349
       178.753
        177.03
       175.135
       173.296
       171.295
       168.929
       166.116
       162.582
       158.485
       153.939
       203.158
       202.473
       146.892
       158.591
       158.591
       158.591
       158.592
       158.592
       158.592
       158.593
       158.593
       158.593
       158.594
       158.594
       158.594
       158.595
       158.595
       158.596
       158.596
       158.597
       158.597
       158.598
       158.598
       158.599
         158.6
         158.6
       158.601
       158.601
       158.602
       158.602
       158.602
       158.603
       158.603
       158.603
       158.603
       158.602
       158.602
       158.601
         158.6
       158.598
       158.596
       158.594
        158.59
       158.586
       158.581
       158.575
       158.568
       158.559
       158.548
       158.535
       158.519
         158.5
       158.478
       158.451
       158.419
       158.381
       158.334
       158.279
       158.212
       158.131
       158.033
       157.915
       157.773
       157.601
       157.398
       157.651
       157.881
       158.089
       158.122
       158.144
       158.159
       158.163
       158.164
       158.168
       158.079
       157.993
       157.917
       157.936
       157.977
       157.928
       157.949
       158.002
       158.092
       158.244
       158.444
       158.689
       158.625
       158.621
       158.659
       158.292
       157.968
       157.682
       157.599
       157.528
       157.533
       157.856
       158.167
       158.517
        158.94
       159.366
       159.811
       160.145
       160.491
       160.313
       159.856
       159.245
       157.998
       156.717
       155.489
        154.17
       152.802
       152.248
       152.125
       151.992
       151.818
       152.343
       152.868
       153.272
       153.636
       154.039
       154.665
       155.072
       155.371
       155.665
        155.59
       155.172
       153.831
       152.104
       151.908
       153.245
       163.663
       170.123
       172.754
       172.541
       171.664
       170.784
       169.816
       168.365
       166.931
       165.528
        164.36
       164.175
       164.396
       164.424
       164.295
         164.2
        164.16
       163.345
       162.365
       161.486
       161.132
       160.481
       159.806
       159.154
       158.729
        158.53
       158.386
       158.301
       157.997
       157.741
       156.631
       155.172
       153.718
       152.254
       150.752
       149.117
       147.295
       145.509
       143.518
       141.086
       138.089
       134.185
       129.452
       123.902
       173.214
        172.46
       114.867
       128.316
       128.316
       128.317
       128.317
       128.317
       128.317
       128.318
       128.318
       128.318
       128.319
       128.319
       128.319
        128.32
        128.32
        128.32
       128.321
       128.321
       128.322
       128.322
       128.322
       128.323
       128.323
       128.324
       128.324
       128.325
       128.325
       128.325
       128.325
       128.326
       128.326
       128.326
       128.326
       128.325
       128.325
       128.324
       128.323
       128.322
        128.32
       128.318
       128.315
       128.312
       128.308
       128.302
       128.296
       128.289
        128.28
       128.269
       128.255
        128.24
       128.221
       128.198
        128.17
       128.137
       128.097
       128.048
       127.989
       127.916
       127.827
       127.716
       127.579
       127.409
       127.201
       127.462
       127.694
       127.901
       127.926
       127.939
       127.946
        127.94
       127.928
       127.928
        127.84
        127.77
       127.716
       127.752
       127.809
       127.769
       127.797
       127.853
       127.945
       128.098
       128.299
       128.546
       128.474
       128.467
       128.506
       128.128
       127.792
       127.492
       127.395
         127.3
       127.275
       127.574
       127.853
       128.168
       128.558
       128.952
       129.374
        129.69
        130.03
       129.841
       129.377
       128.771
       127.519
       126.249
       125.048
       123.759
       122.412
       121.885
       121.782
       121.647
       121.435
       121.956
       122.476
       122.878
       123.241
       123.632
       124.251
       124.658
       124.962
       125.267
       125.206
        124.79
       123.395
       121.543
       121.172
       122.272
       132.758
       139.269
       141.885
       141.608
       140.712
       139.876
       138.992
       137.633
       136.308
       135.017
       133.956
       133.901
       134.255
         134.4
       134.381
         134.4
       134.485
       133.771
       132.888
       132.111
       131.877
       131.329
        130.75
       130.185
       129.848
       129.739
       129.683
       129.691
       129.482
       129.338
       128.329
       126.978
        125.65
       124.325
       122.969
       121.482
       119.805
       118.159
       116.281
       113.908
       110.868
       106.734
       101.457
       94.8646
        142.91
       142.103
       83.7655
       97.9776
       97.9779
       97.9782
       97.9785
       97.9787
       97.9789
       97.9791
       97.9793
       97.9796
       97.9798
       97.9801
       97.9803
       97.9806
       97.9808
       97.9811
       97.9814
       97.9817
        97.982
       97.9824
       97.9827
        97.983
       97.9833
       97.9836
        97.984
       97.9842
       97.9845
       97.9847
       97.9849
       97.9851
       97.9851
       97.9851
        97.985
       97.9848
       97.9844
       97.9838
       97.9831
        97.982
       97.9807
        97.979
       97.9768
       97.9742
       97.9709
       97.9669
       97.9621
       97.9562
       97.9491
       97.9405
       97.9302
       97.9177
       97.9028
       97.8847
       97.8629
       97.8365
       97.8043
       97.7649
       97.7163
       97.6558
       97.5798
        97.483
       97.3583
       97.1965
       96.9867
       97.2533
       97.4827
       97.6844
       97.6982
       97.7003
       97.6983
       97.6914
       97.6958
       97.7163
       97.6521
       97.6034
       97.5687
       97.6221
       97.6922
       97.6606
       97.6941
       97.7525
       97.8407
       97.9872
       98.1815
       98.4255
       98.3443
       98.3354
       98.3813
       98.0005
       97.6657
       97.3629
         97.26
       97.1456
       97.0901
       97.3563
       97.5914
       97.8571
       98.1981
       98.5452
       98.9267
       99.2105
        99.536
       99.3347
       98.8753
       98.2939
       97.0709
        95.858
       94.7347
       93.5336
       92.2819
       91.8225
       91.7462
       91.6103
       91.3782
       91.8779
       92.3748
        92.747
       93.0716
       93.4099
       93.9857
       94.3571
       94.6359
       94.9483
       94.9143
       94.5518
       93.1789
       91.2676
       90.7147
       91.4414
       101.689
       108.079
       110.605
       110.247
       109.356
       108.608
       107.863
       106.654
       105.497
       104.367
       103.447
       103.534
       104.016
        104.27
       104.354
       104.484
         104.7
       104.104
       103.343
        102.69
       102.591
        102.16
        101.69
       101.224
       100.981
       100.959
       100.985
        101.08
       100.964
       100.942
       100.058
       98.8529
       97.6974
       96.5619
       95.4099
        94.139
       92.6887
       91.2852
       89.6564
       87.5228
       84.6745
       80.6021
       75.0829
       67.6302
       112.376
       111.547
       54.9243
       67.5704
       67.5707
       67.5709
       67.5711
       67.5713
       67.5714
       67.5716
       67.5717
       67.5719
       67.5721
       67.5722
       67.5724
       67.5726
       67.5727
       67.5729
       67.5731
       67.5733
       67.5736
       67.5738
        67.574
       67.5742
       67.5744
       67.5746
       67.5748
        67.575
       67.5752
       67.5753
       67.5755
       67.5756
       67.5756
       67.5756
       67.5755
       67.5753
       67.5751
       67.5747
       67.5741
       67.5734
       67.5725
       67.5713
       67.5699
       67.5681
       67.5658
       67.5631
       67.5598
       67.5557
       67.5508
        67.545
       67.5379
       67.5293
        67.519
       67.5065
       67.4913
       67.4729
       67.4503
       67.4224
       67.3877
       67.3437
       67.2872
       67.2127
       67.1119
       66.9708
       66.7683
       67.0318
       67.2475
       67.4343
       67.4368
       67.4385
       67.4554
       67.4743
        67.505
       67.5504
       67.5112
       67.4864
       67.4724
        67.542
        67.625
       67.6014
       67.6394
       67.6956
       67.7746
       67.9061
       68.0819
        68.312
       68.2198
       68.2099
       68.2666
       67.9015
       67.5892
       67.3026
       67.2059
       67.0805
       66.9954
       67.2158
       67.3899
       67.5871
        67.857
        68.134
       68.4506
       68.6779
       68.9694
        68.752
        68.308
       67.7978
        66.697
       65.6388
       64.6729
       63.6235
       62.4996
       62.1231
       62.0723
       61.9349
       61.6801
       62.1284
       62.5709
       62.8829
       63.1422
       63.4087
       63.9139
       64.2148
       64.4412
        64.735
       64.7479
       64.5033
       63.2789
       61.4901
       60.8406
       61.0648
       70.4706
       76.4039
         78.72
        78.296
       77.4803
       76.8989
       76.3718
       75.4021
       74.4993
       73.6061
       72.8784
       73.1082
       73.6907
       74.0294
       74.1988
       74.4276
       74.7693
       74.3196
       73.7216
       73.2249
       73.2733
       72.9772
       72.6362
       72.2867
       72.1402
       72.1961
       72.2875
       72.4501
       72.4137
       72.5098
       71.7806
       70.7738
        69.847
       68.9578
        68.069
       67.0833
       65.9456
       64.8921
       63.6623
       61.9936
       59.6783
       56.1672
       51.0663
       43.4282
       81.9124
        81.135
       30.6255
       37.0891
       37.0894
       37.0895
       37.0896
       37.0897
       37.0898
       37.0899
       37.0899
         37.09
       37.0901
       37.0902
       37.0903
       37.0904
       37.0905
       37.0905
       37.0906
       37.0908
       37.0909
        37.091
       37.0911
       37.0912
       37.0913
       37.0914
       37.0915
       37.0916
       37.0917
       37.0918
       37.0918
       37.0919
       37.0919
       37.0919
       37.0918
       37.0917
       37.0916
       37.0914
       37.0911
       37.0908
       37.0903
       37.0897
        37.089
        37.088
       37.0869
       37.0855
       37.0838
       37.0818
       37.0793
       37.0763
       37.0727
       37.0683
        37.063
       37.0566
       37.0489
       37.0394
       37.0277
       37.0132
        36.995
       36.9717
       36.9411
       36.8994
       36.8393
       36.7452
       36.5795
       36.8089
       36.9875
       37.1522
       37.1735
       37.2076
       37.2513
       37.2956
       37.3495
       37.4186
       37.4128
       37.4199
       37.4301
       37.5092
       37.5977
       37.5889
       37.6333
       37.6867
       37.7519
       37.8545
       37.9893
       38.1784
        38.083
       38.0695
       38.1282
       37.8183
       37.5667
       37.3278
       37.2464
       37.1236
       37.0178
       37.1684
        37.263
       37.3723
       37.5429
       37.7156
       37.9245
       38.0569
       38.2714
       38.0577
       37.6891
       37.3167
        36.441
       35.6356
       34.9191
       34.1152
       33.2109
        32.928
       32.8836
       32.7401
       32.4533
       32.7702
       33.0854
       33.2929
       33.4579
       33.6307
       34.0232
       34.2433
       34.4193
       34.6894
       34.7662
       34.6948
       33.8467
       32.5152
       32.0674
       31.8929
        39.229
       43.9664
       45.8537
       45.5034
       44.9507
       44.6634
       44.4494
       43.8529
       43.3289
       42.7943
        42.351
       42.6872
       43.2882
        43.666
       43.9005
       44.1941
       44.6191
       44.3719
       44.0173
       43.7338
       43.9168
       43.7767
       43.5982
       43.3984
        43.355
       43.4656
       43.5891
        43.774
       43.7872
       43.9595
       43.4387
       42.7186
       42.0917
       41.5042
       40.9303
       40.2945
       39.5555
       38.9375
       38.2357
       37.2604
       35.8807
       33.6506
       30.1685
       24.0997
       52.1026
       51.5425
       14.5558
       6.52863
       6.52863
       6.52863
       6.52863
       6.52863
       6.52863
       6.52863
       6.52863
       6.52863
       6.52863
       6.52863
       6.52863
       6.52863
       6.52863
       6.52863
       6.52863
       6.52863
       6.52863
       6.52863
       6.52863
       6.52863
       6.52863
       6.52863
       6.52863
       6.52863
       6.52863
       6.52863
       6.52863
       6.52863
       6.52863
       6.52863
       6.52863
       6.52863
       6.52863
       6.52863
       6.52863
       6.52863
       6.52863
       6.52863
       6.52863
       6.52863
       6.52863
       6.52863
       6.52863
       6.52863
       6.52863
       6.52863
       6.52863
       6.52863
       6.52863
       6.52863
       6.52863
       6.52863
       6.52863
       6.52863
       6.52863
       6.52863
       6.52863
       6.52863
       6.52863
       6.52863
       6.52863
       6.63752
        6.7474
       6.85722
       6.93168
       7.00613
       7.08057
       7.15333
       7.22609
       7.29863
       7.35061
       7.40259
       7.45478
       7.52226
       7.58972
       7.63217
       7.68365
       7.73513
       7.78671
       7.84271
       7.89872
        7.9524
       7.92495
       7.89751
       7.86682
       7.73555
       7.60428
       7.47491
       7.38613
       7.29736
       7.22496
       7.22454
       7.22411
       7.23495
       7.26395
       7.29294
       7.32194
       7.31844
       7.30647
       7.16819
       6.95718
       6.70173
       6.29695
       5.87796
       5.46772
       5.03786
       4.60142
        4.3418
       4.17573
       4.01508
       3.85443
       3.87323
        3.9169
       3.96057
        4.0209
       4.10732
       4.26396
       4.39475
       4.52555
       4.68669
       4.81214
        4.9105
       4.85734
       4.77675
       5.09143
       5.78704
       8.46021
       10.2438
       11.1894
       11.5184
       11.6926
        11.851
       11.9773
       11.9922
       12.0072
         12.03
       12.1081
       12.4042
       12.7936
       13.1435
       13.4558
       13.7652
       14.0715
       14.1911
       14.2527
       14.3143
       14.4683
       14.5362
       14.5795
       14.6115
       14.6804
       14.7873
       14.8942
       15.0011
       15.0454
       15.0871
       14.9263
       14.6787
       14.4311
       14.1892
       13.9569
       13.7247
       13.4931
       13.3299
       13.1982
       13.0661
       12.9317
       12.7465
       12.5613
        12.402
            24
            24
       12.3798
