160                           4.9818                        
34                            4.9818                        
33                            5.7065                        
32                            6.4369                        
31                            7.1674                        
30                            7.9019                        
29                            8.6478                        
28                            9.3759                        
27                            10.086                        
26                            10.776                        
25                            11.438                        
24                            12.062                        
23                            12.633                        
22                            13.171                        
21                            13.675                        
20                            14.141                        
19                            14.6                          
18                            15.032                        
17                            15.408                        
16                            15.752                        
15                            17.736                        
14                            16.882                        
13                            20.273                        
12                            20.177                        
11                            19.537                        
10                            85.797                        
9                             106.82                        
8                             102.98                        
7                             78.069                        
6                             50.501                        
5                             46.092                        
4                             41.766                        
3                             37.577                        
2                             32.111                        
1                             30.593                        
0                             18.476                        
