160                           55.485                        
35                            55.485                        
34                            51.975                        
33                            47.871                        
32                            43.576                        
31                            39.084                        
30                            34.33                         
29                            29.634                        
28                            24.909                        
27                            20.128                        
26                            15.442                        
25                            16.674                        
24                            11.861                        
23                            6.9906                        
10                            61.679                        
9                             94.84                         
8                             95.4                          
7                             69.82                         
6                             46.325                        
5                             39.655                        
4                             34.005                        
3                             31.03                         
2                             31.672                        
1                             29.259                        
0                             18.139                        
