160                           26.535                        
35                            26.535                        
34                            32.54                         
33                            36.842                        
32                            41.337                        
31                            46.021                        
30                            50.759                        
29                            55.719                        
28                            60.676                        
27                            65.826                        
26                            71.027                        
25                            76.344                        
24                            81.709                        
23                            87.174                        
22                            92.679                        
21                            98.25                         
20                            103.86                        
19                            109.52                        
18                            115.22                        
17                            120.96                        
16                            126.74                        
15                            121.2                         
14                            119.19                        
13                            115.45                        
12                            119.16                        
11                            123.38                        
10                            67.189                        
9                             52.904                        
8                             33.78                         
7                             46.973                        
6                             37.119                        
5                             36.192                        
4                             34.535                        
3                             32.143                        
2                             28.862                        
1                             24.903                        
0                             20.443                        
