       896.746
       896.763
       896.763
       896.755
       896.742
       896.725
       896.705
       896.681
       896.654
       896.624
       896.592
       896.557
       896.519
       896.478
       896.435
       896.389
        896.34
       896.288
       896.234
       896.177
       896.116
       896.053
       895.987
       895.918
       895.847
       895.772
       895.694
       895.614
       895.531
       895.446
       895.358
       895.268
       895.177
       895.084
        894.99
       894.895
       894.801
       894.707
       894.615
       894.525
       894.438
       894.356
        894.28
       894.211
       894.151
       894.102
       894.067
       894.048
       894.048
       894.072
       894.123
       894.207
       894.327
       894.482
       894.673
       894.897
       895.155
       895.447
       895.773
       896.135
       896.532
       896.965
       897.435
       897.944
       898.491
       899.077
       899.703
       900.369
       901.074
       901.817
       902.571
       903.316
       904.053
       904.782
       905.499
       906.195
       906.862
       907.493
       908.085
        908.63
        909.12
       909.548
       909.912
       910.207
       910.433
       910.585
       910.659
       910.656
       910.603
       910.565
       910.542
       910.533
       910.552
       910.602
       910.684
       910.789
       910.883
       910.966
       911.015
       911.019
       910.999
       910.985
       910.983
       910.996
       911.072
       911.249
       911.523
       911.892
       912.356
       912.911
       913.554
       914.284
       915.103
       916.016
       917.034
       918.165
       919.422
       920.811
        922.33
       923.959
       925.425
       926.575
       927.452
       928.086
       928.504
       928.736
       928.809
       928.753
       928.583
       928.311
        927.93
       927.445
       926.857
       926.176
        925.41
       924.567
       923.632
       922.589
       921.428
       920.155
       918.812
       917.443
       916.093
       914.782
       913.525
        912.41
       911.407
       910.484
       909.615
       908.781
       907.961
        907.14
       906.302
       905.436
       904.528
       903.533
       902.416
       901.175
        899.81
       898.318
       896.691
       894.895
       893.008
       891.091
       889.144
       887.186
       885.363
        883.79
       882.447
       881.322
        880.43
        879.78
       879.384
        879.24
       866.795
       866.795
       866.791
       866.782
       866.769
       866.752
       866.731
       866.707
        866.68
       866.651
       866.618
       866.583
       866.545
       866.504
       866.461
       866.415
       866.366
       866.315
        866.26
       866.203
       866.143
        866.08
       866.013
       865.944
       865.873
       865.798
        865.72
        865.64
       865.557
       865.471
       865.383
       865.293
       865.201
       865.108
       865.014
       864.919
       864.824
       864.729
       864.636
       864.545
       864.458
       864.375
       864.298
       864.228
       864.167
       864.117
        864.08
       864.059
       864.076
       864.131
       864.214
       864.318
       864.447
       864.614
       864.815
        865.05
       865.319
       865.622
       865.962
       866.336
       866.748
       867.198
       867.686
       868.215
       868.785
       869.394
       870.044
       870.736
       871.468
       872.239
       873.018
       873.789
       874.553
       875.309
       876.053
       876.773
       877.461
       878.113
       878.704
       879.232
       879.703
       880.117
       880.467
       880.749
       880.971
       881.126
       881.201
       881.177
       881.091
        881.02
       880.973
       880.953
        880.96
        880.99
       881.045
       881.119
       881.193
       881.267
         881.3
       881.296
       881.275
       881.259
       881.256
       881.265
        881.34
       881.508
       881.769
       882.127
        882.57
       883.098
       883.713
       884.431
       885.251
       886.165
        887.21
       888.392
       889.703
        891.15
       892.735
       894.439
        895.91
       897.091
       898.007
       898.694
       899.175
       899.471
       899.628
       899.669
       899.598
       899.409
       899.104
       898.695
       898.183
       897.577
       896.888
        896.13
       895.287
       894.336
        893.25
       892.042
        890.76
       889.442
       888.136
       886.865
       885.596
       884.433
       883.382
       882.404
       881.475
       880.581
       879.681
        878.77
       877.841
       876.884
       875.886
       874.794
       873.612
        872.32
       870.902
       869.363
       867.678
       865.824
       863.941
       862.024
       860.071
       858.104
       856.295
        854.73
       853.386
       852.262
       851.369
       852.757
       852.364
       850.194
       836.579
       836.576
        836.57
        836.56
       836.546
       836.528
       836.508
       836.484
       836.457
       836.427
       836.395
       836.359
       836.321
       836.281
       836.237
       836.191
       836.143
       836.091
       836.036
       835.979
       835.919
       835.855
       835.789
        835.72
       835.648
       835.573
       835.495
       835.414
        835.33
       835.244
       835.156
       835.065
       834.972
       834.878
       834.782
       834.686
       834.589
       834.493
       834.399
       834.306
       834.216
       834.131
       834.051
       833.978
       833.913
       833.859
       833.818
       833.791
       833.821
       833.904
       834.016
       834.138
       834.277
       834.455
       834.668
       834.916
       835.196
       835.513
       835.866
       836.254
       836.683
       837.152
       837.659
       838.209
       838.803
       839.436
       840.114
       840.834
       841.595
       842.396
       843.205
       844.007
       844.802
       845.589
       846.364
       847.111
       847.824
       848.501
       849.095
       849.607
       850.063
       850.462
         850.8
       851.069
       851.287
       851.443
        851.52
       851.476
       851.363
       851.266
       851.204
       851.178
       851.179
       851.192
       851.224
       851.269
       851.328
       851.391
       851.406
       851.395
       851.372
       851.357
       851.355
       851.367
       851.433
       851.587
       851.832
       852.174
       852.595
       853.093
       853.678
       854.382
       855.197
       856.104
       857.171
       858.398
       859.762
       861.275
       862.957
       864.688
       866.152
       867.349
       868.293
       869.024
       869.563
       869.919
       870.158
       870.298
       870.331
       870.233
       870.014
       869.694
       869.272
       868.754
       868.151
       867.489
       866.747
         865.9
       864.898
       863.762
       862.549
       861.289
       860.033
       858.815
       857.541
       856.342
       855.256
       854.236
       853.261
       852.321
       851.355
       850.366
       849.359
       848.323
       847.242
       846.056
       844.811
       843.468
       841.997
       840.407
       838.657
       836.752
       834.851
        832.92
       830.939
       828.957
       827.172
       825.618
       824.275
       823.149
       822.254
       825.687
       825.293
       821.079
       806.149
       806.145
       806.137
       806.127
       806.112
       806.095
       806.074
        806.05
       806.023
       805.993
       805.961
       805.925
       805.887
       805.847
       805.803
       805.757
       805.708
       805.657
       805.602
       805.545
       805.484
       805.421
       805.354
       805.284
       805.212
       805.136
       805.058
       804.976
       804.892
       804.805
       804.715
       804.623
       804.529
       804.433
       804.336
       804.237
       804.138
        804.04
       803.942
       803.846
       803.752
       803.663
       803.578
         803.5
        803.43
       803.369
       803.321
       803.286
       803.325
       803.434
       803.574
       803.712
        803.86
       804.049
       804.276
       804.536
       804.829
       805.159
       805.527
       805.929
       806.375
       806.863
       807.389
       807.962
       808.581
       809.241
       809.946
       810.697
        811.49
       812.323
       813.165
           814
       814.829
        815.65
       816.459
       817.237
       817.977
       818.682
       819.281
        819.78
       820.221
       820.607
       820.933
       821.189
       821.402
       821.561
        821.64
       821.577
       821.444
       821.324
       821.251
       821.226
       821.225
       821.225
       821.238
       821.252
       821.294
       821.343
       821.345
       821.327
       821.304
       821.291
       821.291
       821.307
       821.362
         821.5
       821.724
       822.048
       822.444
       822.911
       823.464
       824.149
       824.956
       825.852
       826.935
       828.203
       829.615
       831.183
       832.923
       834.679
       836.153
       837.362
       838.326
       839.096
       839.686
         840.1
        840.42
        840.66
         840.8
       840.799
       840.674
       840.452
       840.129
       839.708
         839.2
       838.644
       838.013
       837.278
       836.369
       835.311
       834.176
       832.983
       831.788
       830.636
       829.367
       828.141
       827.031
        825.98
       824.972
       823.998
       822.978
       821.923
       820.849
       819.745
       818.584
       817.307
       816.002
       814.609
       813.085
       811.444
       809.622
       807.664
       805.735
       803.782
       801.772
       799.787
       798.007
       796.455
       795.111
       793.981
       793.082
       798.565
        798.17
       791.901
       775.541
       775.537
       775.529
       775.518
       775.503
       775.485
       775.464
        775.44
       775.414
       775.384
       775.351
       775.316
       775.278
       775.238
       775.194
       775.148
       775.099
       775.047
       774.993
       774.935
       774.874
        774.81
       774.744
       774.674
         774.6
       774.524
       774.445
       774.362
       774.277
       774.189
       774.097
       774.004
       773.908
       773.809
        773.71
       773.608
       773.506
       773.404
       773.302
       773.202
       773.103
       773.008
       772.917
       772.832
       772.754
       772.685
       772.627
       772.582
       772.629
       772.762
       772.927
        773.08
       773.236
       773.436
       773.675
       773.947
       774.253
       774.597
       774.979
       775.396
       775.859
       776.367
       776.913
       777.508
       778.153
        778.84
       779.574
       780.357
       781.183
        782.05
       782.926
       783.796
       784.661
        785.52
       786.366
       787.176
       787.945
       788.679
       789.286
       789.772
       790.199
       790.574
       790.888
       791.132
       791.339
         791.5
       791.583
       791.506
       791.355
       791.217
       791.139
       791.117
       791.116
       791.108
       791.096
        791.08
       791.103
        791.14
       791.131
       791.108
       791.085
       791.073
       791.075
       791.089
       791.136
       791.256
       791.459
       791.763
       792.132
       792.566
       793.083
       793.747
       794.542
       795.423
       796.521
       797.826
       799.284
       800.907
       802.708
       804.461
       805.934
       807.149
       808.127
       808.929
       809.566
       810.034
       810.433
       810.773
       811.022
       811.123
       811.096
       810.979
       810.762
       810.447
       810.042
         809.6
       809.089
       808.475
       807.666
       806.697
       805.649
       804.533
       803.411
       802.336
       801.082
       799.834
       798.709
       797.638
       796.606
       795.609
       794.545
       793.434
       792.299
       791.131
       789.894
       788.535
       787.173
       785.735
       784.162
       782.462
       780.569
        778.55
       776.588
        774.61
       772.574
        770.58
       768.797
       767.243
       765.893
       764.757
        763.85
       771.392
       770.994
        762.66
       744.789
       744.785
       744.777
       744.766
       744.751
       744.733
       744.712
       744.688
       744.661
       744.631
       744.599
       744.564
       744.526
       744.485
       744.442
       744.396
       744.347
       744.295
        744.24
       744.182
       744.121
       744.057
        743.99
       743.919
       743.846
       743.769
       743.688
       743.605
       743.518
       743.428
       743.335
       743.239
       743.141
        743.04
       742.937
       742.832
       742.727
        742.62
       742.513
       742.407
       742.302
         742.2
       742.102
       742.008
       741.921
       741.841
       741.772
       741.714
       741.767
       741.921
        742.11
       742.277
        742.44
        742.65
         742.9
       743.185
       743.502
        743.86
       744.256
       744.688
       745.168
       745.695
        746.26
       746.879
        747.55
       748.263
       749.028
       749.844
       750.703
       751.605
       752.516
       753.423
       754.325
       755.221
       756.105
        756.95
        757.75
       758.515
       759.129
       759.604
       760.017
        760.38
       760.684
       760.914
       761.116
       761.278
       761.363
       761.282
       761.117
       760.962
       760.881
       760.865
       760.867
        760.85
       760.813
       760.769
       760.774
       760.799
       760.779
       760.751
       760.729
       760.717
       760.719
       760.731
        760.77
       760.872
       761.051
       761.333
       761.673
        762.07
        762.55
        763.19
       763.972
       764.836
       765.945
       767.288
       768.792
        770.47
       772.326
       774.054
       775.515
       776.728
       777.713
       778.541
       779.221
       779.739
       780.216
       780.656
       781.015
        781.22
       781.296
       781.288
       781.183
       780.979
       780.684
       780.363
       779.981
       779.494
       778.797
        777.93
       776.979
        775.95
        774.91
       773.925
       772.697
       771.426
       770.291
       769.208
       768.162
       767.151
       766.053
       764.893
       763.705
        762.48
       761.171
       759.733
       758.318
       756.833
       755.207
       753.446
       751.485
       749.401
       747.401
       745.394
       743.323
       741.326
       739.539
        737.98
        736.62
       735.475
       734.559
       744.165
       743.763
       733.356
       713.922
       713.918
        713.91
       713.899
       713.884
       713.866
       713.845
       713.821
       713.794
       713.765
       713.732
       713.697
        713.66
       713.619
       713.576
        713.53
       713.481
       713.429
       713.374
       713.316
       713.255
        713.19
       713.122
       713.051
       712.977
       712.899
       712.817
       712.733
       712.644
       712.553
       712.458
        712.36
       712.259
       712.155
       712.048
       711.939
       711.829
       711.717
       711.605
       711.492
        711.38
        711.27
       711.162
       711.059
       710.961
       710.869
       710.787
       710.715
       710.771
       710.946
       711.158
       711.337
       711.505
       711.724
       711.985
       712.281
        712.61
       712.979
        713.39
       713.835
       714.331
       714.877
       715.462
       716.103
         716.8
        717.54
       718.334
       719.183
       720.076
       721.013
       721.959
       722.903
       723.843
       724.778
       725.701
        726.58
       727.413
       728.208
       728.831
       729.294
       729.694
       730.045
       730.338
       730.555
       730.753
        730.92
       731.013
       730.927
       730.746
       730.576
       730.496
       730.487
       730.493
       730.468
       730.405
       730.334
       730.321
       730.334
       730.303
        730.27
       730.249
       730.237
        730.24
        730.25
       730.279
       730.361
       730.514
       730.772
        731.08
        731.44
       731.879
       732.495
        733.26
       734.104
       735.224
       736.604
       738.158
       739.907
       741.801
       743.476
       744.911
       746.114
         747.1
        747.95
       748.668
       749.234
       749.786
       750.326
       750.796
       751.107
       751.288
       751.394
       751.406
       751.318
       751.138
       750.945
       750.697
       750.346
       749.765
       749.006
        748.16
       747.225
       746.276
        745.39
       744.186
        742.91
       741.776
        740.69
       739.639
       738.623
       737.498
       736.297
       735.064
       733.787
       732.409
       730.895
       729.428
       727.897
       726.216
       724.387
       722.352
       720.208
       718.169
        716.13
       714.024
       712.024
       710.235
        708.67
       707.293
       706.135
       705.207
       716.884
       716.477
       703.987
       682.967
       682.963
       682.955
       682.944
       682.929
       682.911
        682.89
       682.866
        682.84
        682.81
       682.778
       682.743
       682.706
       682.665
       682.622
       682.576
       682.527
       682.475
        682.42
       682.362
       682.301
       682.236
       682.168
       682.096
       682.021
       681.942
       681.859
       681.773
       681.683
        681.59
       681.493
       681.392
       681.288
       681.181
        681.07
       680.957
       680.841
       680.724
       680.605
       680.485
       680.365
       680.246
       680.128
       680.014
       679.904
       679.799
       679.702
       679.614
       679.673
       679.867
       680.099
       680.289
       680.462
       680.689
       680.959
       681.265
       681.604
       681.986
       682.409
       682.866
       683.378
       683.942
       684.545
       685.208
        685.93
       686.696
       687.519
       688.399
       689.327
       690.297
       691.279
        692.26
       693.238
       694.212
       695.173
       696.087
       696.951
       697.778
       698.408
        698.86
       699.247
       699.586
       699.868
       700.072
       700.267
       700.438
        700.54
       700.454
       700.257
       700.075
       699.998
       699.999
       700.011
       699.977
       699.889
       699.791
       699.759
       699.759
       699.717
        699.68
       699.659
       699.649
       699.653
       699.661
        699.68
       699.738
       699.862
       700.094
       700.369
       700.689
       701.086
       701.674
       702.421
       703.244
       704.372
       705.786
       707.385
       709.192
       711.072
       712.719
       714.132
       715.321
       716.304
       717.172
       717.925
       718.535
       719.162
       719.801
       720.382
       720.799
       721.089
       721.311
       721.443
       721.476
       721.415
       721.355
       721.247
       721.037
       720.578
       719.929
       719.194
       718.359
       717.509
       716.725
       715.559
       714.288
       713.164
       712.084
       711.036
       710.023
       708.878
       707.643
       706.371
       705.046
       703.602
       702.016
       700.499
       698.925
       697.184
       695.271
        693.17
       690.968
       688.889
       686.814
       684.679
       682.669
       680.875
       679.298
       677.906
       676.733
       675.791
       689.548
       689.136
       674.553
       651.948
       651.944
       651.937
       651.925
       651.911
       651.893
       651.872
       651.848
       651.822
       651.793
       651.761
       651.726
       651.689
       651.648
       651.605
        651.56
       651.511
       651.459
       651.404
       651.345
       651.284
       651.219
        651.15
       651.078
       651.002
       650.922
       650.839
       650.751
        650.66
       650.564
       650.465
       650.362
       650.254
       650.143
       650.029
       649.911
        649.79
       649.666
        649.54
       649.413
       649.284
       649.155
       649.027
         648.9
       648.777
       648.658
       648.545
        648.44
         648.5
       648.711
       648.964
       649.163
       649.339
       649.572
       649.852
       650.166
       650.514
       650.906
        651.34
       651.809
       652.335
       652.916
       653.536
       654.219
       654.965
       655.755
       656.607
       657.518
       658.478
       659.481
       660.497
       661.514
        662.53
       663.542
       664.541
        665.49
       666.385
       667.242
        667.88
        668.32
       668.694
        669.02
       669.291
       669.482
       669.672
       669.848
       669.962
       669.878
       669.668
       669.476
       669.403
       669.415
       669.434
       669.387
       669.276
       669.152
       669.103
       669.089
       669.036
       668.994
       668.973
       668.965
       668.972
       668.983
       668.993
       669.018
       669.111
       669.313
       669.553
       669.831
       670.184
       670.742
        671.47
        672.27
       673.404
        674.85
       676.489
       678.342
       680.187
       681.804
       683.192
       684.364
        685.34
       686.222
       687.008
       687.661
        688.36
       689.097
        689.79
       690.314
       690.713
       691.053
       691.309
       691.466
       691.529
       691.605
       691.641
       691.576
       691.244
       690.712
       690.093
       689.366
        688.62
       687.945
       686.825
       685.566
        684.46
       683.392
       682.354
        681.35
       680.191
        678.93
       677.627
       676.254
       674.747
       673.091
       671.527
       669.911
       668.109
       666.125
       663.957
       661.685
       659.557
       657.433
       655.262
       653.256
       651.455
       649.866
       648.457
       647.269
       646.312
       662.155
       661.737
       645.051
       620.888
       620.885
       620.877
       620.866
       620.851
       620.834
       620.813
        620.79
       620.763
       620.734
       620.703
       620.668
       620.631
       620.591
       620.549
       620.503
       620.454
       620.403
       620.348
       620.289
       620.228
       620.162
       620.094
       620.021
       619.944
       619.864
       619.779
       619.691
       619.598
         619.5
       619.399
       619.293
       619.182
       619.068
       618.949
       618.826
       618.699
       618.569
       618.436
         618.3
       618.162
       618.023
       617.883
       617.744
       617.607
       617.472
       617.343
       617.219
        617.28
       617.508
       617.778
       617.986
       618.164
       618.402
       618.689
       619.011
       619.366
       619.767
       620.211
        620.69
       621.229
       621.824
       622.459
       623.162
       623.929
       624.743
       625.621
       626.561
       627.552
       628.586
       629.635
       630.686
       631.737
       632.786
       633.823
       634.805
       635.731
       636.618
       637.263
        637.69
       638.049
       638.363
       638.621
       638.798
       638.983
       639.165
       639.292
       639.213
       638.993
       638.794
       638.726
       638.748
       638.774
       638.714
        638.58
       638.431
       638.365
       638.338
       638.273
       638.225
       638.206
       638.199
       638.207
       638.218
       638.213
        638.21
       638.271
       638.444
       638.647
        638.88
       639.188
       639.714
        640.42
       641.195
       642.335
       643.813
       645.491
       647.379
       649.173
       650.749
       652.106
       653.257
       654.223
       655.116
       655.932
       656.625
       657.396
        658.23
       659.034
       659.666
       660.174
       660.636
       661.018
       661.302
       661.493
       661.706
       661.888
       661.972
       661.773
       661.364
       660.871
       660.257
       659.621
       659.058
       657.995
       656.749
       655.664
       654.614
        653.59
       652.601
       651.435
        650.15
       648.817
         647.4
       645.838
       644.116
       642.509
       640.852
       638.986
       636.929
       634.701
       632.358
        630.18
       628.008
       625.816
       623.796
       621.981
       620.376
       618.948
       617.741
       616.766
       634.706
        634.28
       615.481
        589.81
       589.806
       589.799
       589.788
       589.773
       589.756
       589.735
       589.712
       589.686
       589.658
       589.626
       589.592
       589.556
       589.516
       589.474
       589.428
        589.38
       589.329
       589.274
       589.216
       589.154
       589.089
        589.02
       588.947
        588.87
       588.789
       588.704
       588.614
       588.519
        588.42
       588.316
       588.208
       588.094
       587.976
       587.853
       587.725
       587.593
       587.457
       587.316
       587.172
       587.025
       586.875
       586.723
       586.571
       586.419
       586.269
       586.122
       585.979
       586.039
       586.282
        586.57
       586.785
       586.963
       587.206
       587.498
       587.826
       588.187
       588.595
       589.048
       589.535
       590.084
       590.693
       591.341
        592.06
       592.847
       593.682
       594.583
        595.55
       596.569
       597.632
       598.711
       599.795
       600.881
       601.965
       603.037
       604.052
       605.006
       605.922
       606.572
       606.985
        607.33
       607.629
       607.874
       608.036
       608.216
       608.401
       608.547
       608.477
       608.248
       608.044
       607.982
       608.015
       608.046
       607.975
       607.817
       607.643
       607.557
       607.519
       607.442
       607.388
        607.37
       607.364
        607.37
       607.377
       607.357
       607.329
       607.358
       607.499
       607.664
       607.852
       608.111
       608.604
       609.286
       610.035
        611.18
       612.693
       614.427
       616.332
       618.043
       619.568
       620.888
       622.015
       622.967
       623.869
       624.712
       625.444
       626.284
       627.215
       628.131
        628.87
       629.488
       630.071
       630.581
       630.994
       631.314
       631.668
       631.999
       632.236
       632.173
       631.894
       631.531
       631.036
       630.513
       630.069
       629.066
       627.836
       626.778
        625.75
       624.746
       623.777
       622.608
       621.305
       619.947
       618.487
       616.873
       615.089
       613.442
       611.746
       609.815
       607.684
       605.398
       602.985
        600.76
       598.549
        596.33
       594.289
       592.453
       590.828
       589.376
       588.147
       587.152
       607.197
       606.763
       585.837
       558.733
        558.73
       558.722
       558.711
       558.697
        558.68
        558.66
       558.637
       558.612
       558.584
       558.553
       558.519
       558.483
       558.444
       558.402
       558.357
        558.31
       558.259
       558.204
       558.146
       558.085
        558.02
       557.951
       557.878
       557.801
       557.719
       557.633
       557.543
       557.447
       557.346
       557.241
        557.13
       557.013
       556.892
       556.765
       556.632
       556.495
       556.352
       556.204
       556.052
       555.895
       555.734
       555.571
       555.405
       555.239
       555.072
       554.907
       554.745
       554.803
       555.061
       555.364
       555.586
       555.763
       556.008
       556.304
       556.637
       557.003
       557.416
       557.876
       558.369
       558.927
       559.546
       560.205
       560.938
       561.743
       562.596
       563.518
       564.509
       565.552
       566.639
       567.748
       568.863
       569.981
       571.098
       572.202
       573.247
       574.229
       575.171
       575.825
       576.223
        576.55
       576.835
       577.067
       577.214
        577.39
       577.583
        577.75
       577.685
       577.448
       577.241
       577.185
       577.232
       577.267
       577.184
       577.005
       576.804
       576.699
       576.648
        576.56
       576.499
       576.482
       576.476
       576.479
       576.479
       576.444
        576.39
       576.386
       576.496
        576.62
        576.76
       576.969
       577.426
       578.082
       578.803
       579.949
       581.491
       583.265
       585.133
       586.789
       588.266
       589.549
       590.649
       591.585
       592.494
       593.362
       594.131
        595.04
       596.066
       597.093
       597.938
       598.668
       599.372
        600.01
       600.554
       601.003
       601.501
       601.985
       602.378
       602.452
       602.301
       602.069
       601.696
       601.293
       600.971
       600.029
       598.827
       597.801
       596.799
       595.821
       594.876
       593.708
       592.391
       591.011
       589.512
       587.849
       586.008
       584.326
       582.586
       580.591
       578.393
       576.048
       573.565
       571.291
       569.034
       566.796
       564.732
       562.872
       561.222
       559.742
       558.486
       557.466
       579.626
       579.182
       556.117
        527.68
       527.677
        527.67
       527.659
       527.645
       527.628
       527.609
       527.586
       527.561
       527.534
       527.503
        527.47
       527.435
       527.396
       527.355
       527.311
       527.264
       527.213
        527.16
       527.103
       527.042
       526.977
       526.908
       526.836
       526.758
       526.677
        526.59
       526.499
       526.403
       526.301
       526.194
       526.081
       525.962
       525.837
       525.707
        525.57
       525.427
       525.278
       525.124
       524.963
       524.797
       524.626
       524.451
       524.272
       524.091
       523.908
       523.725
       523.543
       523.599
       523.869
       524.188
       524.415
        524.59
       524.837
       525.136
       525.471
        525.84
       526.257
       526.721
       527.218
       527.782
       528.409
       529.077
       529.821
        530.64
       531.508
       532.448
        533.46
       534.524
       535.631
       536.767
       537.909
       539.057
       540.203
       541.338
       542.409
       543.415
       544.381
       545.036
       545.418
       545.728
       545.997
       546.214
       546.346
       546.517
        546.72
       546.911
       546.854
       546.611
         546.4
       546.352
       546.412
       546.451
       546.357
       546.156
       545.928
       545.803
       545.742
       545.642
       545.575
       545.558
       545.551
        545.55
       545.542
       545.492
       545.411
       545.374
       545.449
       545.531
        545.62
       545.777
       546.195
       546.822
       547.511
       548.655
        550.22
       552.023
        553.83
        555.43
       556.858
       558.101
       559.172
       560.091
       561.004
       561.897
       562.702
       563.678
       564.798
       565.933
       566.885
       567.726
       568.553
       569.319
       569.993
       570.574
       571.217
       571.855
       572.405
       572.618
       572.596
       572.496
       572.247
       571.967
       571.772
       570.896
       569.727
       568.734
       567.763
       566.813
       565.896
       564.734
       563.406
       562.008
       560.472
       558.764
       556.868
       555.151
       553.367
       551.307
       549.042
       546.649
       544.097
       541.774
       539.471
       537.214
       535.126
       533.238
       531.557
       530.043
       528.755
       527.705
        551.99
       551.534
       526.312
       496.672
       496.669
       496.662
       496.651
       496.638
       496.621
       496.602
        496.58
       496.556
       496.529
       496.499
       496.467
       496.432
       496.395
       496.354
       496.311
       496.265
       496.215
       496.162
       496.106
       496.046
       495.982
       495.914
       495.841
       495.765
       495.683
       495.597
       495.505
       495.409
       495.306
       495.198
       495.084
       494.963
       494.836
       494.702
       494.562
       494.414
        494.26
       494.099
       493.931
       493.756
       493.575
       493.389
       493.197
       493.001
       492.802
       492.601
         492.4
       492.453
       492.735
       493.068
       493.298
       493.471
       493.718
       494.019
       494.356
       494.725
       495.144
        495.61
       496.108
       496.676
       497.309
       497.982
       498.734
       499.564
       500.443
       501.398
       502.426
       503.507
       504.632
       505.788
       506.954
       508.126
       509.299
        510.46
       511.556
       512.583
        513.57
       514.225
       514.587
       514.876
       515.128
       515.329
       515.446
       515.614
       515.828
       516.046
       515.998
       515.752
       515.539
       515.498
       515.571
       515.614
       515.509
       515.286
       515.032
       514.889
       514.816
       514.705
       514.633
       514.615
       514.607
       514.603
       514.586
        514.52
       514.411
       514.338
       514.377
       514.414
        514.45
        514.55
       514.925
       515.521
       516.175
       517.316
       518.903
       520.721
        522.45
       523.983
       525.357
       526.558
       527.597
       528.497
       529.414
       530.329
       531.169
       532.211
       533.425
       534.668
       535.725
       536.676
       537.626
       538.521
       539.326
       540.037
       540.826
       541.619
       542.325
       542.677
       542.786
       542.821
       542.699
       542.544
        542.48
       541.673
       540.539
        539.58
        538.64
        537.72
       536.835
       535.682
       534.353
       532.933
       531.363
       529.615
       527.667
       525.918
       524.092
       521.965
       519.651
       517.204
       514.584
        512.21
        509.87
       507.587
       505.472
       503.551
       501.832
       500.277
       498.948
        497.86
       524.284
       523.813
       496.413
       465.732
       465.728
       465.721
       465.711
       465.698
       465.682
       465.663
       465.642
       465.618
       465.592
       465.563
       465.532
       465.498
       465.461
       465.422
        465.38
       465.334
       465.286
       465.234
       465.179
        465.12
       465.057
        464.99
       464.918
       464.842
       464.762
       464.676
       464.585
       464.488
       464.385
       464.277
       464.161
        464.04
       463.911
       463.775
       463.631
        463.48
       463.321
       463.154
        462.98
       462.797
       462.607
        462.41
       462.206
       461.996
       461.781
       461.562
       461.342
       461.392
       461.686
       462.032
       462.266
       462.434
        462.68
       462.981
       463.318
       463.686
       464.105
        464.57
       465.068
       465.637
       466.272
       466.947
       467.704
       468.541
       469.427
       470.392
       471.432
       472.525
       473.662
       474.832
       476.018
       477.212
       478.406
        479.59
       480.706
        481.75
       482.756
       483.407
       483.747
       484.015
       484.247
        484.43
       484.529
       484.692
       484.921
        485.17
       485.133
       484.886
       484.672
       484.641
       484.727
       484.774
       484.659
       484.415
       484.136
       483.974
       483.891
       483.768
       483.691
       483.673
       483.664
       483.656
        483.63
       483.548
       483.409
       483.298
       483.298
       483.287
       483.265
       483.305
       483.634
       484.193
        484.81
       485.949
       487.574
       489.389
       491.006
        492.46
       493.775
        494.93
       495.936
       496.815
       497.735
       498.673
       499.547
       500.655
       501.962
       503.313
       504.474
       505.533
       506.604
       507.628
       508.563
       509.405
       510.339
       511.285
       512.147
       512.638
        512.88
       513.054
       513.063
       513.033
         513.1
        512.36
       511.266
       510.338
       509.429
        508.54
       507.688
       506.547
       505.216
       503.778
       502.181
       500.398
       498.405
       496.627
        494.76
       492.575
       490.218
       487.717
       485.024
        482.59
       480.208
       477.916
       475.773
       473.817
       472.049
       470.441
        469.06
       467.924
         496.5
       496.012
       466.407
       434.882
       434.878
       434.871
       434.861
       434.848
       434.833
       434.815
       434.794
       434.771
       434.746
       434.718
       434.688
       434.655
        434.62
       434.582
       434.541
       434.497
       434.449
       434.399
       434.345
       434.287
       434.226
        434.16
        434.09
       434.015
       433.936
       433.851
       433.761
       433.665
       433.563
       433.454
       433.339
       433.217
       433.087
        432.95
       432.804
        432.65
       432.488
       432.316
       432.136
       431.947
       431.748
       431.541
       431.326
       431.103
       430.873
       430.637
       430.398
       430.445
       430.751
       431.109
       431.345
       431.509
       431.753
       432.053
       432.388
       432.753
       433.169
       433.632
       434.127
       434.693
       435.327
           436
       436.758
       437.598
       438.487
       439.457
       440.505
       441.604
       442.748
       443.928
       445.128
       446.337
       447.547
       448.748
       449.879
       450.936
       451.956
       452.599
       452.915
       453.158
       453.368
       453.533
       453.613
       453.771
       454.018
       454.297
       454.275
       454.031
       453.818
       453.797
       453.896
       453.947
       453.824
        453.56
       453.256
       453.077
       452.984
       452.851
        452.77
       452.752
       452.743
        452.73
       452.696
       452.596
       452.426
       452.276
       452.234
        452.17
       452.087
        452.06
       452.337
       452.853
       453.425
       454.553
       456.198
        457.95
       459.486
       460.865
       462.121
       463.229
       464.202
       465.059
       465.981
       466.941
       467.849
       469.023
       470.423
       471.881
       473.146
       474.312
       475.503
       476.654
       477.716
       478.688
       479.765
       480.862
       481.879
       482.508
        482.88
        483.19
       483.326
       483.423
       483.622
        482.96
       481.898
           481
       480.122
       479.266
        478.45
       477.324
       475.992
        474.54
       472.921
       471.109
       469.077
       467.269
       465.369
       463.135
       460.741
        458.19
       455.429
       452.941
       450.535
       448.215
       446.035
       444.034
       442.206
       440.532
       439.085
       437.886
        468.63
       468.119
       436.276
       404.147
       404.144
       404.137
       404.127
       404.115
         404.1
       404.082
       404.063
       404.041
       404.017
        403.99
       403.961
       403.929
       403.895
       403.859
       403.819
       403.777
       403.731
       403.682
        403.63
       403.574
       403.515
       403.451
       403.382
       403.309
       403.232
       403.149
        403.06
       402.966
       402.865
       402.757
       402.643
       402.521
       402.392
       402.254
       402.107
       401.952
       401.787
       401.612
       401.428
       401.233
       401.028
       400.812
       400.587
       400.352
       400.108
       399.857
       399.599
       399.644
        399.96
        400.33
       400.568
       400.727
       400.968
       401.265
       401.597
       401.958
       402.369
       402.827
       403.315
       403.876
       404.506
       405.173
       405.927
       406.765
       407.652
       408.621
        409.67
       410.771
       411.916
       413.098
       414.305
       415.524
       416.745
       417.957
       419.097
       420.163
       421.191
       421.824
       422.111
       422.326
       422.512
       422.655
       422.718
       422.873
        423.14
       423.451
       423.447
       423.206
       422.994
       422.987
       423.099
       423.156
       423.024
       422.741
       422.413
       422.217
       422.116
       421.975
       421.891
       421.873
       421.863
       421.847
       421.804
       421.689
       421.487
       421.294
       421.206
       421.086
       420.936
       420.837
       421.052
       421.516
       422.035
       423.139
       424.789
       426.453
       427.904
       429.209
       430.404
       431.466
       432.405
       433.242
       434.166
       435.149
        436.09
        437.33
       438.822
       440.387
       441.755
       443.027
       444.335
        445.61
       446.798
       447.895
       449.111
       450.357
       451.526
       452.288
       452.786
       453.226
       453.487
       453.708
       454.038
       453.445
       452.418
       451.558
       450.714
       449.893
       449.116
       448.006
       446.676
       445.213
       443.578
       441.742
       439.676
       437.845
        435.92
       433.646
       431.219
       428.627
       425.808
       423.279
       420.846
       418.491
       416.264
       414.203
       412.302
       410.545
       409.013
       407.731
        440.66
       440.122
       405.994
       373.556
       373.553
       373.546
       373.537
       373.525
        373.51
       373.494
       373.475
       373.454
       373.431
       373.406
       373.378
       373.348
       373.316
        373.28
       373.243
       373.202
       373.159
       373.112
       373.062
       373.008
        372.95
       372.889
       372.823
       372.752
       372.677
       372.596
        372.51
       372.418
       372.319
       372.214
       372.101
       371.981
       371.853
       371.716
        371.57
       371.414
       371.248
       371.072
       370.885
       370.686
       370.475
       370.253
        370.02
       369.774
       369.518
       369.253
       368.978
        369.02
       369.348
       369.729
       369.968
       370.121
       370.358
       370.651
       370.978
       371.333
       371.737
       372.188
       372.666
       373.219
        373.84
       374.498
       375.244
       376.074
       376.953
       377.916
       378.959
       380.053
       381.193
       382.371
       383.577
       384.797
       386.021
       387.238
       388.382
        389.45
       390.483
       391.099
       391.354
       391.537
       391.695
       391.815
       391.858
       392.015
       392.308
       392.653
       392.669
       392.432
       392.224
       392.229
       392.354
       392.418
        392.28
       391.978
       391.627
       391.416
       391.308
       391.159
       391.074
       391.058
       391.048
        391.03
        390.98
       390.849
       390.616
       390.378
       390.242
        390.06
       389.837
       389.657
       389.802
       390.202
       390.656
       391.727
       393.363
       394.918
       396.275
       397.503
       398.638
       399.653
        400.56
       401.377
       402.305
        403.31
       404.286
        405.59
       407.174
       408.844
       410.314
        411.69
       413.112
       414.508
       415.819
       417.037
       418.386
       419.776
       421.091
       421.982
       422.601
       423.168
        423.55
       423.892
        424.35
       423.821
       422.829
       422.009
       421.198
       420.413
       419.676
       418.589
        417.26
        415.79
       414.145
       412.294
         410.2
       408.352
       406.403
       404.099
       401.656
       399.032
       396.162
       393.593
       391.143
       388.751
       386.468
       384.333
       382.343
        380.48
       378.835
       377.442
       412.572
       412.001
       375.528
       343.139
       343.135
       343.129
       343.119
       343.108
       343.095
       343.079
       343.061
       343.041
        343.02
       342.996
       342.969
       342.941
        342.91
       342.877
       342.842
       342.803
       342.762
       342.718
        342.67
       342.619
       342.564
       342.505
       342.442
       342.374
       342.302
       342.224
       342.141
       342.052
       341.957
       341.854
       341.745
       341.627
       341.502
       341.367
       341.223
       341.069
       340.904
       340.727
       340.539
       340.339
       340.125
       339.898
       339.658
       339.405
       339.138
        338.86
        338.57
       338.611
       338.948
        339.34
        339.58
       339.727
        339.96
       340.248
       340.568
       340.915
        341.31
       341.751
       342.217
       342.757
       343.366
        344.01
       344.743
        345.56
       346.425
       347.373
       348.401
       349.481
       350.608
       351.776
       352.973
       354.186
       355.405
        356.62
        357.76
       358.824
       359.854
       360.448
       360.666
       360.812
       360.938
        361.03
       361.052
       361.217
       361.539
       361.922
       361.962
        361.73
       361.527
       361.544
       361.684
       361.756
        361.61
       361.291
       360.919
       360.694
        360.58
       360.427
       360.343
        360.33
       360.322
       360.303
       360.246
       360.102
       359.839
       359.556
       359.368
       359.121
       358.818
       358.549
        358.61
       358.931
       359.306
       360.347
       361.941
       363.354
       364.607
       365.756
       366.832
       367.803
       368.679
       369.479
       370.411
        371.44
        372.45
        373.82
       375.494
       377.267
       378.836
       380.312
       381.845
       383.357
       384.784
       386.117
       387.595
       389.123
       390.578
       391.591
       392.325
       393.017
        393.52
       393.978
       394.558
       394.086
       393.126
       392.341
       391.563
       390.814
       390.119
       389.055
        387.73
        386.26
       384.613
       382.754
       380.634
        378.78
       376.816
       374.503
       372.056
       369.411
         366.5
         363.9
       361.439
       359.007
       356.661
       354.437
       352.335
       350.338
       348.545
       346.998
       384.343
       383.731
       344.837
       312.928
       312.924
       312.918
       312.909
       312.898
       312.886
       312.871
       312.854
       312.836
       312.815
       312.793
       312.769
       312.742
       312.714
       312.683
       312.649
       312.613
       312.574
       312.533
       312.488
        312.44
       312.388
       312.333
       312.273
       312.209
        312.14
       312.067
       311.987
       311.902
       311.811
       311.713
       311.607
       311.494
       311.372
       311.242
       311.101
        310.95
       310.788
       310.614
       310.427
       310.227
       310.012
       309.783
       309.539
        309.28
       309.005
       308.716
       308.413
       308.453
       308.802
       309.203
       309.444
       309.585
       309.812
       310.094
       310.407
       310.743
       311.127
       311.555
       312.006
        312.53
       313.122
       313.747
       314.459
       315.256
       316.099
       317.024
       318.029
       319.088
       320.195
       321.344
       322.524
       323.723
       324.929
       326.134
       327.263
       328.314
       329.333
       329.899
       330.073
       330.177
       330.265
       330.327
        330.33
       330.505
        330.86
       331.286
       331.351
       331.125
       330.929
       330.959
       331.113
       331.192
       331.041
       330.705
       330.312
       330.075
       329.956
       329.801
       329.721
       329.714
       329.711
       329.691
       329.628
       329.472
       329.186
        328.86
       328.619
       328.303
       327.914
       327.545
       327.507
       327.725
       327.984
       328.943
       330.422
       331.735
         332.9
       333.976
       334.998
        335.93
        336.78
       337.565
       338.504
       339.558
       340.602
       342.035
       343.798
       345.671
       347.335
       348.907
       350.544
       352.165
       353.702
       355.144
       356.744
       358.403
       359.989
       361.117
       361.958
       362.766
       363.379
       363.948
       364.647
       364.228
       363.294
       362.545
       361.798
       361.085
       360.432
       359.393
       358.076
       356.613
        354.97
       353.111
       350.975
       349.126
       347.169
       344.865
       342.424
       339.771
       336.832
        334.22
       331.752
        329.28
       326.863
       324.536
       322.294
       320.125
       318.136
       316.379
       355.941
        355.28
       313.867
       282.961
       282.957
       282.951
       282.943
       282.932
        282.92
       282.907
       282.892
       282.874
       282.856
       282.835
       282.813
       282.788
       282.762
       282.733
       282.702
       282.669
       282.633
       282.595
       282.553
       282.508
        282.46
       282.409
       282.353
       282.293
       282.229
        282.16
       282.085
       282.005
       281.919
       281.826
       281.726
       281.619
       281.502
       281.377
       281.242
       281.096
       280.939
       280.769
       280.586
       280.389
       280.177
       279.948
       279.703
        279.44
       279.161
       278.863
       278.549
        278.59
       278.949
       279.361
       279.602
       279.736
       279.957
       280.232
       280.535
       280.859
       281.229
        281.64
        282.07
       282.573
       283.143
       283.742
       284.429
       285.199
       286.014
       286.909
       287.885
       288.914
       289.992
       291.113
       292.266
       293.441
       294.626
       295.812
        296.92
       297.951
       298.952
       299.483
       299.605
       299.658
       299.701
        299.73
       299.721
       299.915
       300.313
       300.789
       300.877
        300.65
       300.457
       300.495
       300.662
        300.75
       300.593
       300.241
       299.827
       299.578
       299.457
       299.303
       299.232
       299.236
       299.241
       299.226
        299.16
       299.001
       298.691
       298.324
       298.031
       297.645
       297.166
       296.689
       296.537
       296.624
       296.715
       297.486
       298.809
       300.073
       301.164
       302.175
       303.151
       304.051
        304.88
       305.655
       306.603
       307.681
       308.759
       310.254
       312.102
       314.072
       315.826
       317.487
       319.221
       320.942
       322.581
       324.123
       325.837
       327.617
       329.327
       330.558
       331.494
       332.405
       333.117
       333.787
       334.598
       334.229
       333.322
       332.606
       331.887
       331.208
       330.601
       329.587
       328.282
       326.833
       325.204
       323.353
       321.213
       319.385
       317.453
       315.177
        312.76
       310.117
       307.161
       304.564
       302.099
       299.591
       297.102
       294.653
       292.242
       289.859
       287.614
       285.569
       327.327
       326.608
        282.56
       253.279
       253.275
       253.269
       253.261
       253.251
        253.24
       253.228
       253.214
       253.198
       253.181
       253.163
       253.142
        253.12
       253.096
        253.07
       253.042
       253.012
       252.979
       252.944
       252.906
       252.865
       252.821
       252.774
       252.723
       252.668
       252.609
       252.545
       252.476
       252.402
       252.322
       252.236
       252.142
       252.042
       251.933
       251.815
       251.687
       251.548
       251.398
       251.236
       251.059
       250.868
        250.66
       250.436
       250.193
        249.93
       249.648
       249.346
       249.024
       249.067
       249.436
       249.858
       250.098
       250.225
       250.438
       250.703
       250.994
       251.302
       251.653
       252.044
       252.451
       252.929
       253.472
       254.041
       254.697
       255.435
       256.214
       257.073
        258.01
           259
       260.039
       261.121
       262.238
       263.377
       264.531
       265.687
       266.767
       267.768
       268.743
       269.232
       269.298
       269.294
       269.288
       269.279
       269.266
       269.488
       269.935
       270.458
       270.566
       270.344
       270.149
       270.191
       270.368
       270.461
       270.294
       269.924
        269.49
       269.227
       269.103
       268.955
       268.898
       268.924
       268.944
       268.937
       268.877
       268.715
       268.385
       267.981
        267.64
       267.187
       266.619
       266.034
        265.76
         265.7
       265.598
       266.137
       267.268
       268.423
       269.422
       270.367
        271.31
       272.187
       273.004
       273.774
       274.732
       275.832
       276.941
       278.495
       280.426
       282.487
       284.323
       286.063
       287.884
       289.696
       291.427
        293.06
       294.876
       296.766
       298.586
       299.907
       300.926
       301.926
       302.726
       303.487
       304.402
       304.076
       303.188
       302.499
       301.808
       301.164
       300.604
       299.615
       298.329
       296.899
       295.294
       293.461
       291.336
       289.541
       287.655
       285.431
       283.068
       280.463
        277.53
       274.967
        272.51
       269.973
       267.407
       264.826
       262.221
       259.574
       256.997
       254.562
       298.448
       297.665
       250.854
       223.928
       223.923
       223.917
        223.91
       223.901
       223.891
        223.88
       223.867
       223.853
       223.838
       223.822
       223.803
       223.784
       223.762
       223.739
       223.714
       223.687
       223.658
       223.627
       223.593
       223.556
       223.517
       223.474
       223.429
       223.379
       223.326
       223.268
       223.206
       223.138
       223.066
       222.987
       222.901
       222.809
       222.708
         222.6
       222.481
       222.352
       222.212
       222.059
       221.892
       221.709
       221.511
       221.294
       221.056
       220.798
       220.517
       220.212
       219.884
       219.929
       220.308
       220.737
       220.976
       221.094
       221.297
       221.551
       221.827
       222.118
       222.449
       222.817
       223.198
       223.647
       224.159
       224.693
       225.312
       226.011
       226.747
        227.56
       228.451
       229.391
        230.38
       231.413
       232.482
       233.575
       234.683
       235.798
       236.837
         237.8
       238.741
       239.183
       239.188
       239.126
       239.076
       239.056
       239.046
       239.291
       239.772
       240.333
       240.463
       240.244
       240.044
       240.089
       240.271
       240.361
       240.185
       239.794
       239.338
       239.061
       238.941
       238.804
       238.771
       238.822
       238.862
       238.868
       238.813
        238.65
       238.303
       237.869
       237.488
       236.975
       236.328
       235.642
       235.251
       235.046
       234.748
        235.05
       235.886
       236.801
       237.677
       238.549
       239.501
       240.364
       241.177
       241.955
       242.921
       244.035
       245.167
       246.778
       248.788
       250.933
       252.841
       254.647
        256.54
       258.431
       260.243
       261.956
       263.863
       265.848
       267.761
       269.156
       270.241
       271.316
       272.192
       273.034
       274.043
       273.748
        272.87
       272.207
       271.538
       270.927
       270.413
       269.454
       268.191
       266.793
       265.224
       263.422
       261.327
       259.586
       257.771
       255.627
       253.345
        250.81
       247.933
       245.437
       243.013
       240.464
       237.833
       235.114
       232.292
       229.331
       226.335
       223.379
       269.246
       268.394
       218.707
       194.958
       194.953
       194.947
        194.94
       194.933
       194.924
       194.914
       194.903
       194.891
       194.877
       194.863
       194.847
        194.83
       194.811
       194.791
       194.769
       194.746
       194.721
       194.693
       194.664
       194.632
       194.597
        194.56
        194.52
       194.477
        194.43
       194.379
       194.324
       194.264
       194.199
       194.129
       194.053
        193.97
        193.88
       193.782
       193.675
       193.558
        193.43
       193.289
       193.135
       192.965
       192.777
       192.571
       192.342
        192.09
       191.813
       191.509
       191.178
       191.226
       191.615
        192.05
       192.287
       192.396
       192.589
        192.83
        193.09
       193.362
       193.671
       194.013
       194.364
        194.78
       195.256
       195.749
       196.324
       196.977
       197.662
       198.422
       199.255
       200.135
       201.063
       202.035
       203.043
       204.077
       205.127
       206.186
       207.171
       208.083
        208.98
       209.363
       209.304
       209.193
        209.12
       209.096
       209.093
       209.354
        209.86
        210.45
       210.591
       210.369
       210.163
       210.209
        210.39
       210.474
       210.282
       209.868
       209.393
       209.116
       209.012
       208.899
       208.893
       208.969
       209.028
       209.048
       209.002
        208.84
       208.481
       208.023
       207.613
       207.058
       206.349
       205.579
       205.088
       204.755
       204.284
       204.374
        204.93
       205.545
       206.203
       206.955
       207.788
       208.608
       209.422
       210.242
       211.205
       212.313
       213.454
        215.12
       217.211
       219.431
       221.396
       223.249
       225.193
       227.145
       229.029
       230.811
       232.793
       234.855
       236.842
        238.29
       239.422
       240.555
        241.49
       242.397
       243.488
       243.212
       242.332
       241.686
       241.041
       240.465
           240
       239.074
       237.842
       236.486
       234.963
       233.212
       231.167
       229.507
       227.799
       225.763
       223.591
        221.16
       218.388
       215.999
       213.643
        211.11
       208.439
       205.597
       202.549
       199.232
       195.725
       192.089
        239.65
       238.732
        186.12
       166.425
       166.421
       166.415
       166.409
       166.402
       166.394
       166.386
       166.376
       166.366
       166.355
       166.342
       166.329
       166.315
       166.299
       166.282
       166.264
       166.244
       166.223
         166.2
       166.175
       166.148
       166.119
       166.087
       166.053
       166.016
       165.976
       165.933
       165.886
       165.835
       165.779
       165.718
       165.652
       165.581
       165.503
       165.417
       165.323
       165.219
       165.105
       164.978
       164.837
       164.682
       164.509
       164.316
       164.101
       163.861
       163.593
       163.294
       162.963
       163.018
       163.415
       163.856
       164.091
        164.19
       164.371
       164.598
        164.84
        165.09
       165.373
       165.686
       166.003
       166.382
       166.817
       167.264
        167.79
       168.389
       169.015
       169.712
       170.478
       171.287
        172.14
       173.037
       173.971
       174.932
        175.91
         176.9
       177.817
       178.666
       179.505
        179.82
       179.697
       179.549
       179.458
       179.437
        179.44
       179.712
       180.234
       180.843
       180.987
       180.755
       180.538
       180.578
       180.756
       180.834
       180.628
       180.196
       179.711
       179.441
       179.357
       179.267
       179.288
       179.389
       179.468
       179.503
       179.469
       179.314
       178.952
       178.487
       178.067
       177.488
       176.738
       175.909
       175.345
       174.917
       174.314
       174.249
       174.622
       175.037
       175.504
       176.057
       176.694
       177.345
       178.039
       178.739
       179.629
        180.68
       181.794
       183.523
       185.721
       187.999
       190.007
       191.876
       193.837
       195.821
       197.781
       199.619
       201.662
       203.778
       205.812
       207.287
       208.441
       209.608
       210.578
       211.533
       212.694
        212.43
        211.54
       210.908
       210.286
       209.745
        209.33
       208.443
       207.251
       205.947
       204.488
       202.808
        200.84
       199.295
       197.725
       195.827
       193.799
       191.517
       188.888
       186.652
       184.418
       181.961
       179.299
       176.377
       173.125
       169.432
       165.333
       160.843
       209.596
       208.619
       153.204
       138.393
       138.388
       138.383
       138.378
       138.372
       138.365
       138.358
        138.35
       138.342
       138.333
       138.323
       138.312
         138.3
       138.288
       138.274
        138.26
       138.244
       138.227
       138.208
       138.188
       138.166
       138.143
       138.117
        138.09
        138.06
       138.027
       137.991
       137.953
       137.911
       137.865
       137.815
        137.76
         137.7
       137.633
       137.559
       137.478
       137.388
       137.289
       137.178
       137.055
       136.918
       136.764
       136.591
       136.394
       136.172
       135.919
       135.632
       135.307
       135.369
       135.774
        136.22
       136.449
       136.537
       136.705
       136.914
       137.135
        137.36
       137.615
       137.896
       138.176
       138.514
       138.903
       139.299
       139.768
       140.306
       140.865
        141.49
       142.179
       142.905
        143.67
       144.477
       145.322
       146.194
       147.084
        147.99
       148.823
       149.595
       150.366
       150.613
       150.436
       150.255
       150.151
       150.129
       150.135
       150.411
       150.937
       151.553
       151.691
       151.439
       151.204
       151.234
       151.406
       151.476
       151.258
       150.817
       150.332
       150.082
       150.018
       149.949
       149.986
       150.107
       150.207
       150.265
       150.252
       150.111
       149.758
       149.301
        148.89
        148.31
       147.546
        146.69
       146.089
       145.608
       144.925
       144.763
       145.021
       145.304
        145.63
       146.031
       146.512
        147.01
       147.536
       148.072
        148.85
       149.804
       150.841
       152.512
       154.647
       156.907
       158.897
       160.724
       162.636
       164.587
       166.504
       168.372
       170.463
         172.6
       174.642
       176.109
       177.258
       178.437
       179.427
       180.416
       181.634
       181.371
       180.465
       179.842
       179.239
       178.731
        178.37
       177.529
       176.386
       175.149
       173.771
       172.185
       170.319
       168.929
       167.529
       165.804
       163.963
       161.875
       159.437
       157.411
        155.37
       153.064
       150.494
       147.574
       144.189
        140.16
       135.434
       129.931
       179.034
       178.014
       120.279
       110.929
       110.924
        110.92
       110.915
        110.91
       110.905
       110.899
       110.893
       110.887
        110.88
       110.872
       110.864
       110.855
       110.846
       110.836
       110.825
       110.813
         110.8
       110.786
       110.771
       110.755
       110.737
       110.718
       110.697
       110.674
       110.649
       110.621
       110.591
       110.558
        110.52
        110.48
       110.435
       110.385
       110.331
       110.271
       110.204
        110.13
       110.048
       109.957
       109.854
       109.739
       109.609
        109.46
        109.29
       109.093
       108.864
       108.596
       108.283
       108.353
       108.763
       109.207
       109.429
       109.502
       109.653
       109.843
        110.04
       110.237
       110.461
       110.705
       110.944
       111.238
       111.577
       111.917
       112.324
       112.794
       113.278
       113.821
       114.422
       115.052
       115.717
       116.419
       117.157
        117.92
       118.704
       119.507
       120.242
       120.923
       121.616
       121.802
       121.581
       121.377
       121.264
       121.239
       121.232
       121.497
       122.016
       122.623
       122.743
       122.464
       122.203
       122.213
       122.374
       122.434
       122.207
       121.766
       121.292
       121.063
       121.027
       120.977
       121.028
       121.163
       121.284
       121.372
       121.392
       121.264
       120.924
       120.493
       120.113
       119.561
       118.817
       117.972
       117.378
       116.893
       116.183
       115.981
       116.181
       116.386
       116.619
       116.911
       117.282
       117.679
       118.093
       118.508
       119.156
       119.999
       120.937
        122.49
       124.459
       126.598
       128.481
       130.182
       131.954
        133.74
        135.49
       137.236
       139.214
       141.307
       143.292
         144.7
       145.818
       146.993
        147.98
        148.98
       150.243
       149.968
       149.042
        148.43
       147.849
       147.383
       147.082
       146.294
       145.213
       144.058
       142.784
       141.317
       139.581
       138.371
       137.179
       135.669
       134.061
       132.222
       130.038
       128.285
       126.517
       124.465
       122.104
       119.323
       115.953
       111.725
       106.447
       99.8514
       147.962
       146.928
       88.0484
       84.1079
       84.1032
       84.0995
       84.0959
       84.0923
       84.0885
       84.0844
       84.0801
       84.0755
       84.0706
       84.0655
         84.06
       84.0543
       84.0481
       84.0413
       84.0339
       84.0259
       84.0178
       84.0087
       83.9987
       83.9874
       83.9749
       83.9617
       83.9463
       83.9292
       83.9102
       83.8893
       83.8664
       83.8409
       83.8129
       83.7819
       83.7479
       83.7104
        83.669
       83.6233
       83.5727
       83.5164
       83.4538
       83.3837
       83.3048
       83.2154
       83.1135
        82.996
       82.8585
       82.6955
       82.4997
       82.2609
       81.9674
       82.0458
       82.4539
         82.89
       83.0988
       83.1561
       83.2868
       83.4518
       83.6212
       83.7864
       83.9755
       84.1816
       84.3782
       84.6234
       84.9093
       85.1882
       85.5276
       85.9223
       86.3226
       86.7735
       87.2745
       87.7979
       88.3484
       88.9299
        89.542
       90.1776
       90.8345
       91.5132
       92.1308
       92.7016
       93.3121
       93.4412
       93.1868
       92.9717
        92.858
       92.8198
       92.7898
       93.0264
       93.5144
       94.0932
       94.1788
       93.8669
       93.5734
        93.557
       93.6978
       93.7485
       93.5228
       93.0952
       92.6417
       92.4396
       92.4302
       92.3941
        92.456
       92.5992
       92.7293
       92.8434
       92.8822
       92.7658
       92.4651
       92.0826
       91.7607
       91.2658
       90.5804
       89.7943
        89.257
       88.8196
        88.141
        87.954
       88.1466
       88.3217
       88.5058
       88.7363
       89.0492
       89.3823
       89.7157
       90.0178
       90.5403
       91.2602
       92.0454
        93.365
       95.1082
       97.0687
        98.763
       100.253
       101.807
       103.364
       104.867
       106.301
       108.023
       109.885
       111.696
       112.969
       114.038
       115.209
       116.165
       117.152
       118.432
       118.142
       117.203
       116.614
        116.07
       115.653
       115.417
        114.69
       113.684
       112.635
       111.492
        110.18
       108.611
       107.613
       106.653
       105.396
       104.073
        102.54
       100.672
       99.2732
       97.8675
       96.1803
       94.1811
       91.7379
       88.6346
       84.5065
       78.9699
       71.4228
       116.476
       115.472
       57.8676
       58.0087
       58.0057
       58.0036
       58.0014
       57.9991
       57.9967
       57.9941
       57.9915
       57.9889
       57.9861
       57.9833
       57.9804
       57.9778
       57.9749
       57.9714
       57.9675
        57.963
       57.9585
       57.9528
       57.9462
       57.9388
       57.9306
       57.9215
       57.9113
       57.8999
       57.8873
       57.8733
        57.858
        57.841
       57.8222
       57.8015
       57.7788
       57.7537
       57.7261
       57.6957
       57.6619
       57.6243
       57.5825
       57.5358
       57.4827
       57.4221
       57.3523
       57.2703
       57.1726
       57.0537
       56.9049
       56.7125
       56.4548
       56.5414
       56.9327
       57.3438
       57.5321
       57.5702
       57.6765
       57.8123
       57.9496
       58.0804
        58.232
       58.3974
       58.5489
       58.7426
         58.97
       59.1837
       59.4492
       59.7607
       60.0699
       60.4203
       60.8114
       61.2163
       61.6397
       62.0858
       62.5556
       63.0442
       63.5513
       64.0819
       64.5582
       65.0021
       65.5163
       65.5916
       65.3213
       65.1083
       64.9933
        64.941
       64.8799
       65.0637
        65.482
       65.9937
       66.0298
       65.6862
        65.363
       65.3102
       65.4141
       65.4515
       65.2424
       64.8523
       64.4438
       64.2762
        64.283
       64.2493
       64.3036
       64.4319
       64.5473
       64.6526
       64.6837
       64.6194
       64.3826
       64.0763
       63.8398
       63.4361
       62.8564
       62.1847
       61.7574
       61.4278
       60.8491
       60.7329
       60.9629
       61.1467
       61.3199
       61.5387
       61.8303
       62.1314
       62.4068
        62.626
       63.0559
       63.6538
       64.2543
       65.3114
       66.7716
       68.4355
       69.8311
       71.0193
       72.2603
       73.5007
       74.6849
       75.7911
       77.1557
       78.6617
       80.1756
       81.1919
       82.0476
       83.0364
        83.905
       84.8623
       86.1141
       85.8039
       84.8772
       84.3375
       83.8534
       83.4974
       83.3205
       82.6592
       81.7506
       80.8351
       79.8583
       78.7415
       77.3869
       76.6299
       75.9295
       74.9588
        73.961
       72.7916
       71.3208
        70.348
       69.3922
       68.1844
       66.7173
       64.8631
       62.3954
       58.8908
       53.7691
       45.9302
       84.8484
       83.9565
       32.1495
       32.7143
       32.7193
       32.7199
       32.7193
       32.7183
       32.7172
        32.716
        32.715
       32.7146
       32.7137
        32.713
       32.7124
        32.712
       32.7108
       32.7092
       32.7073
       32.7051
       32.7027
       32.6999
       32.6966
        32.693
       32.6889
       32.6843
       32.6792
       32.6736
       32.6673
       32.6604
       32.6527
       32.6442
       32.6349
       32.6246
       32.6133
       32.6008
       32.5872
       32.5725
       32.5561
       32.5377
       32.5171
       32.4939
       32.4672
       32.4365
       32.4009
       32.3588
       32.3083
        32.245
       32.1619
       32.0447
       31.8589
       31.9525
         32.29
       32.6394
       32.7975
       32.8222
       32.9014
       33.0012
       33.1008
       33.1938
       33.3031
       33.4228
        33.527
       33.6652
       33.8294
       33.9769
       34.1647
       34.3867
       34.5999
       34.8424
       35.1131
       35.3884
       35.6732
       35.9706
       36.2812
       36.6022
       36.9333
       37.2839
       37.5915
        37.881
       38.2594
       38.2878
       38.0431
       37.8565
       37.7481
       37.6834
       37.5918
       37.6904
       37.9715
       38.3388
        38.308
       37.9634
       37.6415
       37.5469
       37.5907
        37.596
       37.4129
       37.0979
       36.7688
       36.6366
       36.6398
       36.5939
       36.6158
       36.6965
       36.7628
       36.8177
       36.8448
       36.8224
       36.6677
       36.4677
        36.336
       36.0633
       35.6515
       35.1652
       34.9052
       34.7433
        34.362
        34.375
       34.6696
       34.9036
       35.1161
       35.3544
       35.6423
       35.9255
       36.1703
       36.3641
       36.7308
       37.2194
       37.6529
       38.4269
        39.495
       40.7232
       41.7001
       42.5024
        43.347
        44.187
       44.9848
       45.7273
       46.6784
       47.7435
       48.8409
       49.5247
       50.0468
        50.724
        51.343
       52.0449
       53.0973
       52.8014
       51.9832
       51.5501
       51.1613
       50.8905
        50.724
        50.131
       49.3579
       48.6134
       47.8416
       46.9762
       45.9163
       45.4114
       44.9634
       44.3041
       43.6712
       42.9336
       41.9606
       41.4691
       41.0171
       40.3888
       39.6135
       38.6077
       37.2116
       35.0799
       31.6348
        25.347
       53.6558
       53.0436
       14.9421
        8.2515
        8.2515
        8.2515
        8.2515
        8.2515
        8.2515
        8.2515
        8.2515
        8.2515
        8.2515
        8.2515
        8.2515
        8.2515
        8.2515
        8.2515
        8.2515
        8.2515
        8.2515
        8.2515
        8.2515
        8.2515
        8.2515
        8.2515
        8.2515
        8.2515
        8.2515
        8.2515
        8.2515
        8.2515
        8.2515
        8.2515
        8.2515
        8.2515
        8.2515
        8.2515
        8.2515
        8.2515
        8.2515
        8.2515
        8.2515
        8.2515
        8.2515
        8.2515
        8.2515
        8.2515
        8.2515
        8.2515
        8.2515
       8.35376
       8.54125
       8.72874
         8.843
       8.89683
       8.95066
       9.00459
       9.05859
        9.1126
       9.17373
       9.24073
       9.30774
       9.38874
       9.48125
       9.57377
       9.68148
       9.80169
       9.92189
       10.0513
       10.1882
        10.325
        10.462
       10.5991
       10.7361
       10.8725
       11.0084
       11.1443
        11.263
       11.3679
       11.4727
       11.4599
       11.3524
       11.2448
       11.1545
        11.078
       11.0015
       10.9783
       10.9976
       11.0169
       10.9067
       10.6933
       10.4799
       10.3386
       10.2539
       10.1692
       10.0356
       9.86386
       9.69208
        9.5805
       9.51567
       9.45083
       9.41265
       9.39514
       9.37764
       9.36014
       9.34264
       9.32514
       9.28671
       9.23203
       9.17736
       9.06893
       8.91887
       8.76881
       8.71688
       8.74058
       8.76427
       8.94816
       9.25373
        9.5593
       9.85025
       10.1304
       10.4105
       10.6829
       10.9498
       11.2167
       11.5418
       11.9086
       12.2754
       12.7379
       13.2665
       13.7951
       14.2329
       14.6123
       14.9918
       15.3703
       15.7482
       16.1261
       16.5738
       17.0631
       17.5525
       17.9338
       18.2545
       18.5751
       18.8425
       19.0806
       19.3188
       19.2029
       18.8987
       18.5945
        18.242
       17.8645
       17.4871
       17.0009
       16.4606
       15.9204
       15.3825
       14.8457
        14.309
       13.9467
       13.6586
       13.3705
       13.1225
       12.8912
       12.6599
       12.6037
       12.6187
       12.6337
       12.6519
       12.6714
        12.688
        12.688
        12.688
        12.688
            24
            24
        12.688
