32                            
0                             1.5644                        
1                             1.5713                        
2                             1.5783                        
3                             1.5852                        
4                             1.5921                        
5                             1.599                         
6                             1.6059                        
7                             1.6128                        
8                             1.6198                        
9                             1.6267                        
10                            1.6336                        
11                            1.6405                        
12                            1.6474                        
13                            1.6543                        
14                            1.6613                        
15                            1.6682                        
16                            1.6751                        
17                            1.682                         
18                            1.6889                        
19                            1.6958                        
20                            1.7028                        
21                            1.7097                        
22                            1.6918                        
23                            1.6706                        
24                            1.6395                        
25                            1.6373                        
26                            1.5981                        
27                            1.5955                        
28                            1.5868                        
29                            1.5858                        
30                            1.5991                        
31                            1.5628                        
32                            1.5376                        
33                            1.5605                        
34                            1.5029                        
35                            1.5056                        
36                            1.5261                        
37                            1.5234                        
38                            1.5552                        
39                            1.5564                        
40                            1.5557                        
41                            1.4795                        
42                            1.4576                        
43                            1.444                         
44                            1.4448                        
45                            1.4909                        
46                            1.3875                        
47                            1.5598                        
48                            1.4752                        
49                            1.3311                        
50                            1.3766                        
51                            1.4299                        
52                            1.6027                        
53                            1.5055                        
54                            1.4247                        
55                            1.4862                        
56                            1.439                         
57                            1.2733                        
58                            1.3589                        
59                            1.4768                        
60                            1.4771                        
61                            1.3751                        
62                            1.2408                        
63                            1.1506                        
64                            1.1355                        
65                            1.0824                        
66                            1.1122                        
67                            1.1171                        
68                            1.0662                        
69                            1.1143                        
70                            1.2147                        
71                            1.2903                        
72                            1.2841                        
73                            1.3533                        
74                            1.3875                        
75                            1.3532                        
76                            1.364                         
77                            1.24                          
78                            1.3303                        
79                            1.2731                        
80                            1.2097                        
81                            1.2381                        
82                            1.214                         
83                            1.1744                        
84                            1.1792                        
85                            1.1837                        
86                            1.1787                        
87                            1.1693                        
88                            1.1616                        
89                            1.1713                        
90                            1.1543                        
91                            1.1774                        
92                            1.2126                        
93                            1.2673                        
94                            1.2735                        
95                            1.2956                        
96                            1.3111                        
97                            1.3309                        
98                            1.3361                        
99                            1.3287                        
100                           1.2981                        
101                           1.2046                        
102                           1.1118                        
103                           1.0359                        
104                           1.0067                        
105                           0.98357                       
106                           0.98762                       
107                           0.99065                       
108                           0.91983                       
109                           0.84026                       
110                           0.77711                       
111                           0.78993                       
112                           0.8273                        
113                           0.8557                        
114                           0.84904                       
115                           0.85062                       
116                           0.86                          
117                           0.84646                       
118                           0.82482                       
119                           0.80318                       
120                           0.79308                       
121                           0.7914                        
122                           0.77708                       
123                           0.77618                       
124                           0.78283                       
125                           0.78224                       
126                           0.76876                       
127                           0.7644                        
128                           0.76413                       
129                           0.7607                        
130                           0.75449                       
131                           0.75316                       
132                           0.75514                       
133                           0.76366                       
134                           0.77498                       
135                           0.77028                       
136                           0.77668                       
137                           0.79418                       
138                           0.81895                       
139                           0.87562                       
140                           0.93229                       
141                           0.96654                       
142                           0.98895                       
143                           0.9846                        
144                           0.97217                       
145                           0.94984                       
146                           0.9373                        
147                           0.94025                       
148                           0.93733                       
149                           0.91847                       
150                           0.89695                       
151                           0.87503                       
152                           0.85312                       
153                           0.84469                       
154                           0.8528                        
155                           0.87545                       
156                           0.8998                        
157                           0.92088                       
158                           0.93062                       
159                           0.96506                       
160                           0.94571                       
161                           0.91524                       
162                           0.91668                       
163                           0.92502                       
164                           0.9368                        
165                           0.94807                       
166                           0.95964                       
167                           0.9722                        
168                           0.97432                       
169                           0.9751                        
170                           0.97547                       
171                           0                             
172                           0                             
173                           0.9756                        
