160                           61.467                        
35                            61.467                        
34                            61.231                        
33                            61.281                        
32                            61.44                         
31                            61.659                        
30                            61.919                        
29                            62.206                        
28                            62.517                        
27                            62.892                        
26                            63.288                        
25                            63.681                        
24                            64.068                        
23                            64.471                        
22                            64.887                        
21                            65.317                        
20                            65.761                        
19                            66.219                        
18                            66.715                        
17                            67.259                        
16                            67.774                        
15                            63.418                        
14                            49.592                        
13                            47.179                        
12                            45.678                        
11                            44.494                        
10                            45.996                        
9                             46.822                        
8                             46.449                        
7                             26.384                        
6                             25.243                        
5                             24.485                        
4                             23.638                        
3                             22.766                        
2                             21.892                        
1                             21.025                        
0                             20.17                         
