160                           6.364                         
34                            6.364                         
33                            13.115                        
32                            19.95                         
31                            26.799                        
30                            33.698                        
29                            40.712                        
28                            42.426                        
27                            49.437                        
26                            56.523                        
25                            63.596                        
24                            70.781                        
23                            78.012                        
22                            85.226                        
21                            88.162                        
20                            91.104                        
19                            94.16                         
18                            96.045                        
17                            97.941                        
16                            99.878                        
15                            101.49                        
14                            97.709                        
13                            99.023                        
12                            106.51                        
11                            107.17                        
10                            97.722                        
9                             103.56                        
8                             86.689                        
7                             51.242                        
6                             37.296                        
5                             34.54                         
4                             32.432                        
3                             29.185                        
2                             26.13                         
1                             22.743                        
0                             19.26                         
