160                           131.53                        
35                            131.53                        
34                            129.59                        
33                            126.55                        
32                            122.99                        
31                            119.08                        
30                            115.08                        
29                            110.95                        
28                            106.67                        
27                            102.3                         
26                            97.883                        
25                            93.419                        
24                            88.926                        
23                            84.409                        
22                            79.87                         
21                            75.281                        
20                            70.706                        
19                            66.144                        
18                            61.641                        
17                            57.122                        
16                            52.612                        
15                            48.761                        
14                            47.54                         
13                            49.501                        
12                            56.018                        
11                            53.496                        
10                            109.74                        
9                             111.83                        
8                             84.305                        
7                             58.4                          
6                             50.82                         
5                             44.447                        
4                             38.788                        
3                             33.536                        
2                             28.547                        
1                             23.794                        
0                             19.363                        
