       926.361
       926.363
        926.36
       926.355
       926.347
       926.338
       926.327
       926.314
       926.301
       926.285
       926.269
        926.25
       926.231
        926.21
       926.187
       926.163
       926.137
       926.109
        926.08
       926.049
       926.015
        925.98
       925.943
       925.903
       925.862
       925.818
       925.772
       925.723
       925.672
       925.619
       925.564
       925.506
       925.445
       925.382
       925.317
       925.249
        925.18
       925.108
       925.034
       924.959
       924.882
       924.803
       924.724
       924.644
       924.564
       924.485
       924.406
       924.328
       924.253
       924.181
       924.113
        924.05
       923.994
       923.945
       923.907
       923.881
        923.87
       923.879
       923.912
       923.971
       924.059
       924.176
       924.321
       924.489
       924.677
       924.882
         925.1
       925.333
        925.58
       925.842
       926.121
       926.417
       926.732
       927.066
       927.421
       927.794
       928.182
       928.579
        928.98
       929.378
       929.765
       930.129
       930.457
       930.736
       930.956
        931.11
       931.196
       931.215
       931.171
       931.069
       930.911
       930.706
       930.539
       930.482
       930.572
       930.781
       931.064
       931.384
       931.705
       932.001
       932.268
         932.5
       932.695
       932.853
       932.977
       933.073
       933.154
       933.226
       933.307
       933.398
       933.501
       933.632
       933.803
       934.012
       934.257
       934.539
       934.854
         935.2
       935.577
       935.983
       936.415
       936.586
       936.319
       935.695
       934.771
       933.598
       932.224
       930.693
        929.04
       927.297
       925.491
        923.64
       921.762
       919.872
       917.989
       916.141
       914.368
       912.705
       911.151
       909.652
       908.191
       906.756
       905.344
       903.954
       902.582
       901.231
       899.895
       898.581
       897.294
       896.042
       894.832
       893.668
       892.551
       891.472
       890.411
       889.323
       888.209
       887.066
       885.896
       884.682
       883.378
       881.996
       880.543
        879.02
       877.436
       875.807
        874.13
       872.399
       870.614
       869.071
       867.971
       867.239
       866.825
       866.681
       895.584
       895.583
        895.58
       895.574
       895.566
       895.557
       895.546
       895.533
       895.519
       895.504
       895.487
       895.469
        895.45
       895.429
       895.406
       895.382
       895.356
       895.328
       895.299
       895.267
       895.234
       895.199
       895.161
       895.122
        895.08
       895.036
        894.99
       894.942
       894.891
       894.837
       894.781
       894.723
       894.663
       894.599
       894.534
       894.466
       894.396
       894.324
        894.25
       894.174
       894.097
       894.018
       893.938
       893.858
       893.777
       893.696
       893.617
       893.538
       893.462
       893.389
       893.319
       893.255
       893.197
       893.146
       893.105
       893.089
        893.12
       893.171
        893.24
       893.319
       893.428
       893.566
       893.734
       893.926
       894.139
       894.369
       894.613
       894.876
       895.166
       895.472
       895.795
        896.14
       896.505
        896.89
       897.297
       897.724
       898.165
       898.616
       899.072
       899.507
       899.891
       900.252
       900.561
       900.789
       900.956
       901.073
       901.157
       901.174
       901.131
       901.039
       900.888
       900.706
       900.615
       900.643
       900.779
       900.958
       901.212
       901.495
       901.757
       901.997
       902.214
       902.406
       902.559
       902.685
       902.792
       902.873
       902.947
       903.028
       903.118
       903.207
       903.287
       903.397
       903.547
       903.735
        903.96
       904.222
       904.517
       904.845
       905.224
       905.667
       906.138
       906.272
       905.951
       905.279
        904.36
       903.278
       901.996
       900.556
       898.996
       897.348
       895.643
         893.9
       892.127
       890.351
       888.592
       886.868
       885.227
       883.701
       882.287
       880.925
       879.595
       878.293
       876.999
        875.71
       874.439
       873.136
       871.805
       870.495
       869.207
       867.948
       866.731
       865.539
       864.376
       863.256
       862.132
       860.976
       859.791
       858.577
       857.334
       856.035
       854.648
       853.184
       851.645
       850.065
       848.442
       846.772
       845.065
       843.313
       841.503
        839.98
       838.886
       840.202
        839.79
       837.614
       864.758
       864.757
       864.753
       864.747
       864.739
        864.73
       864.719
       864.706
       864.692
       864.677
        864.66
       864.642
       864.623
       864.601
       864.579
       864.554
       864.528
       864.501
       864.471
        864.44
       864.406
       864.371
       864.333
       864.294
       864.252
       864.208
       864.161
       864.113
       864.061
       864.008
       863.951
       863.893
       863.831
       863.768
       863.702
       863.633
       863.562
       863.489
       863.414
       863.337
       863.258
       863.178
       863.096
       863.014
       862.931
       862.848
       862.766
       862.684
       862.605
       862.528
       862.454
       862.385
       862.321
       862.265
       862.216
       862.204
       862.272
        862.36
       862.459
       862.554
       862.681
        862.84
       863.033
       863.251
       863.491
       863.749
       864.019
       864.312
       864.645
       864.991
       865.356
       865.748
       866.158
       866.591
       867.048
       867.526
        868.02
       868.525
       869.037
       869.511
       869.894
       870.255
       870.547
       870.723
       870.833
       870.907
        870.98
       870.981
       870.925
       870.829
       870.671
       870.511
       870.498
       870.614
       870.805
       870.968
       871.207
       871.462
       871.678
       871.872
       872.047
       872.205
       872.322
       872.418
        872.51
       872.575
       872.638
       872.725
        872.82
       872.903
       872.959
       873.044
        873.17
       873.337
       873.542
       873.786
       874.065
       874.383
       874.777
       875.286
       875.788
       875.837
       875.435
       874.693
       873.761
       872.752
       871.543
       870.178
       868.696
       867.131
       865.519
       863.875
         862.2
       860.529
       858.885
       857.279
       855.763
       854.377
       853.115
       851.908
        850.73
       849.586
       848.433
       847.271
       846.121
       844.885
       843.579
       842.292
       841.017
       839.767
       838.559
       837.357
       836.169
       835.025
       833.859
       832.648
       831.404
       830.124
       828.809
       827.422
       825.945
       824.387
       822.751
       821.096
       819.417
       817.685
       815.925
       814.127
       812.292
       810.781
         809.7
       813.082
       812.674
       808.446
         833.9
       833.898
       833.894
       833.888
        833.88
       833.871
        833.86
       833.847
       833.833
       833.818
       833.801
       833.783
       833.764
       833.742
        833.72
       833.695
       833.669
       833.641
       833.612
        833.58
       833.547
       833.511
       833.473
       833.434
       833.391
       833.347
         833.3
       833.251
       833.199
       833.145
       833.088
       833.028
       832.966
       832.901
       832.834
       832.764
       832.692
       832.617
        832.54
       832.461
        832.38
       832.297
       832.213
       832.127
       832.041
       831.954
       831.867
       831.781
       831.696
       831.613
       831.533
       831.456
       831.384
       831.317
       831.257
       831.245
       831.345
       831.465
       831.591
       831.699
       831.842
       832.022
       832.239
       832.485
       832.753
       833.038
       833.334
       833.656
        834.03
       834.415
        834.82
       835.255
       835.708
       836.185
        836.69
       837.217
       837.762
        838.32
       838.888
       839.403
       839.785
       840.146
       840.421
       840.543
       840.592
       840.617
       840.671
       840.646
       840.568
       840.457
       840.282
       840.151
       840.216
       840.425
        840.68
       840.834
       841.066
         841.3
       841.479
       841.634
       841.773
       841.902
       841.986
       842.054
       842.133
       842.179
        842.23
        842.32
       842.418
       842.493
       842.524
       842.582
       842.684
       842.828
       843.013
        843.24
       843.505
       843.811
       844.217
       844.777
       845.261
       845.257
       844.771
       843.951
       842.993
       842.043
       840.895
       839.593
       838.178
       836.687
       835.161
        833.61
       832.026
       830.454
       828.918
       827.426
       826.035
       824.792
       823.691
       822.651
       821.643
       820.674
       819.682
       818.663
       817.652
       816.499
       815.233
       813.983
       812.737
       811.508
       810.324
       809.126
       807.926
       806.771
       805.577
       804.323
       803.028
       801.686
       800.297
        798.82
       797.247
       795.587
       793.843
         792.1
       790.352
        788.54
       786.701
       784.814
       782.939
       781.481
       780.423
       785.885
       785.483
       779.189
        803.02
       803.018
       803.014
       803.008
       803.001
       802.991
        802.98
       802.968
       802.954
       802.938
       802.922
       802.904
       802.884
       802.863
        802.84
       802.815
       802.789
       802.761
       802.731
         802.7
       802.666
        802.63
       802.592
       802.552
       802.509
       802.464
       802.417
       802.367
       802.314
       802.259
       802.201
       802.141
       802.077
       802.011
       801.943
       801.871
       801.797
        801.72
        801.64
       801.558
       801.474
       801.388
         801.3
        801.21
       801.119
       801.027
       800.934
       800.841
       800.749
       800.657
       800.568
       800.481
       800.397
       800.317
       800.242
       800.227
       800.355
       800.504
       800.654
       800.772
        800.93
       801.129
       801.371
       801.643
       801.938
        802.25
        802.57
       802.919
       803.332
       803.754
       804.196
       804.671
       805.165
       805.683
       806.234
       806.808
       807.403
       808.014
       808.637
       809.191
       809.573
       809.932
       810.189
       810.253
       810.238
       810.208
       810.237
       810.182
       810.075
       809.946
       809.758
       809.651
       809.796
       810.104
       810.424
       810.574
       810.804
       811.022
       811.168
        811.29
       811.398
       811.501
       811.554
       811.596
       811.661
       811.689
       811.727
       811.818
       811.916
       811.982
       811.985
       812.016
       812.094
       812.215
       812.382
       812.591
        812.84
       813.132
       813.539
       814.122
       814.591
       814.541
        813.97
       813.065
       812.072
       811.173
       810.076
       808.828
       807.472
       806.049
       804.603
       803.139
       801.642
       800.164
       798.734
       797.353
       796.088
       794.991
       794.057
       793.194
       792.368
       791.588
        790.77
       789.909
       789.051
       787.995
       786.781
        785.58
       784.374
       783.179
        782.03
       780.848
       779.649
       778.494
       777.278
       775.989
       774.649
       773.251
       771.787
       770.215
        768.54
        766.77
       764.907
       763.071
       761.241
       759.337
       757.412
       755.437
       753.559
       752.115
       751.069
       758.618
       758.221
       749.852
       772.127
       772.126
       772.122
       772.116
       772.108
       772.099
       772.088
       772.075
       772.061
       772.046
       772.029
       772.011
       771.991
        771.97
       771.947
       771.923
       771.896
       771.868
       771.838
       771.806
       771.772
       771.736
       771.698
       771.657
       771.614
       771.568
        771.52
        771.47
       771.416
        771.36
       771.301
       771.239
       771.174
       771.106
       771.035
       770.962
       770.885
       770.805
       770.723
       770.637
       770.549
       770.458
       770.365
        770.27
       770.173
       770.074
       769.974
       769.873
       769.771
        769.67
       769.569
       769.469
       769.371
       769.275
       769.182
        769.16
       769.314
       769.489
       769.661
       769.788
       769.958
       770.175
       770.439
       770.737
       771.057
       771.395
       771.737
       772.113
       772.562
       773.018
       773.494
       774.008
       774.539
       775.096
        775.69
       776.309
       776.952
       777.613
       778.291
       778.883
       779.263
        779.62
       779.855
        779.86
       779.777
       779.687
       779.688
       779.597
       779.458
       779.308
       779.105
       779.025
       779.255
       779.663
        780.05
       780.201
       780.429
       780.636
       780.755
       780.846
       780.925
       781.006
       781.028
       781.044
       781.095
       781.105
        781.13
       781.222
       781.321
       781.376
        781.35
       781.354
       781.407
       781.506
       781.653
       781.846
       782.079
       782.357
       782.766
       783.385
       783.811
       783.706
       783.044
       782.047
       781.013
       780.158
       779.106
       777.907
       776.605
       775.244
       773.874
       772.492
       771.079
       769.691
       768.365
       767.095
       765.957
       765.008
       764.244
       763.567
       762.933
       762.352
       761.721
       761.029
       760.334
       759.385
       758.233
       757.093
       755.936
       754.784
        753.68
       752.524
       751.338
       750.187
       748.956
       747.636
       746.255
       744.802
       743.258
       741.591
       739.811
       737.927
        735.94
       734.003
       732.083
        730.08
       728.063
       726.011
       724.128
       722.687
       721.647
       731.288
       730.894
       720.441
       741.228
       741.226
       741.222
       741.217
       741.209
       741.199
       741.188
       741.176
       741.162
       741.147
        741.13
       741.112
       741.092
       741.071
       741.048
       741.023
       740.997
       740.968
       740.938
       740.906
       740.872
       740.835
       740.796
       740.755
       740.711
       740.665
       740.616
       740.564
        740.51
       740.453
       740.392
       740.329
       740.262
       740.192
       740.119
       740.043
       739.963
        739.88
       739.794
       739.704
       739.611
       739.516
       739.417
       739.315
       739.211
       739.104
       738.995
       738.884
       738.771
       738.658
       738.543
       738.428
       738.314
         738.2
       738.087
       738.056
       738.232
       738.431
       738.623
       738.755
       738.936
       739.169
       739.455
       739.776
        740.12
       740.481
       740.845
       741.243
       741.727
       742.215
       742.722
       743.271
       743.837
       744.432
       745.066
       745.728
       746.416
       747.127
       747.857
       748.486
       748.861
       749.214
       749.426
       749.367
       749.213
       749.061
       749.028
       748.899
       748.724
       748.549
       748.331
       748.284
       748.602
       749.112
       749.569
       749.721
       749.949
       750.148
       750.243
       750.307
        750.36
       750.418
       750.412
       750.402
       750.441
       750.433
       750.443
       750.536
       750.634
       750.678
       750.623
         750.6
       750.629
       750.706
       750.834
        751.01
       751.229
       751.492
       751.902
       752.551
       752.928
       752.761
       752.003
        750.91
        749.83
       749.015
       748.003
       746.848
       745.596
       744.293
       742.995
       741.694
        740.36
       739.061
       737.838
        736.68
       735.671
       734.871
       734.283
       733.796
       733.361
       732.989
       732.551
       732.036
       731.513
        730.68
       729.599
       728.527
       727.428
       726.327
       725.275
       724.151
       722.981
       721.841
       720.604
       719.258
       717.838
       716.329
       714.705
       712.942
       711.054
       709.051
       706.936
       704.892
       702.873
       700.762
       698.644
         696.5
       694.633
       693.196
       692.159
       703.897
       703.505
       690.958
       710.325
       710.324
        710.32
       710.314
       710.307
       710.297
       710.286
       710.274
        710.26
       710.245
       710.228
        710.21
        710.19
       710.168
       710.145
       710.121
       710.094
       710.066
       710.035
       710.003
       709.968
       709.931
       709.892
        709.85
       709.806
       709.759
       709.709
       709.656
         709.6
       709.542
        709.48
       709.414
       709.346
       709.273
       709.198
       709.118
       709.035
       708.949
       708.858
       708.764
       708.666
       708.564
       708.459
        708.35
       708.237
       708.121
       708.002
        707.88
       707.755
       707.628
       707.498
       707.366
       707.233
       707.098
       706.963
        706.92
       707.118
       707.338
       707.548
       707.684
       707.874
       708.121
       708.425
       708.768
       709.135
       709.517
       709.899
       710.318
       710.834
       711.351
       711.887
       712.469
       713.067
       713.696
       714.368
       715.071
       715.803
       716.561
       717.341
       718.004
       718.374
       718.719
       718.905
       718.781
       718.552
       718.334
       718.266
       718.095
       717.881
       717.681
       717.453
       717.438
       717.846
        718.46
       718.988
       719.142
       719.371
       719.565
       719.638
       719.677
       719.705
       719.743
       719.709
       719.674
         719.7
       719.673
        719.67
       719.763
        719.86
       719.894
       719.809
        719.76
       719.763
       719.818
       719.928
       720.088
       720.294
       720.546
       720.957
       721.611
       721.946
       721.713
       720.856
       719.662
       718.533
       717.754
        716.78
       715.666
       714.462
       713.214
       711.986
       710.763
       709.508
       708.297
       707.178
       706.132
       705.251
       704.606
       704.198
       703.906
       703.673
       703.514
       703.276
       702.946
       702.602
       701.891
       700.887
       699.889
       698.854
        697.81
       696.816
        695.73
       694.583
       693.457
       692.217
       690.849
       689.393
       687.829
       686.122
       684.262
       682.263
       680.136
       677.889
       675.733
       673.611
       671.384
       669.148
       666.943
       665.086
       663.647
       662.608
       676.448
       676.058
       661.408
       679.423
       679.421
       679.418
       679.412
       679.404
       679.395
       679.384
       679.371
       679.358
       679.342
       679.326
       679.307
       679.287
       679.266
       679.243
       679.218
       679.191
       679.163
       679.132
       679.099
       679.064
       679.027
       678.987
       678.945
         678.9
       678.852
       678.801
       678.747
        678.69
        678.63
       678.566
       678.499
       678.428
       678.353
       678.275
       678.192
       678.106
       678.015
        677.92
        677.82
       677.717
       677.608
       677.496
       677.378
       677.257
       677.131
           677
       676.866
       676.727
       676.584
       676.438
       676.288
       676.134
       675.977
       675.817
       675.761
       675.978
       676.218
       676.442
       676.581
       676.777
       677.036
       677.357
        677.72
       678.106
       678.508
       678.905
       679.343
       679.888
       680.431
       680.994
       681.606
       682.234
       682.894
       683.602
       684.343
       685.117
       685.919
       686.748
       687.443
       687.804
        688.14
       688.297
       688.105
       687.798
       687.513
       687.407
       687.192
       686.937
       686.708
       686.473
       686.495
       686.995
       687.714
       688.313
       688.469
       688.701
       688.892
       688.945
        688.96
       688.963
       688.982
       688.921
       688.862
       688.876
        688.83
       688.812
       688.905
       689.002
       689.025
       688.912
       688.837
       688.813
       688.846
       688.937
       689.084
       689.281
        689.53
       689.972
       690.636
       690.881
       690.571
       689.608
        688.31
        687.13
       686.386
       685.448
       684.374
       683.215
       682.022
       680.861
       679.716
       678.539
       677.416
         676.4
       675.466
       674.716
       674.227
       674.002
       673.908
       673.882
        673.94
       673.907
       673.766
       673.607
       673.024
       672.102
       671.183
       670.217
       669.236
       668.305
       667.262
       666.141
       665.033
       663.794
       662.408
       660.917
       659.299
       657.509
       655.547
       653.434
       651.181
         648.8
       646.528
       644.298
       641.954
       639.615
       637.369
       635.495
       634.043
       632.996
       648.944
       648.552
        631.79
       648.521
        648.52
       648.516
        648.51
       648.503
       648.493
       648.483
        648.47
       648.456
       648.441
       648.425
       648.406
       648.386
       648.365
       648.342
       648.317
        648.29
       648.261
        648.23
       648.197
       648.162
       648.124
       648.084
       648.041
       647.995
       647.946
       647.895
        647.84
       647.781
       647.719
       647.654
       647.585
       647.512
       647.434
       647.353
       647.267
       647.176
       647.081
       646.981
       646.876
       646.766
       646.651
        646.53
       646.404
       646.273
       646.136
       645.993
       645.845
       645.692
       645.533
       645.368
       645.198
       645.022
       644.841
       644.655
       644.584
       644.817
       645.075
       645.313
       645.451
       645.652
        645.92
       646.257
       646.637
        647.04
       647.459
        647.87
       648.323
       648.895
       649.462
       650.048
       650.688
       651.343
       652.032
       652.773
        653.55
       654.362
       655.207
       656.081
       656.806
       657.156
        657.48
       657.606
       657.343
       656.957
       656.602
       656.456
       656.195
       655.898
       655.639
       655.405
       655.467
        656.06
        656.88
        657.55
       657.706
       657.943
       658.134
       658.167
       658.158
       658.138
       658.138
        658.05
       657.968
        657.97
       657.904
       657.871
       657.965
       658.062
       658.075
       657.935
       657.831
        657.78
        657.79
       657.862
       657.995
       658.181
       658.427
       658.889
       659.515
       659.708
       659.328
       658.262
        656.86
       655.628
       654.919
       654.016
        652.98
       651.865
       650.726
       649.633
       648.565
       647.466
       646.431
       645.518
       644.696
       644.078
       643.747
       643.707
       643.813
       643.997
       644.275
       644.451
       644.504
       644.534
       644.083
       643.247
       642.411
        641.52
       640.605
       639.742
       638.746
       637.653
       636.568
       635.334
       633.931
       632.411
       630.735
       628.859
       626.796
       624.567
       622.185
       619.668
       617.275
       614.931
       612.466
       610.024
       607.751
       605.853
       604.381
       603.322
       621.384
       620.989
       602.105
       617.622
        617.62
       617.617
       617.611
       617.603
       617.594
       617.583
       617.571
       617.557
       617.542
       617.526
       617.507
       617.488
       617.466
       617.443
       617.418
       617.391
       617.362
       617.331
       617.297
       617.262
       617.224
       617.183
       617.139
       617.093
       617.043
        616.99
       616.934
       616.875
       616.811
       616.744
       616.673
       616.597
       616.517
       616.432
       616.343
       616.248
       616.149
       616.043
       615.932
       615.816
       615.693
       615.564
       615.429
       615.287
       615.139
       614.984
       614.821
       614.652
       614.475
       614.291
         614.1
       613.901
       613.695
       613.481
       613.393
       613.641
       613.914
       614.163
         614.3
       614.503
       614.779
       615.129
       615.523
       615.942
       616.375
       616.796
       617.263
       617.859
       618.447
       619.054
       619.718
       620.397
       621.112
       621.884
       622.694
       623.542
       624.427
       625.345
       626.098
       626.434
       626.744
       626.837
       626.501
       626.033
       625.605
       625.418
        625.11
        624.77
       624.486
       624.251
       624.353
       625.042
       625.962
       626.708
       626.861
       627.104
       627.293
       627.308
       627.276
       627.233
       627.214
         627.1
       626.994
       626.983
       626.898
       626.851
       626.945
       627.041
       627.043
       626.874
       626.742
       626.665
       626.651
       626.703
       626.819
       626.992
       627.227
       627.702
        628.28
       628.428
       627.986
       626.819
       625.316
       624.032
       623.358
        622.49
       621.493
       620.423
       619.338
       618.312
       617.321
       616.299
       615.352
       614.542
       613.833
       613.346
       613.174
       613.321
       613.629
       614.025
       614.527
       614.915
       615.164
       615.387
       615.072
       614.326
       613.577
       612.763
        611.92
       611.129
       610.183
       609.123
       608.061
       606.833
       605.416
       603.866
       602.129
        600.17
       598.006
        595.66
       593.148
       590.491
       587.971
       585.507
       582.905
        580.39
       578.084
       576.157
        574.66
       573.584
       593.766
       593.367
       572.349
       586.724
       586.723
       586.719
       586.713
       586.706
       586.697
       586.686
       586.674
        586.66
       586.645
       586.629
       586.611
       586.591
       586.569
       586.546
       586.521
       586.494
       586.465
       586.434
         586.4
       586.364
       586.326
       586.284
        586.24
       586.193
       586.143
       586.089
       586.032
       585.971
       585.906
       585.837
       585.763
       585.686
       585.603
       585.515
       585.422
       585.323
       585.219
       585.108
       584.992
       584.868
       584.738
         584.6
       584.456
       584.303
       584.143
       583.974
       583.797
       583.611
       583.416
       583.212
       582.998
       582.775
       582.542
       582.298
       582.192
       582.453
       582.741
           583
       583.132
       583.336
       583.618
       583.977
       584.385
       584.816
        585.26
        585.69
       586.168
       586.785
        587.39
       588.016
       588.702
       589.402
       590.141
       590.941
       591.781
       592.663
       593.585
       594.544
       595.321
       595.641
       595.935
       595.992
       595.581
       595.029
       594.528
       594.298
       593.941
       593.555
       593.252
       593.024
       593.164
       593.948
       594.973
       595.789
       595.938
       596.186
       596.374
        596.37
       596.315
        596.25
       596.213
       596.072
       595.941
        595.92
       595.815
       595.753
       595.847
       595.943
       595.933
       595.734
       595.573
       595.469
       595.431
       595.461
       595.556
       595.709
       595.926
       596.405
       596.937
       597.048
       596.547
       595.284
        593.68
       592.347
       591.709
       590.877
       589.919
       588.895
       587.863
       586.906
       585.991
       585.047
       584.188
       583.481
       582.885
        582.53
       582.516
        582.85
       583.362
       583.971
         584.7
       585.302
       585.751
        586.17
       585.992
       585.339
       584.681
       583.948
       583.179
       582.464
       581.576
       580.548
       579.511
       578.292
       576.862
       575.281
       573.484
       571.443
       569.178
       566.714
       564.073
       561.272
       558.621
       556.034
       553.303
       550.717
        548.36
         546.4
       544.875
       543.778
       566.089
       565.684
        542.52
       555.828
       555.827
       555.823
       555.818
        555.81
       555.801
       555.791
       555.779
       555.765
        555.75
       555.734
       555.716
       555.696
       555.675
       555.651
       555.626
       555.599
        555.57
       555.539
       555.505
       555.469
        555.43
       555.389
       555.344
       555.296
       555.245
       555.191
       555.132
        555.07
       555.004
       554.933
       554.858
       554.777
       554.692
       554.601
       554.504
       554.402
       554.293
       554.177
       554.054
       553.924
       553.786
        553.64
       553.486
       553.322
       553.149
       552.967
       552.775
       552.572
       552.358
       552.133
       551.896
       551.647
       551.386
       551.113
       550.986
        551.26
        551.56
       551.826
       551.952
       552.155
        552.44
       552.808
       553.226
       553.667
       554.121
       554.556
       555.041
       555.677
       556.298
       556.938
       557.643
       558.363
       559.122
       559.947
       560.815
       561.727
       562.684
       563.681
       564.482
       564.783
       565.057
       565.077
       564.588
        563.95
       563.373
       563.099
       562.694
       562.266
       561.941
       561.718
         561.9
       562.777
       563.905
       564.791
       564.939
       565.194
       565.381
       565.358
        565.28
       565.193
       565.137
       564.969
       564.815
       564.782
       564.658
       564.581
       564.676
        564.77
       564.748
       564.518
       564.328
       564.196
       564.131
       564.137
       564.208
       564.334
        564.52
       564.974
       565.486
       565.569
       565.015
       563.658
       561.956
       560.574
       559.975
       559.181
       558.264
       557.286
       556.311
       555.421
       554.584
       553.718
       552.947
       552.342
       551.859
       551.636
       551.781
       552.299
       553.015
        553.84
       554.797
       555.616
       556.267
       556.883
       556.846
       556.287
       555.723
       555.073
       554.381
       553.745
       552.914
       551.921
       550.916
       549.709
        548.27
       546.658
       544.802
       542.681
       540.315
       537.733
       534.961
       532.012
       529.224
       526.505
       523.639
       520.982
       518.563
       516.579
       515.024
       513.902
        538.35
       537.937
       512.612
       524.933
       524.932
       524.929
       524.923
       524.916
       524.907
       524.896
       524.884
       524.871
       524.856
        524.84
       524.822
       524.803
       524.781
       524.758
       524.733
       524.706
       524.677
       524.646
       524.612
       524.576
       524.537
       524.495
        524.45
       524.402
        524.35
       524.295
       524.235
       524.172
       524.104
       524.032
       523.955
       523.872
       523.785
       523.691
       523.591
       523.484
       523.371
        523.25
       523.122
       522.985
        522.84
       522.685
       522.521
       522.347
       522.162
       521.965
       521.757
       521.537
       521.304
       521.058
       520.798
       520.523
       520.233
       519.928
       519.781
       520.065
       520.375
       520.648
       520.767
       520.966
       521.252
       521.626
       522.052
       522.501
       522.961
         523.4
        523.89
        524.54
       525.174
       525.827
       526.548
       527.283
        528.06
       528.907
         529.8
        530.74
       531.729
       532.763
       533.583
       533.863
       534.116
       534.096
       533.527
       532.801
       532.147
       531.827
       531.371
       530.896
       530.556
       530.336
       530.567
       531.539
       532.776
       533.725
       533.872
       534.132
       534.318
       534.277
       534.176
       534.066
       533.992
       533.798
        533.62
       533.574
        533.43
       533.338
       533.433
       533.527
       533.492
        533.23
        533.01
       532.849
       532.757
       532.736
       532.781
       532.878
       533.028
        533.45
       533.943
       533.999
       533.394
       531.944
       530.145
       528.717
       528.158
       527.404
        526.53
       525.602
       524.684
       523.864
       523.104
       522.317
       521.633
       521.132
       520.761
       520.671
       520.973
       521.675
       522.594
       523.636
       524.822
       525.858
       526.712
       527.528
       527.633
       527.171
       526.701
       526.138
       525.526
       524.971
       524.201
       523.245
       522.275
       521.085
       519.642
           518
       516.086
       513.884
       511.418
       508.717
       505.815
       502.715
       499.783
       496.913
       493.935
       491.179
       488.711
       486.701
       485.108
       483.953
       510.546
       510.123
       482.618
       494.039
       494.038
       494.034
       494.029
       494.022
       494.013
       494.003
       493.991
       493.978
       493.963
       493.947
       493.929
        493.91
       493.889
       493.866
       493.841
       493.815
       493.786
       493.754
       493.721
       493.684
       493.645
       493.603
       493.558
       493.509
       493.457
       493.401
       493.341
       493.277
       493.208
       493.135
       493.056
       492.972
       492.881
       492.785
       492.682
       492.572
       492.455
       492.329
       492.195
       492.052
         491.9
       491.737
       491.563
       491.379
       491.182
       490.972
       490.749
       490.511
       490.259
       489.991
       489.707
       489.406
       489.087
       488.749
        488.58
       488.874
       489.194
       489.471
        489.58
       489.774
        490.06
       490.438
       490.869
       491.324
       491.787
       492.226
       492.718
       493.382
       494.025
       494.687
       495.421
       496.169
       496.961
       497.827
       498.742
       499.708
       500.726
       501.793
       502.631
       502.887
       503.117
       503.054
       502.402
       501.586
       500.853
       500.487
        499.98
       499.465
       499.115
       498.905
       499.181
       500.248
       501.586
       502.597
       502.743
       503.006
       503.191
       503.131
       503.007
       502.874
       502.781
       502.561
       502.359
       502.301
       502.137
       502.029
       502.125
       502.217
        502.17
       501.875
       501.624
       501.433
       501.311
       501.263
       501.283
       501.355
       501.475
       501.864
       502.322
       502.344
       501.685
       500.141
       498.247
       496.774
       496.259
       495.547
       494.719
       493.843
       492.985
       492.238
       491.559
        490.85
       490.255
       489.857
       489.599
       489.641
       490.101
       490.989
       492.111
       493.366
        494.78
       496.033
       497.089
       498.105
       498.353
       497.988
       497.616
       497.142
       496.612
       496.141
       495.434
       494.518
       493.588
       492.418
       490.972
       489.303
       487.336
       485.056
        482.49
       479.676
       476.643
       473.391
       470.318
       467.314
       464.231
       461.385
       458.847
       456.778
        455.13
       453.928
       482.671
       482.235
        452.53
       463.145
       463.144
        463.14
       463.135
       463.128
       463.119
       463.109
       463.098
       463.085
       463.071
       463.055
       463.037
       463.018
       462.998
       462.975
       462.951
       462.924
       462.895
       462.864
       462.831
       462.794
       462.755
       462.713
       462.668
       462.619
       462.567
        462.51
        462.45
       462.385
       462.316
       462.241
       462.161
       462.075
       461.983
       461.884
       461.779
       461.666
       461.545
       461.415
       461.276
       461.127
       460.968
       460.798
       460.616
       460.421
       460.212
        459.99
       459.752
       459.497
       459.226
       458.937
       458.629
       458.301
       457.953
       457.583
       457.392
       457.693
       458.022
       458.302
         458.4
       458.587
        458.87
        459.25
       459.684
       460.142
       460.607
       461.043
       461.535
       462.208
       462.858
       463.526
        464.27
       465.027
       465.831
       466.714
       467.647
       468.636
        469.68
       470.778
       471.631
       471.862
       472.065
       471.956
        471.22
       470.312
       469.497
       469.083
       468.526
       467.966
       467.611
       467.413
       467.736
       468.903
       470.338
       471.414
       471.557
       471.825
       472.008
       471.928
       471.779
       471.623
       471.512
       471.264
       471.039
       470.968
       470.784
       470.662
       470.758
       470.847
       470.786
       470.458
       470.175
       469.952
       469.798
       469.721
       469.715
       469.771
       469.895
       470.263
       470.632
       470.603
       469.885
       468.248
       466.259
       464.744
       464.276
       463.611
       462.833
       462.012
       461.218
       460.548
        459.95
       459.322
       458.817
       458.523
       458.379
       458.553
        459.17
       460.243
       461.567
       463.034
       464.673
       466.141
       467.399
       468.615
       469.005
       468.739
       468.465
       468.081
       467.636
       467.252
        466.61
       465.739
       464.851
       463.706
       462.261
       460.566
       458.552
       456.199
        453.54
       450.616
       447.453
       444.048
       440.827
       437.696
       434.517
       431.581
       428.958
        426.81
       425.087
       423.821
        454.72
       454.267
       422.335
       432.251
        432.25
       432.246
       432.241
       432.234
       432.226
       432.216
       432.205
       432.192
       432.178
       432.163
       432.146
       432.127
       432.107
       432.085
       432.061
       432.034
       432.006
       431.975
       431.942
       431.906
       431.867
       431.825
        431.78
       431.731
       431.679
       431.623
       431.562
       431.497
       431.427
       431.351
        431.27
       431.183
        431.09
        430.99
       430.882
       430.767
       430.643
       430.509
       430.366
       430.213
       430.048
       429.871
       429.681
       429.477
       429.258
       429.023
       428.771
       428.501
       428.211
       427.902
        427.57
       427.216
       426.839
       426.436
       426.222
       426.531
       426.867
       427.149
       427.235
       427.413
       427.692
       428.071
       428.506
       428.964
       429.428
       429.859
       430.347
       431.027
        431.68
       432.352
       433.102
       433.866
       434.679
       435.574
       436.524
       437.532
         438.6
       439.726
       440.592
       440.793
       440.968
       440.812
       439.988
       438.984
       438.086
       437.622
       437.012
       436.422
       436.067
       435.885
       436.257
       437.522
       439.048
       440.188
       440.326
       440.596
       440.777
       440.675
       440.502
       440.322
       440.191
       439.917
       439.668
       439.584
       439.379
       439.242
       439.338
       439.426
        439.35
       438.987
        438.67
       438.411
       438.221
       438.108
        438.07
       438.098
       438.209
       438.509
       438.828
       438.759
       437.985
       436.256
       434.175
       432.623
       432.206
       431.594
       430.871
       430.111
       429.385
       428.795
       428.284
        427.74
       427.327
        427.14
       427.109
       427.413
       428.186
       429.442
       430.965
       432.641
       434.503
       436.185
       437.642
       439.056
       439.588
       439.421
       439.245
       438.952
       438.595
       438.302
       437.727
       436.903
       436.064
       434.949
       433.509
       431.794
       429.736
       427.318
       424.571
       421.542
       418.252
       414.696
       411.327
       408.094
       404.809
       401.767
       399.046
       396.799
       394.978
       393.627
       426.684
       426.209
       392.019
       401.358
       401.357
       401.353
       401.348
       401.341
       401.333
       401.324
       401.313
       401.301
       401.287
       401.272
       401.256
       401.237
       401.217
       401.196
       401.172
       401.146
       401.119
       401.088
       401.056
        401.02
       400.982
        400.94
       400.895
       400.847
       400.795
       400.739
       400.678
       400.613
       400.543
       400.467
       400.386
       400.299
       400.204
       400.103
       399.994
       399.877
       399.751
       399.615
       399.469
       399.311
       399.142
       398.959
       398.763
       398.551
       398.323
       398.077
       397.812
       397.527
       397.221
       396.892
       396.538
       396.159
       395.752
       395.318
       395.081
       395.397
       395.739
       396.022
       396.094
       396.262
       396.535
       396.911
       397.346
       397.802
       398.261
       398.685
       399.166
       399.849
       400.503
       401.174
       401.928
       402.695
       403.513
       404.419
       405.382
       406.406
       407.495
       408.646
       409.522
       409.692
       409.835
       409.629
       408.715
       407.614
       406.628
       406.111
        405.45
       404.841
       404.494
       404.332
        404.76
       406.117
       407.733
       408.933
       409.064
       409.335
        409.51
       409.385
       409.185
        408.98
       408.829
       408.527
       408.254
       408.157
       407.933
       407.781
       407.877
       407.962
       407.871
       407.471
       407.117
       406.818
       406.586
       406.428
       406.344
       406.324
       406.381
       406.621
       406.903
         406.8
       405.974
       404.157
       401.988
       400.402
       400.044
       399.491
        398.83
       398.138
       397.487
       396.984
       396.566
       396.112
       395.795
       395.715
       395.798
        396.23
       397.156
       398.592
        400.31
       402.192
       404.272
       406.163
       407.817
       409.427
         410.1
       410.029
       409.951
        409.75
       409.482
       409.282
       408.777
       408.006
        407.22
       406.143
       404.711
       402.985
       400.893
       398.415
       395.589
       392.464
       389.052
       385.349
       381.845
       378.515
       375.114
       371.941
       369.115
       366.749
       364.805
       363.339
       398.552
       398.049
       361.562
       370.467
       370.465
       370.462
       370.457
       370.451
       370.443
       370.434
       370.423
       370.412
       370.398
       370.384
       370.368
        370.35
       370.331
        370.31
       370.287
       370.262
       370.235
       370.205
       370.173
       370.138
         370.1
        370.06
       370.015
       369.968
       369.916
       369.861
       369.801
       369.736
       369.666
       369.591
        369.51
       369.423
       369.328
       369.227
       369.117
       368.999
       368.872
       368.735
       368.587
       368.427
       368.254
       368.068
       367.866
       367.648
       367.412
       367.157
       366.882
       366.584
       366.263
       365.915
       365.541
       365.138
       364.704
       364.238
       363.978
       364.302
       364.649
       364.933
        364.99
       365.147
       365.412
       365.784
       366.215
       366.667
        367.12
       367.532
       368.004
       368.688
       369.338
       370.006
        370.76
       371.527
       372.346
       373.258
       374.231
       375.269
       376.375
       377.549
       378.432
       378.569
       378.679
       378.421
       377.414
        376.21
       375.131
       374.552
       373.842
       373.218
       372.891
       372.772
       373.266
        374.71
        376.41
       377.665
       377.785
       378.054
        378.22
       378.069
       377.841
        377.61
       377.438
       377.108
       376.811
       376.701
       376.457
       376.292
       376.388
        376.47
       376.363
       375.924
        375.53
       375.188
       374.905
       374.691
       374.546
        374.46
       374.447
       374.612
       374.851
       374.714
       373.839
       371.937
       369.684
       368.071
       367.781
       367.296
       366.707
       366.092
       365.526
       365.119
       364.802
       364.444
       364.229
       364.259
       364.455
       365.015
       366.089
       367.699
       369.607
       371.688
       373.982
       376.077
       377.924
       379.725
       380.536
       380.558
       380.577
       380.469
        380.29
       380.186
       379.753
        379.04
       378.315
       377.282
       375.867
       374.139
       372.022
       369.496
       366.606
       363.393
       359.865
       356.012
       352.403
        348.98
       345.457
       342.144
       339.192
       336.677
       334.575
       332.955
       370.309
       369.774
       330.943
        339.58
       339.579
       339.575
       339.571
       339.565
       339.557
       339.548
       339.538
       339.527
       339.515
       339.501
       339.485
       339.468
        339.45
       339.429
       339.407
       339.383
       339.357
       339.328
       339.297
       339.263
       339.226
       339.186
       339.143
       339.096
       339.046
       338.991
       338.932
       338.868
         338.8
       338.725
       338.645
       338.559
       338.465
       338.365
       338.256
       338.138
       338.011
       337.874
       337.725
       337.564
        337.39
       337.201
       336.997
       336.775
       336.534
       336.272
       335.988
        335.68
       335.346
       334.983
        334.59
       334.165
       333.706
        333.21
       332.929
        333.26
       333.613
       333.896
       333.939
       334.083
       334.338
       334.705
        335.13
       335.575
       336.019
       336.417
       336.877
       337.558
       338.201
       338.862
       339.612
       340.374
       341.191
       342.106
       343.084
       344.133
       345.255
       346.448
       347.336
       347.438
       347.514
       347.201
       346.098
       344.784
       343.605
       342.967
       342.226
       341.604
        341.31
       341.243
       341.793
       343.318
         345.1
       346.405
       346.511
       346.772
       346.925
       346.745
       346.487
       346.228
       346.033
       345.675
       345.353
        345.23
       344.968
        344.79
       344.888
       344.967
       344.844
       344.365
        343.93
       343.539
       343.197
       342.915
       342.691
       342.523
       342.438
       342.479
       342.656
       342.482
       341.561
       339.579
       337.247
       335.615
       335.402
       334.997
       334.494
        333.97
       333.502
       333.202
       332.998
       332.747
       332.639
       332.785
       333.095
       333.779
       334.997
       336.773
       338.863
       341.137
       343.637
       345.929
       347.961
       349.949
       350.892
       351.005
       351.118
       351.101
       351.013
       351.005
       350.647
       349.998
       349.341
       348.358
       346.969
       345.251
       343.124
       340.566
       337.627
       334.342
       330.716
       326.741
        323.04
        319.52
       315.873
       312.419
       309.307
       306.607
       304.302
       302.477
       341.938
       341.365
        300.14
       308.701
         308.7
       308.697
       308.692
       308.687
        308.68
       308.671
       308.662
       308.651
       308.639
       308.626
       308.611
       308.595
       308.578
       308.558
       308.537
       308.514
       308.488
       308.461
       308.431
       308.398
       308.363
       308.324
       308.282
       308.237
       308.188
       308.135
       308.077
       308.015
       307.948
       307.875
       307.797
       307.712
        307.62
       307.521
       307.414
       307.298
       307.173
       307.037
        306.89
        306.73
       306.556
       306.367
       306.162
       305.939
       305.696
        305.43
       305.141
       304.826
       304.482
       304.107
       303.699
       303.255
       302.773
        302.25
        301.95
       302.288
       302.648
       302.931
       302.958
       303.089
       303.334
       303.692
       304.111
       304.546
       304.978
        305.36
       305.803
       306.477
        307.11
        307.76
       308.501
       309.256
       310.066
       310.979
       311.959
       313.014
       314.147
       315.357
       316.247
       316.313
       316.354
       315.983
       314.778
       313.351
       312.062
       311.372
       310.617
       310.015
       309.776
       309.758
       310.356
       311.956
       313.817
        315.17
       315.258
       315.507
       315.643
       315.433
       315.143
       314.852
       314.634
       314.247
         313.9
       313.765
       313.486
       313.297
       313.398
       313.476
       313.338
       312.822
       312.344
       311.901
       311.492
       311.126
         310.8
       310.514
       310.307
       310.183
        310.28
       310.073
       309.117
       307.059
       304.654
       303.011
       302.888
       302.578
       302.178
       301.765
       301.412
       301.236
       301.159
       301.028
       301.041
       301.308
       301.736
       302.543
       303.899
       305.832
       308.093
       310.547
       313.242
       315.721
       317.928
       320.095
       321.164
       321.361
       321.565
       321.637
       321.639
       321.725
       321.447
       320.867
       320.285
       319.358
       318.006
       316.314
       314.194
       311.626
       308.659
       305.322
       301.615
       297.545
       293.773
       290.165
       286.389
       282.779
       279.495
       276.576
       274.016
       271.919
       313.419
       312.803
       269.134
       277.837
       277.835
       277.832
       277.828
       277.823
       277.816
       277.808
       277.799
       277.789
       277.778
       277.766
       277.752
       277.737
        277.72
       277.702
       277.682
        277.66
       277.636
        277.61
       277.581
        277.55
       277.516
       277.479
       277.439
       277.395
       277.348
       277.297
       277.242
       277.182
       277.117
       277.047
       276.971
       276.889
         276.8
       276.704
         276.6
       276.487
       276.365
       276.232
       276.088
       275.932
       275.761
       275.575
       275.372
       275.151
       274.909
       274.644
       274.353
       274.035
       273.686
       273.303
       272.884
       272.425
       271.924
       271.377
        271.06
       271.408
       271.775
       272.058
       272.071
       272.188
       272.421
        272.77
       273.178
       273.602
       274.019
       274.381
       274.805
       275.469
       276.088
       276.721
        277.45
       278.191
        278.99
       279.896
       280.872
       281.928
       283.066
       284.288
       285.177
       285.205
       285.205
       284.775
       283.468
       281.927
        280.56
       279.852
       279.094
       278.527
       278.338
        278.35
        278.98
       280.646
       282.581
       283.976
       284.044
       284.277
       284.394
       284.152
       283.827
       283.504
       283.262
       282.845
       282.475
        282.33
       282.037
       281.839
       281.945
       282.026
       281.876
       281.326
       280.808
       280.311
        279.83
       279.369
       278.915
       278.453
       278.003
       277.658
       277.656
       277.443
       276.477
       274.348
       271.873
       270.232
       270.212
       270.011
       269.742
       269.467
       269.251
        269.22
       269.293
       269.301
        269.45
       269.851
       270.402
       271.332
       272.821
       274.902
       277.319
       279.938
       282.811
        285.46
       287.829
       290.161
       291.346
       291.619
       291.906
       292.063
       292.153
       292.333
       292.137
        291.63
       291.129
       290.268
       288.968
       287.318
       285.226
       282.673
       279.706
       276.349
       272.594
        268.47
       264.643
        260.96
       257.049
       253.298
       249.826
       246.648
        243.77
       241.313
       284.727
       284.067
       237.919
       246.993
       246.992
       246.989
       246.985
        246.98
       246.974
       246.967
       246.959
       246.949
       246.939
       246.928
       246.915
       246.901
       246.885
       246.868
        246.85
       246.829
       246.806
       246.782
       246.755
       246.725
       246.693
       246.659
       246.621
       246.579
       246.535
       246.486
       246.434
       246.377
       246.315
       246.248
       246.176
       246.098
       246.013
       245.921
       245.822
       245.714
       245.597
       245.469
       245.331
        245.18
       245.015
       244.836
       244.639
       244.423
       244.186
       243.926
       243.639
       243.323
       242.974
       242.589
       242.164
       241.696
       241.181
       240.615
       240.285
       240.645
       241.021
       241.304
       241.302
       241.406
       241.627
       241.965
       242.361
        242.77
        243.17
       243.509
        243.91
       244.559
       245.158
       245.771
       246.481
       247.202
       247.983
       248.874
        249.84
        250.89
        252.03
       253.259
       254.144
        254.13
       254.089
         253.6
       252.198
       250.568
       249.157
       248.459
       247.728
       247.192
       247.032
       247.056
       247.705
       249.427
       251.424
       252.853
       252.894
       253.108
       253.203
       252.924
       252.563
        252.21
       251.944
         251.5
       251.108
       250.956
        250.65
       250.448
       250.564
       250.653
       250.497
       249.918
       249.363
       248.815
       248.266
        247.71
       247.121
       246.461
       245.693
       245.106
        244.98
       244.709
       243.641
       241.411
        238.86
       237.239
       237.335
       237.246
       237.151
       237.066
       237.011
       237.144
       237.402
       237.575
       237.886
       238.441
       239.126
       240.179
       241.793
        244.01
       246.567
       249.329
       252.358
       255.156
       257.666
       260.148
       261.433
        261.77
       262.132
       262.367
       262.537
       262.811
       262.698
       262.268
       261.852
       261.068
       259.837
       258.249
       256.209
       253.701
        250.77
       247.432
        243.68
        239.54
       235.691
       231.966
       227.962
       224.085
       220.404
        216.92
        213.65
       210.724
       255.839
       255.139
       206.511
       216.182
        216.18
       216.178
       216.174
       216.169
       216.164
       216.157
        216.15
       216.142
       216.132
       216.122
        216.11
       216.097
       216.083
       216.068
        216.05
       216.032
       216.011
       215.988
       215.963
       215.936
       215.906
       215.874
       215.839
         215.8
       215.759
       215.713
       215.664
       215.611
       215.553
       215.491
       215.423
        215.35
       215.271
       215.185
       215.091
        214.99
        214.88
        214.76
        214.63
       214.488
       214.333
       214.162
       213.975
        213.77
       213.543
       213.293
       213.016
       212.709
       212.367
       211.987
       211.564
       211.093
        210.57
       209.991
       209.653
       210.028
       210.414
         210.7
       210.685
       210.775
       210.983
       211.308
        211.69
       212.081
       212.459
       212.772
       213.146
       213.774
       214.349
       214.935
        215.62
       216.313
       217.068
       217.937
       218.884
        219.92
       221.053
       222.284
       223.162
       223.106
       223.026
       222.482
       220.994
       219.311
         217.9
       217.243
       216.549
       216.036
       215.891
       215.914
       216.568
       218.328
       220.371
       221.823
       221.829
        222.02
       222.089
       221.773
       221.378
       220.997
       220.709
       220.242
       219.834
       219.677
       219.364
       219.162
       219.293
       219.395
       219.239
       218.639
       218.055
       217.469
       216.865
       216.232
       215.542
       214.744
       213.807
       213.072
       212.828
       212.404
        211.24
       208.922
       206.284
       204.576
       204.648
       204.587
       204.582
       204.593
       204.688
       204.985
       205.492
       205.861
       206.369
       207.114
        207.95
       209.127
        210.86
       213.196
        215.87
       218.749
       221.904
       224.821
       227.446
       230.053
       231.419
       231.804
       232.228
       232.529
       232.774
       233.138
       233.104
        232.75
       232.426
        231.73
        230.58
       229.077
       227.118
       224.693
       221.838
       218.572
       214.878
       210.775
       206.959
       203.245
       199.192
       195.221
       191.337
       187.525
       183.792
       180.271
       226.735
       226.004
       174.984
       185.416
       185.414
       185.412
       185.408
       185.404
       185.399
       185.394
       185.387
        185.38
       185.371
       185.362
       185.352
        185.34
       185.328
       185.314
       185.299
       185.282
       185.263
       185.243
        185.22
       185.195
       185.168
       185.139
       185.107
       185.072
       185.034
       184.993
       184.948
       184.899
       184.846
       184.789
       184.727
        184.66
       184.588
       184.509
       184.424
       184.332
       184.231
       184.122
       184.002
       183.872
       183.729
       183.572
         183.4
        183.21
       182.999
       182.765
       182.505
       182.213
       181.887
       181.521
       181.109
       180.645
       180.124
       179.539
       179.199
       179.592
       179.991
       180.281
       180.254
        180.33
       180.523
       180.833
       181.198
       181.568
       181.921
       182.203
       182.545
       183.148
       183.692
       184.244
       184.896
       185.554
       186.273
       187.108
       188.025
       189.036
       190.152
       191.378
       192.245
       192.148
       192.035
       191.446
       189.909
       188.211
       186.822
       186.232
       185.582
       185.091
       184.951
        184.96
       185.605
       187.385
       189.455
       190.916
       190.877
       191.037
       191.078
       190.725
       190.298
       189.891
       189.589
       189.105
       188.687
       188.534
        188.22
       188.023
        188.17
       188.289
       188.141
        187.53
       186.933
       186.326
       185.691
       185.016
       184.268
       183.396
       182.373
       181.565
       181.268
       180.794
       179.594
       177.237
       174.562
       172.824
       172.881
       172.789
       172.684
       172.633
        172.71
       173.079
       173.642
       174.167
       174.931
       175.928
        176.94
       178.234
       180.068
       182.501
       185.266
       188.231
       191.473
       194.474
       197.176
       199.875
       201.297
       201.708
       202.176
        202.53
       202.837
       203.282
       203.322
       203.043
       202.811
       202.211
       201.159
       199.764
       197.921
       195.618
        192.89
       189.754
       186.192
       182.202
       178.489
       174.853
       170.838
       166.832
       162.788
       158.654
       154.404
       150.153
       197.407
       196.664
       143.505
       154.714
       154.712
       154.709
       154.706
       154.703
       154.698
       154.694
       154.688
       154.682
       154.675
       154.667
       154.658
       154.648
       154.637
       154.625
       154.612
       154.597
       154.581
       154.563
       154.543
       154.521
       154.498
       154.472
       154.443
       154.412
       154.379
       154.342
       154.302
       154.259
       154.213
       154.162
       154.107
       154.048
       153.984
       153.915
       153.839
       153.758
       153.669
       153.572
       153.467
       153.352
       153.225
       153.086
       152.933
       152.763
       152.575
       152.364
       152.128
       151.862
       151.562
        151.22
       150.831
       150.386
       149.876
       149.296
       148.961
       149.375
       149.789
       150.085
       150.047
       150.111
       150.288
       150.581
       150.924
       151.269
       151.594
       151.841
       152.146
       152.718
       153.225
       153.737
       154.347
        154.96
       155.631
        156.42
       157.291
       158.261
       159.346
       160.555
       161.403
       161.268
       161.133
       160.531
       158.999
        157.33
       155.994
       155.477
       154.873
       154.399
       154.255
       154.245
       154.866
       156.641
       158.713
       160.161
       160.066
       160.187
       160.196
       159.807
       159.352
       158.927
       158.617
       158.124
       157.704
       157.559
       157.251
       157.063
       157.232
       157.374
       157.242
       156.634
       156.041
       155.438
       154.803
       154.123
       153.362
       152.471
       151.427
       150.609
       150.324
       149.873
       148.701
       146.368
       143.717
       142.002
       142.082
           142
       141.881
       141.803
       141.846
       142.167
       142.693
       143.262
       144.087
       145.162
       146.227
        147.58
       149.484
       151.984
       154.805
       157.822
       161.099
       164.142
        166.87
       169.615
       171.058
       171.471
       171.962
        172.35
       172.703
       173.215
       173.318
       173.104
       172.963
       172.462
       171.523
       170.259
       168.565
       166.429
       163.885
       160.947
       157.598
       153.814
       150.313
       146.875
        143.01
       139.072
       134.963
       130.569
       125.795
       120.691
       167.873
       167.145
        112.42
       124.098
       124.096
       124.093
       124.091
       124.088
       124.084
        124.08
       124.076
        124.07
       124.065
       124.058
       124.051
       124.043
       124.034
       124.024
       124.013
       124.001
       123.987
       123.972
       123.955
       123.937
       123.917
       123.895
       123.871
       123.845
       123.817
       123.786
       123.752
       123.715
       123.676
       123.633
       123.587
       123.537
       123.483
       123.425
       123.361
       123.293
       123.218
       123.137
       123.048
       122.951
       122.845
       122.728
       122.599
       122.455
       122.295
       122.115
       121.912
       121.682
       121.418
       121.114
       120.761
        120.35
       119.869
       119.306
       118.984
       119.422
       119.851
       120.155
        120.11
       120.162
       120.323
       120.594
       120.912
       121.228
       121.519
       121.728
       121.993
       122.528
       122.992
       123.456
       124.018
       124.575
       125.186
       125.913
       126.719
       127.628
       128.659
       129.831
       130.649
       130.473
       130.331
       129.767
       128.286
       126.696
       125.455
       125.029
       124.481
        124.03
       123.886
        123.84
       124.408
       126.142
       128.181
       129.589
       129.422
       129.495
       129.469
       129.048
       128.571
       128.137
       127.828
       127.335
        126.92
        126.79
       126.491
       126.316
       126.512
       126.681
       126.577
        125.99
       125.424
       124.851
       124.247
       123.601
       122.874
       122.017
       121.009
       120.238
       120.024
       119.658
       118.582
       116.348
       113.796
       112.169
        112.33
       112.312
       112.228
       112.161
       112.206
       112.528
       113.045
       113.608
       114.373
       115.385
       116.444
        117.77
       119.593
       121.984
       124.692
       127.623
       130.825
       133.878
       136.551
       139.275
       140.697
        141.08
       141.569
       141.967
       142.342
       142.899
       143.045
       142.879
       142.817
       142.413
       141.593
       140.483
       138.977
       137.058
       134.762
       132.107
       129.064
        125.59
       122.434
       119.339
        115.78
       112.083
        108.09
       103.604
       98.4023
         92.39
       138.201
       137.522
       82.3812
       93.5974
       93.5951
       93.5932
       93.5911
       93.5887
        93.586
       93.5829
       93.5794
       93.5754
        93.571
        93.566
       93.5605
       93.5543
       93.5474
       93.5397
       93.5312
       93.5217
       93.5111
       93.4994
       93.4865
       93.4722
       93.4564
       93.4391
       93.4201
       93.3995
       93.3769
       93.3524
       93.3259
       93.2971
        93.266
       93.2324
       93.1961
       93.1569
       93.1146
       93.0689
       93.0195
        92.966
        92.908
       92.8449
       92.7761
       92.7008
       92.6181
       92.5269
       92.4258
       92.3133
       92.1871
       92.0448
       91.8831
       91.6976
        91.483
       91.2318
       90.9345
       90.5783
       90.1468
       89.6205
        89.323
       89.7844
       90.2279
        90.539
       90.4911
       90.5351
       90.6801
       90.9269
       91.2137
       91.4946
       91.7495
        91.918
       92.1398
       92.6322
       93.0475
       93.4585
       93.9626
       94.4552
       94.9933
       95.6394
       96.3584
       97.1754
       98.1197
       99.2208
       99.9825
       99.7581
       99.6349
       99.1535
        97.794
       96.3565
       95.2492
       94.9416
       94.4722
       94.0626
       93.9235
       93.8337
       94.3182
       95.9516
       97.8991
       99.2252
       98.9666
       98.9836
       98.9216
       98.4743
       97.9857
       97.5522
       97.2551
        96.774
       96.3743
       96.2668
       95.9831
       95.8226
       96.0414
       96.2423
       96.1761
       95.6293
       95.1165
       94.6034
       94.0662
       93.4917
       92.8448
       92.0758
       91.1604
       90.4895
       90.3932
       90.1702
       89.2671
       87.2261
       84.8736
       83.4246
       83.7269
       83.8169
       83.8095
       83.7968
         83.89
       84.2407
       84.7553
       85.2827
       85.9643
       86.9205
       87.9743
       89.2325
       90.9119
       93.0946
       95.5473
       98.2021
       101.192
       103.901
       106.264
       108.843
       110.198
       110.523
       110.981
       111.358
        111.72
       112.287
       112.444
       112.298
       112.293
       111.972
       111.271
       110.334
       109.056
       107.415
       105.449
       103.175
       100.549
       97.5215
       94.8497
       92.2538
       89.1918
       85.9696
       82.3799
       78.1183
       72.7862
        66.002
       108.545
       107.949
       54.5646
       63.2484
       63.2467
       63.2455
       63.2441
       63.2426
       63.2407
       63.2387
       63.2363
       63.2336
       63.2306
       63.2272
       63.2235
       63.2193
       63.2146
       63.2095
       63.2036
       63.1972
       63.1899
       63.1819
        63.173
       63.1631
       63.1521
       63.1401
       63.1269
       63.1124
       63.0967
       63.0797
       63.0612
       63.0412
       63.0196
       62.9964
       62.9715
       62.9445
       62.9155
       62.8842
       62.8504
       62.8138
       62.7742
       62.7311
       62.6841
       62.6326
        62.576
       62.5136
       62.4443
       62.3668
       62.2798
       62.1811
       62.0682
       61.9376
       61.7848
       61.6031
        61.383
       61.1102
        60.763
       60.3086
       60.0541
       60.5287
       60.9731
        61.289
       61.2483
       61.2929
       61.4238
       61.6404
       61.8874
       62.1269
       62.3435
       62.4741
       62.6524
       63.0947
       63.4561
       63.8093
         64.25
       64.6709
       65.1252
       65.6719
       66.2752
       66.9618
       67.7681
       68.7425
       69.4163
       69.1634
       69.0922
       68.7444
       67.5831
       66.3596
       65.4392
       65.2802
        64.924
       64.5938
       64.4864
       64.3633
       64.7281
       66.1674
       67.9084
       69.0816
       68.7161
       68.6685
       68.5689
       68.1069
       67.6238
       67.2057
       66.9329
       66.4805
       66.1109
       66.0326
       65.7729
       65.6287
       65.8598
       66.0827
       66.0617
        65.581
       65.1525
       64.7341
       64.3004
       63.8401
        63.321
       62.6956
       61.9293
       61.4065
       61.4597
       61.4249
       60.7797
       59.0656
       57.0651
       55.9179
       56.4018
       56.6393
        56.761
       56.8674
       57.0554
       57.4543
       57.9744
       58.4563
       59.1007
         60.04
       61.0987
       62.2696
       63.7214
       65.5311
       67.4873
       69.5426
       72.0104
       74.1126
        76.034
       78.3604
       79.5442
       79.8017
       80.1921
       80.5068
       80.8064
        81.323
       81.4415
       81.2769
       81.2893
       81.0224
       80.4306
       79.6781
       78.6666
       77.3691
       75.8166
       74.0274
       71.9558
       69.5528
       67.5334
       65.6032
       63.2543
       60.7892
       57.9667
       54.4296
       49.5969
       42.6575
       79.1954
       78.7227
       31.0347
       33.0944
       33.0969
       33.0971
       33.0967
       33.0959
        33.095
        33.094
       33.0928
       33.0915
         33.09
       33.0883
       33.0864
       33.0843
       33.0819
       33.0794
       33.0765
       33.0732
       33.0696
       33.0655
       33.0609
       33.0558
       33.0502
       33.0439
       33.0371
       33.0296
       33.0215
       33.0127
       33.0033
       32.9931
       32.9821
       32.9702
       32.9575
       32.9438
       32.9291
       32.9132
       32.8961
       32.8776
       32.8575
       32.8356
       32.8118
       32.7857
        32.757
       32.7254
       32.6901
       32.6507
       32.6062
       32.5556
       32.4975
       32.4299
       32.3501
       32.2539
       32.1347
       31.9814
       31.7724
        31.462
       31.2946
         31.74
       32.1458
       32.4503
       32.4448
       32.5097
       32.6321
        32.809
       33.0017
       33.1892
       33.3659
       33.4727
       33.6169
       33.9913
        34.294
       34.5896
       34.9611
       35.3094
       35.6755
       36.1066
       36.5675
       37.0791
       37.6745
       38.4192
       38.9492
       38.7101
       38.6962
       38.5098
       37.6525
       36.7641
       36.1192
        36.119
       35.9259
       35.7396
        35.717
       35.6195
       35.8505
       36.9248
       38.2429
       39.1223
       38.6803
       38.5632
       38.4148
        37.964
       37.5151
       37.1313
       36.8891
       36.4966
       36.1827
       36.1324
       35.9189
          35.8
       36.0054
       36.2118
       36.2315
       35.8676
       35.5679
       35.2828
       34.9924
         34.69
       34.3508
       33.9342
       33.4003
       33.0723
       33.2501
       33.3899
       33.0809
       31.9151
       30.5441
       29.8679
       30.5217
       30.9339
       31.2451
       31.5444
       31.8851
       32.3633
       32.9183
       33.4263
       34.0623
       34.9686
       36.0097
       37.0365
       38.1731
       39.4902
       40.8079
       42.0742
       43.6694
       45.1108
        46.427
       48.0841
        48.891
       48.9522
       49.2093
       49.4158
       49.5746
       49.9241
       49.9293
       49.7071
       49.6663
       49.3935
       48.8865
        48.311
        47.585
        46.688
       45.6479
       44.4744
       43.1265
       41.5435
       40.3613
       39.2811
       37.8715
       36.4605
       34.8528
       32.7399
       29.5408
        24.038
       50.6854
       50.4084
       15.2239
        3.1535
        3.1535
        3.1535
        3.1535
        3.1535
        3.1535
        3.1535
        3.1535
        3.1535
        3.1535
        3.1535
        3.1535
        3.1535
        3.1535
        3.1535
        3.1535
        3.1535
        3.1535
        3.1535
        3.1535
        3.1535
        3.1535
        3.1535
        3.1535
        3.1535
        3.1535
        3.1535
        3.1535
        3.1535
        3.1535
        3.1535
        3.1535
        3.1535
        3.1535
        3.1535
        3.1535
        3.1535
        3.1535
        3.1535
        3.1535
        3.1535
        3.1535
        3.1535
        3.1535
        3.1535
        3.1535
        3.1535
        3.1535
        3.1535
        3.1535
        3.1535
        3.1535
        3.1535
        3.1535
        3.1535
       3.22613
       3.48117
        3.7362
       3.95254
       4.07374
       4.19495
       4.31615
       4.43735
       4.55855
       4.68358
       4.81796
       4.95234
       5.11867
       5.36247
       5.60627
       5.86218
       6.14697
       6.43176
       6.72169
       7.02357
       7.32546
        7.6273
       7.92902
       8.23074
       8.42835
       8.39577
       8.36319
       8.24855
       7.95854
       7.66854
       7.48338
       7.51189
       7.54039
       7.59644
        7.7085
       7.82055
       8.02875
       8.43118
       8.83362
       9.02759
       8.82012
       8.61265
       8.35772
       8.01503
       7.67234
       7.36384
       7.11655
       6.86925
       6.67938
       6.59067
       6.50197
       6.46882
         6.533
       6.59718
        6.5974
       6.48588
       6.37435
       6.26283
        6.1513
       6.03977
       5.92453
       5.80283
       5.68112
       5.65249
       5.78485
       5.91722
        5.9283
        5.7336
        5.5389
        5.6342
       6.19944
       6.76469
       7.32994
       7.89518
       8.46043
       9.04605
       9.65984
       10.2736
       10.9366
       11.6617
       12.3867
       13.1248
       13.8775
       14.6303
       15.3353
        15.994
       16.6526
       17.2203
       17.7085
       18.1967
       18.4015
       18.3724
       18.3432
       18.2821
       18.1945
        18.107
       17.8909
       17.5693
       17.2476
       16.8645
       16.4323
            16
       15.5676
       15.1352
       14.7027
       14.2704
       13.8381
       13.4058
       13.1305
       12.9648
        12.799
       12.7146
        12.688
        12.688
        12.688
        12.688
            24
            24
        12.688
