       903.892
       903.891
       903.891
       903.891
       903.891
       903.892
       903.892
       903.893
       903.894
       903.896
       903.897
       903.898
         903.9
       903.902
       903.904
       903.906
       903.908
       903.911
       903.914
       903.916
       903.919
       903.923
       903.926
        903.93
       903.934
       903.938
       903.942
       903.947
       903.952
       903.957
       903.962
       903.968
       903.974
        903.98
       903.987
       903.994
       904.001
       904.008
       904.016
       904.025
       904.034
       904.043
       904.053
       904.063
       904.073
       904.085
       904.096
       904.109
       904.122
       904.135
        904.15
       904.165
       904.182
       904.199
       904.218
       904.238
       904.261
       904.285
       904.312
       904.343
       904.378
       904.419
       904.466
       904.523
       904.592
       904.677
       904.785
       904.924
       905.096
       905.302
       905.501
       905.688
       905.861
       906.021
       906.169
       906.304
       906.427
       906.539
        906.64
       906.732
       906.816
       906.892
        906.96
       907.021
       907.076
       907.125
       907.167
       907.203
       907.232
       907.254
       907.269
       907.277
       907.278
       907.272
       907.259
       907.237
       907.206
       907.164
       907.113
       907.053
       906.987
       906.913
       906.828
        906.73
        906.62
         906.5
       906.373
        906.24
       906.099
       905.946
       905.776
       905.592
       905.399
       905.178
       904.915
       904.613
       904.277
       903.907
       903.506
       903.074
       902.611
       902.118
       901.594
       901.042
        900.46
       899.849
       899.208
       898.537
       897.836
       897.101
       896.334
       895.553
       894.765
       893.969
       893.167
       892.358
        891.54
       890.709
       889.865
       889.005
       888.125
       887.233
       886.348
       885.485
       884.646
       883.833
       883.046
       882.287
       881.567
        880.89
       880.249
       879.641
       879.063
       878.511
       877.984
       877.482
       877.004
       876.549
       876.116
       875.706
       875.317
       874.952
        874.61
       874.291
       873.998
       873.729
       873.486
       873.269
       873.079
       872.918
       872.784
       872.681
       872.612
       872.587
       874.005
       874.005
       874.005
       874.005
       874.006
       874.006
       874.007
       874.008
       874.009
        874.01
       874.011
       874.013
       874.015
       874.016
       874.018
       874.021
       874.023
       874.025
       874.028
       874.031
       874.034
       874.037
       874.041
       874.044
       874.048
       874.052
       874.057
       874.061
       874.066
       874.071
       874.077
       874.082
       874.088
       874.094
       874.101
       874.108
       874.115
       874.123
       874.131
       874.139
       874.148
       874.157
       874.167
       874.177
       874.188
       874.199
       874.211
       874.223
       874.236
       874.249
       874.264
       874.279
       874.296
       874.313
       874.332
       874.352
       874.374
       874.398
       874.425
       874.456
        874.49
        874.53
       874.581
        874.64
       874.712
       874.797
       874.903
       875.036
       875.201
       875.398
       875.606
       875.798
       875.976
       876.141
       876.293
       876.432
       876.554
       876.664
       876.764
       876.854
       876.936
       877.009
       877.075
       877.132
       877.181
       877.225
       877.258
       877.286
       877.306
       877.321
       877.329
       877.329
       877.326
       877.316
       877.298
       877.274
       877.239
       877.193
       877.137
       877.073
       876.974
       876.853
       876.709
       876.519
       876.317
       876.107
        875.89
       875.666
       875.475
       875.292
       875.093
       874.881
       874.703
       874.503
       874.262
       873.983
        873.67
       873.341
        872.98
       872.588
       872.167
       871.702
       871.201
       870.643
       870.053
       869.523
       869.043
       868.992
       868.704
       868.186
       867.433
       866.663
       865.883
       865.095
       864.296
        863.49
       862.674
       861.848
       861.016
       860.169
       859.294
       858.399
       857.513
       856.649
       855.802
       854.978
        854.18
       853.432
       852.726
        852.06
       851.431
       850.835
       850.259
       849.711
       849.187
       848.686
       848.209
       847.728
       847.267
       846.827
        846.41
       846.017
       845.646
         845.3
       844.994
        844.72
       844.472
       844.249
       844.042
       843.862
       843.712
       845.662
       845.593
       843.511
       844.139
       844.139
       844.139
       844.139
        844.14
        844.14
       844.141
       844.142
       844.143
       844.144
       844.146
       844.147
       844.149
       844.151
       844.152
       844.155
       844.157
       844.159
       844.162
       844.165
       844.168
       844.171
       844.175
       844.178
       844.182
       844.186
       844.191
       844.195
         844.2
       844.205
        844.21
       844.216
       844.222
       844.228
       844.235
       844.242
       844.249
       844.257
       844.264
       844.273
       844.282
       844.291
         844.3
        844.31
       844.321
       844.332
       844.344
       844.356
       844.369
       844.382
       844.397
       844.412
       844.428
       844.445
       844.464
       844.483
       844.505
       844.529
       844.555
       844.584
       844.618
       844.656
       844.708
       844.768
       844.839
       844.921
       845.021
       845.142
       845.289
       845.465
       845.662
       845.862
       846.052
       846.227
       846.388
       846.535
       846.658
       846.769
        846.87
        846.96
       847.042
       847.115
       847.181
       847.234
        847.28
        847.32
       847.347
       847.367
        847.38
        847.39
       847.391
       847.387
        847.38
       847.367
       847.347
        847.32
       847.282
       847.234
       847.174
       847.106
       846.974
       846.807
       846.606
       846.324
        846.03
       845.731
       845.424
        845.11
       844.869
       844.657
       844.429
       844.188
       844.025
       843.847
       843.628
       843.372
       843.082
       842.795
       842.474
       842.122
        841.74
       841.304
       840.825
       840.262
       839.663
       839.214
       838.895
       839.463
       839.585
       839.283
       838.545
       837.785
       837.013
        836.23
       835.433
       834.628
       833.812
       832.988
       832.164
       831.327
       830.453
       829.553
       828.665
       827.798
       826.942
       826.106
       825.297
        824.56
       823.865
       823.211
       822.593
       822.007
       821.435
       820.888
       820.367
       819.866
       819.389
       818.881
        818.39
       817.921
       817.475
       817.052
       816.652
       816.276
       815.956
       815.676
       815.421
       815.191
       814.964
       814.765
       814.596
       818.605
       818.535
       814.391
       814.288
       814.289
       814.289
       814.289
        814.29
        814.29
       814.291
       814.292
       814.293
       814.294
       814.296
       814.297
       814.299
       814.301
       814.302
       814.305
       814.307
       814.309
       814.312
       814.315
       814.318
       814.321
       814.324
       814.328
       814.332
       814.336
        814.34
       814.345
        814.35
       814.355
        814.36
       814.366
       814.372
       814.378
       814.384
       814.391
       814.398
       814.406
       814.414
       814.422
       814.431
        814.44
       814.449
       814.459
        814.47
       814.481
       814.492
       814.504
       814.517
        814.53
       814.544
       814.559
       814.575
       814.592
        814.61
       814.629
        814.65
       814.673
       814.698
       814.726
       814.757
       814.792
       814.844
       814.904
       814.972
       815.049
       815.141
        815.25
       815.378
       815.528
       815.699
       815.892
       816.083
       816.274
        816.45
        816.61
       816.737
       816.853
       816.957
        817.05
       817.134
       817.209
       817.276
       817.327
       817.372
        817.41
       817.431
       817.446
       817.454
       817.459
       817.457
       817.448
        817.44
       817.425
       817.403
       817.374
       817.334
       817.285
       817.223
       817.152
       816.988
       816.775
       816.518
       816.146
        815.76
       815.372
       814.977
       814.573
       814.283
       814.041
       813.784
       813.514
       813.366
        813.21
       813.014
       812.781
       812.515
       812.268
       811.987
       811.674
       811.333
       810.925
       810.467
       809.897
       809.289
        808.92
        808.76
       809.946
        810.48
       810.394
        809.67
       808.917
       808.152
       807.374
       806.576
        805.77
       804.952
       804.127
       803.308
       802.479
       801.604
       800.697
       799.805
       798.933
       798.066
       797.217
       796.396
        795.67
       794.988
       794.345
       793.737
       793.162
       792.591
       792.046
       791.527
       791.025
       790.546
       790.011
       789.489
       788.989
       788.512
       788.058
       787.627
       787.221
       786.885
       786.597
       786.333
       786.095
       785.847
       785.627
       785.438
        791.51
       791.439
       785.228
       784.451
       784.452
       784.452
       784.452
       784.453
       784.453
       784.454
       784.455
       784.456
       784.457
       784.458
        784.46
       784.462
       784.463
       784.465
       784.467
        784.47
       784.472
       784.475
       784.478
       784.481
       784.484
       784.487
       784.491
       784.495
       784.499
       784.503
       784.507
       784.512
       784.517
       784.522
       784.528
       784.534
        784.54
       784.546
       784.553
        784.56
       784.568
       784.576
       784.584
       784.592
       784.601
       784.611
       784.621
       784.631
       784.642
       784.653
       784.665
       784.677
       784.691
       784.704
       784.719
       784.734
        784.75
       784.768
       784.786
       784.806
       784.828
       784.851
       784.877
       784.905
       784.937
       784.989
       785.046
       785.112
       785.182
       785.265
       785.361
       785.473
       785.602
       785.749
       785.911
       786.089
       786.282
       786.478
       786.652
       786.788
       786.911
       787.021
        787.12
       787.209
       787.288
       787.359
        787.41
       787.455
       787.494
       787.511
       787.522
       787.526
       787.529
       787.523
       787.512
       787.503
       787.487
       787.465
       787.435
       787.395
       787.345
       787.282
        787.21
       787.016
       786.758
       786.445
       785.983
       785.507
       785.032
       784.548
       784.055
       783.715
       783.444
       783.158
        782.86
       782.727
       782.594
        782.42
       782.211
       781.969
       781.763
       781.521
       781.247
       780.945
       780.563
       780.126
       779.549
        778.93
        778.64
       778.639
       780.441
       781.385
       781.514
       780.805
       780.058
       779.298
       778.522
       777.723
       776.913
       776.092
       775.264
       774.448
       773.623
       772.745
       771.833
       770.935
       770.058
       769.178
       768.315
       767.481
       766.765
       766.095
       765.463
       764.865
         764.3
        763.73
       763.187
       762.668
       762.164
       761.683
       761.119
       760.565
       760.033
       759.523
       759.038
       758.574
       758.135
       757.782
       757.483
        757.21
       756.961
       756.691
       756.448
       756.238
       764.378
       764.307
       756.021
       754.625
       754.625
       754.625
       754.626
       754.626
       754.627
       754.627
       754.628
       754.629
       754.631
       754.632
       754.633
       754.635
       754.637
       754.639
       754.641
       754.643
       754.645
       754.648
       754.651
       754.654
       754.657
        754.66
       754.664
       754.667
       754.671
       754.676
        754.68
       754.685
        754.69
       754.695
         754.7
       754.706
       754.712
       754.719
       754.725
       754.732
        754.74
       754.747
       754.756
       754.764
       754.773
       754.782
       754.792
       754.802
       754.813
       754.824
       754.835
       754.848
        754.86
       754.874
       754.888
       754.903
       754.918
       754.935
       754.952
       754.971
       754.991
       755.012
       755.035
       755.061
       755.089
       755.139
       755.195
       755.257
        755.32
       755.394
       755.479
       755.577
       755.688
       755.815
       755.953
       756.107
        756.28
        756.47
       756.658
       756.806
       756.941
       757.062
       757.169
       757.265
       757.351
       757.427
       757.481
       757.529
       757.569
       757.584
       757.593
       757.595
       757.596
       757.589
       757.576
       757.568
       757.553
       757.531
       757.502
       757.463
       757.414
       757.351
       757.279
       757.055
       756.753
       756.386
       755.835
       755.271
       754.708
       754.137
       753.556
       753.167
       752.867
       752.553
       752.226
       752.108
       751.999
       751.848
       751.662
       751.444
       751.278
       751.075
       750.839
       750.575
        750.22
       749.802
       749.216
       748.585
       748.372
       748.529
       750.946
       752.298
       752.643
       751.946
       751.205
       750.447
       749.673
        748.87
       748.055
       747.229
       746.396
       745.581
       744.761
       743.882
       742.962
       742.057
       741.172
       740.279
       739.402
       738.553
       737.845
       737.188
       736.567
       735.978
       735.423
       734.854
       734.311
       733.792
       733.286
       732.802
       732.208
       731.621
       731.055
       730.511
       729.992
       729.494
        729.02
       728.648
       728.337
       728.051
       727.789
       727.494
       727.227
       726.995
       737.209
       737.137
       726.769
       724.806
       724.807
       724.807
       724.807
       724.808
       724.808
       724.809
        724.81
       724.811
       724.812
       724.813
       724.815
       724.817
       724.818
        724.82
       724.822
       724.824
       724.827
       724.829
       724.832
       724.835
       724.838
       724.841
       724.845
       724.849
       724.853
       724.857
       724.861
       724.866
       724.871
       724.876
       724.881
       724.887
       724.893
       724.899
       724.906
       724.912
        724.92
       724.927
       724.935
       724.944
       724.952
       724.961
       724.971
       724.981
       724.991
       725.002
       725.014
       725.025
       725.038
       725.051
       725.064
       725.078
       725.093
       725.109
       725.125
       725.142
        725.16
        725.18
         725.2
       725.222
       725.246
       725.295
       725.348
       725.406
       725.463
       725.529
       725.604
       725.689
       725.786
       725.894
       726.012
       726.144
       726.291
       726.455
       726.637
       726.785
       726.939
       727.074
       727.193
         727.3
       727.395
        727.48
       727.538
        727.59
       727.633
       727.649
       727.657
       727.658
       727.659
       727.652
       727.639
       727.633
        727.62
         727.6
       727.574
       727.537
        727.49
       727.428
       727.357
       727.105
        726.76
       726.341
       725.702
        725.05
       724.403
       723.745
       723.075
       722.639
       722.311
       721.968
       721.613
       721.508
       721.425
       721.298
       721.136
       720.941
       720.815
        720.65
       720.451
       720.225
       719.894
       719.494
       718.898
       718.254
       718.117
       718.429
       721.459
       723.219
       723.778
       723.092
       722.354
       721.598
       720.823
       720.015
       719.195
       718.361
       717.522
       716.708
       715.892
       715.011
       714.081
       713.168
       712.276
       711.368
       710.477
       709.614
       708.915
        708.27
       707.658
       707.079
       706.533
       705.965
       705.422
       704.902
       704.393
       703.904
       703.279
       702.657
       702.056
       701.478
       700.922
       700.388
       699.876
       699.482
       699.156
       698.855
       698.578
       698.256
       697.963
       697.708
       710.002
       709.927
       697.471
       694.995
       694.995
       694.995
       694.996
       694.996
       694.997
       694.997
       694.998
       694.999
           695
       695.002
       695.003
       695.005
       695.006
       695.008
        695.01
       695.012
       695.015
       695.017
        695.02
       695.023
       695.026
       695.029
       695.033
       695.036
        695.04
       695.044
       695.048
       695.053
       695.058
       695.063
       695.068
       695.074
        695.08
       695.086
       695.092
       695.099
       695.106
       695.113
       695.121
       695.129
       695.138
       695.147
       695.156
       695.166
       695.176
       695.187
       695.198
       695.209
       695.221
       695.233
       695.246
        695.26
       695.274
       695.288
       695.303
       695.319
       695.335
       695.352
        695.37
       695.388
       695.408
       695.455
       695.506
        695.56
       695.611
       695.669
       695.735
       695.809
       695.892
       695.987
       696.087
         696.2
       696.325
       696.467
       696.625
       696.757
       696.905
       697.054
        697.19
        697.31
       697.417
       697.513
       697.579
       697.636
       697.685
       697.702
       697.712
       697.713
       697.716
        697.71
       697.698
       697.696
       697.686
       697.669
       697.647
       697.613
        697.57
       697.512
       697.444
       697.164
       696.778
       696.307
       695.583
       694.845
       694.113
        693.37
       692.615
        692.13
       691.775
       691.405
       691.023
       690.931
       690.874
       690.772
       690.633
       690.461
       690.375
       690.248
       690.085
       689.895
       689.587
       689.203
       688.595
       687.935
       687.872
       688.338
       691.979
       694.144
       694.917
        694.24
       693.504
       692.748
       691.972
       691.157
       690.329
       689.488
       688.642
       687.826
       687.014
        686.13
       685.191
       684.269
       683.368
       682.447
       681.541
       680.664
       679.976
       679.341
        678.74
        678.17
       677.632
       677.065
       676.521
           676
       675.486
       674.993
       674.336
       673.678
        673.04
       672.424
        671.83
       671.257
       670.706
       670.287
       669.943
       669.624
       669.328
       668.977
       668.655
       668.373
       682.754
       682.677
       668.125
       665.188
       665.188
       665.189
       665.189
       665.189
        665.19
       665.191
       665.192
       665.193
       665.194
       665.195
       665.196
       665.198
         665.2
       665.201
       665.203
       665.205
       665.208
        665.21
       665.213
       665.216
       665.219
       665.222
       665.225
       665.229
       665.232
       665.236
       665.241
       665.245
        665.25
       665.255
        665.26
       665.265
       665.271
       665.277
       665.284
        665.29
       665.297
       665.304
       665.312
        665.32
       665.328
       665.337
       665.346
       665.355
       665.365
       665.376
       665.386
       665.397
       665.409
        665.42
       665.433
       665.445
       665.458
       665.472
       665.485
       665.499
       665.514
       665.528
       665.543
       665.558
       665.573
       665.619
       665.667
       665.717
       665.763
       665.814
       665.871
       665.935
       666.008
        666.09
       666.176
       666.272
       666.379
       666.503
       666.639
       666.743
       666.866
       667.011
       667.156
       667.291
       667.414
       667.523
       667.599
       667.665
       667.722
       667.742
       667.754
       667.758
       667.764
        667.76
       667.751
       667.754
       667.749
       667.737
       667.719
       667.691
       667.654
         667.6
       667.536
        667.23
       666.806
       666.284
       665.476
       664.654
        663.84
       663.013
       662.173
       661.642
       661.261
       660.865
       660.456
        660.38
       660.347
        660.27
       660.155
       660.006
       659.959
       659.868
        659.74
       659.585
       659.299
       658.929
       658.307
        657.63
       657.638
       658.255
       662.504
       665.074
       666.059
       665.391
       664.655
       663.897
       663.118
       662.295
       661.458
       660.607
       659.751
       658.935
       658.128
       657.242
       656.294
       655.362
       654.453
       653.517
       652.596
       651.706
       651.027
       650.403
       649.811
        649.25
       648.722
       648.154
       647.609
       647.087
       646.568
       646.069
       645.379
       644.684
       644.008
       643.352
       642.718
       642.103
       641.509
       641.062
       640.697
       640.356
       640.038
       639.653
       639.301
       638.991
       655.465
       655.385
       638.727
       635.385
       635.385
       635.386
       635.386
       635.387
       635.387
       635.388
       635.389
        635.39
       635.391
       635.392
       635.393
       635.395
       635.396
       635.398
         635.4
       635.402
       635.404
       635.407
       635.409
       635.412
       635.415
       635.418
       635.421
       635.425
       635.429
       635.433
       635.437
       635.441
       635.446
        635.45
       635.455
       635.461
       635.466
       635.472
       635.478
       635.485
       635.492
       635.499
       635.506
       635.514
       635.522
        635.53
       635.539
       635.548
       635.558
       635.568
       635.578
       635.588
       635.599
       635.611
       635.622
       635.634
       635.646
       635.658
        635.67
       635.683
       635.695
       635.707
       635.719
        635.73
        635.74
       635.785
        635.83
       635.878
       635.918
       635.962
       636.012
       636.068
       636.131
       636.202
       636.275
       636.357
       636.449
       636.557
       636.675
       636.754
       636.851
       636.965
       637.098
       637.236
        637.38
       637.506
       637.595
       637.672
       637.739
       637.765
       637.782
       637.789
         637.8
         637.8
       637.795
       637.804
       637.804
       637.798
       637.788
       637.767
       637.737
        637.69
       637.631
       637.302
        636.84
       636.271
        635.38
       634.476
       633.582
       632.674
        631.75
       631.175
        630.77
       630.348
       629.914
       629.854
       629.844
       629.793
       629.702
       629.577
       629.568
       629.512
       629.418
       629.296
        629.03
       628.672
       628.033
       627.336
       627.414
       628.179
       633.034
       636.007
       637.203
        636.54
       635.803
       635.042
       634.257
       633.424
       632.577
       631.716
       630.851
       630.034
       629.232
       628.343
       627.385
       626.445
       625.527
       624.578
       623.642
       622.739
       622.069
       621.456
       620.874
       620.323
       619.803
       619.236
        618.69
       618.166
       617.642
       617.137
       616.412
       615.678
       614.962
       614.264
       613.587
       612.928
       612.287
       611.808
       611.418
       611.051
       610.707
       610.285
       609.898
       609.557
       628.131
       628.046
       609.273
       605.585
       605.585
       605.586
       605.586
       605.586
       605.587
       605.588
       605.588
       605.589
        605.59
       605.592
       605.593
       605.594
       605.596
       605.598
         605.6
       605.602
       605.604
       605.606
       605.609
       605.611
       605.614
       605.617
        605.62
       605.624
       605.627
       605.631
       605.635
       605.639
       605.644
       605.648
       605.653
       605.659
       605.664
        605.67
       605.676
       605.682
       605.689
       605.695
       605.703
        605.71
       605.718
       605.726
       605.735
       605.743
       605.753
       605.762
       605.772
       605.782
       605.792
       605.803
       605.813
       605.824
       605.835
       605.846
       605.857
       605.868
       605.878
       605.887
       605.896
       605.903
       605.909
       605.953
       605.996
       606.041
       606.076
       606.114
       606.158
       606.206
       606.261
       606.322
       606.384
       606.454
       606.533
       606.626
        606.73
       606.786
       606.859
       606.946
        607.05
       607.174
       607.314
       607.458
       607.563
       607.654
       607.734
       607.767
        607.79
       607.803
       607.819
       607.824
       607.825
       607.841
       607.849
       607.851
       607.849
       607.837
       607.816
       607.778
       607.728
       607.377
       606.879
       606.264
       605.294
       604.311
       603.339
       602.352
       601.347
       600.728
       600.301
       599.856
       599.397
       599.351
       599.367
       599.344
       599.278
       599.175
       599.203
       599.182
        599.12
       599.029
        598.78
       598.432
       597.775
       597.055
       597.199
        598.11
       603.569
       606.943
       608.348
       607.687
       606.946
        606.18
       605.388
       604.544
       603.686
       602.813
       601.938
        601.12
       600.322
       599.431
       598.465
       597.515
        596.59
       595.628
       594.678
       593.763
       593.103
       592.501
        591.93
       591.389
       590.879
       590.311
       589.765
       589.238
       588.709
       588.197
       587.437
       586.663
       585.905
       585.164
       584.441
       583.734
       583.043
       582.527
       582.107
       581.709
       581.334
        580.87
       580.443
       580.067
        600.75
       600.659
       579.758
       575.787
       575.787
       575.787
       575.787
       575.788
       575.788
       575.789
        575.79
       575.791
       575.792
       575.793
       575.794
       575.796
       575.797
       575.799
       575.801
       575.803
       575.805
       575.807
       575.809
       575.812
       575.815
       575.818
       575.821
       575.824
       575.828
       575.831
       575.835
       575.839
       575.843
       575.848
       575.853
       575.858
       575.863
       575.869
       575.874
       575.881
       575.887
       575.894
         575.9
       575.908
       575.915
       575.923
       575.931
        575.94
       575.948
       575.957
       575.967
       575.976
       575.986
       575.996
       576.006
       576.016
       576.026
       576.035
       576.045
       576.053
       576.061
       576.068
       576.074
       576.078
       576.079
       576.121
       576.163
       576.205
       576.235
       576.269
       576.306
       576.348
       576.395
       576.449
       576.501
        576.56
       576.627
       576.708
       576.798
       576.835
       576.886
        576.95
       577.029
       577.127
       577.244
       577.387
         577.5
       577.606
       577.701
       577.743
       577.775
       577.794
       577.818
       577.829
       577.836
       577.861
       577.877
       577.888
       577.897
       577.896
       577.888
       577.861
       577.821
        577.45
        576.92
       576.262
       575.215
       574.156
       573.109
       572.045
        570.96
       570.302
       569.854
       569.389
       568.908
       568.881
       568.924
       568.926
       568.883
       568.802
       568.867
       568.878
       568.847
       568.785
       568.552
       568.211
       567.532
       566.786
       566.993
       568.046
       574.106
       577.879
        579.49
        578.83
       578.082
       577.308
       576.508
       575.652
       574.781
       573.895
        573.01
       572.191
         571.4
       570.507
       569.531
       568.573
       567.641
       566.667
       565.704
       564.777
       564.129
        563.54
        562.98
       562.449
       561.949
       561.382
       560.836
       560.307
       559.773
       559.253
       558.457
       557.642
       556.841
       556.054
       555.282
       554.523
       553.777
       553.221
       552.764
        552.33
       551.917
       551.405
       550.932
       550.517
       573.317
       573.218
       550.175
       545.989
       545.989
       545.989
       545.989
        545.99
        545.99
       545.991
       545.992
       545.993
       545.994
       545.995
       545.996
       545.998
       545.999
       546.001
       546.002
       546.004
       546.006
       546.009
       546.011
       546.013
       546.016
       546.019
       546.022
       546.025
       546.028
       546.032
       546.036
        546.04
       546.044
       546.048
       546.053
       546.058
       546.063
       546.068
       546.074
       546.079
       546.086
       546.092
       546.099
       546.106
       546.113
        546.12
       546.128
       546.136
       546.145
       546.153
       546.162
       546.171
        546.18
       546.189
       546.198
       546.207
       546.216
       546.224
       546.232
       546.239
       546.245
       546.249
       546.252
       546.252
        546.25
       546.291
        546.33
        546.37
       546.396
       546.425
       546.457
       546.493
       546.533
       546.579
       546.623
       546.673
        546.73
         546.8
       546.879
       546.897
       546.928
       546.972
       547.029
       547.104
       547.197
        547.31
       547.411
        547.52
       547.635
        547.69
       547.731
       547.759
        547.79
       547.808
       547.822
       547.857
       547.883
       547.905
       547.926
       547.939
       547.946
       547.933
       547.906
       547.519
       546.958
        546.26
       545.141
       544.009
       542.889
       541.751
        540.59
       539.895
        539.43
       538.948
       538.448
       538.442
       538.512
        538.54
        538.52
        538.46
        538.56
       538.603
       538.601
       538.566
       538.346
       538.009
       537.305
       536.529
       536.794
       537.986
       544.644
       548.814
       550.628
       549.966
       549.209
       548.426
       547.615
       546.744
        545.86
       544.961
       544.066
       543.249
       542.464
        541.57
       540.585
        539.62
       538.681
       537.695
        536.72
       535.784
       535.148
       534.572
       534.025
       533.505
       533.017
       532.452
       531.905
       531.376
       530.836
       530.309
       529.477
        528.62
       527.773
       526.938
       526.115
         525.3
       524.495
       523.891
       523.392
       522.913
       522.455
       521.888
       521.361
         520.9
       545.827
       545.717
       520.514
       516.191
       516.191
       516.191
       516.191
       516.192
       516.192
       516.193
       516.194
       516.195
       516.196
       516.197
       516.198
       516.199
       516.201
       516.202
       516.204
       516.206
       516.208
        516.21
       516.212
       516.214
       516.217
        516.22
       516.222
       516.225
       516.229
       516.232
       516.236
        516.24
       516.244
       516.248
       516.252
       516.257
       516.262
       516.267
       516.272
       516.278
       516.284
        516.29
       516.296
       516.303
        516.31
       516.317
       516.325
       516.332
        516.34
       516.348
       516.356
       516.365
       516.373
       516.381
        516.39
       516.398
       516.405
       516.412
       516.419
       516.424
       516.428
        516.43
       516.429
       516.426
       516.419
       516.459
       516.497
       516.535
       516.557
       516.581
       516.609
       516.639
       516.674
       516.713
       516.749
       516.791
       516.838
         516.9
       516.969
       516.969
       516.984
       517.009
       517.046
         517.1
       517.171
        517.26
       517.331
       517.424
       517.534
         517.6
       517.653
       517.691
        517.73
       517.755
       517.776
       517.821
       517.858
       517.893
       517.929
       517.959
       517.984
       517.988
       517.978
       517.577
        516.99
       516.256
       515.068
       513.866
       512.678
       511.468
       510.235
       509.507
       509.028
       508.531
       508.016
       508.033
       508.133
       508.186
        508.19
       508.151
       508.285
       508.359
       508.383
       508.374
       508.163
       507.827
       507.093
       506.284
       506.602
       507.929
       515.182
       519.745
        521.76
       521.092
       520.324
       519.529
       518.705
       517.818
       516.919
       516.007
       515.103
       514.288
        513.51
       512.617
       511.624
       510.652
       509.708
       508.712
       507.727
       506.782
        506.16
       505.599
       505.066
        504.56
       504.083
       503.522
       502.977
       502.447
       501.903
       501.368
         500.5
         499.6
       498.707
       497.821
       496.944
       496.069
       495.199
       494.542
       493.992
        493.46
       492.947
       492.314
       491.724
       491.208
       518.272
       518.149
       490.764
       486.391
       486.392
       486.392
       486.392
       486.393
       486.393
       486.394
       486.394
       486.395
       486.396
       486.397
       486.398
         486.4
       486.401
       486.402
       486.404
       486.406
       486.408
        486.41
       486.412
       486.414
       486.417
       486.419
       486.422
       486.425
       486.428
       486.431
       486.435
       486.438
       486.442
       486.446
        486.45
       486.455
       486.459
       486.464
       486.469
       486.475
        486.48
       486.486
       486.492
       486.499
       486.505
       486.512
       486.519
       486.527
       486.534
       486.542
       486.549
       486.557
       486.565
       486.572
        486.58
       486.587
       486.593
       486.599
       486.604
       486.607
       486.609
       486.608
       486.605
       486.598
       486.587
       486.626
       486.663
       486.699
       486.717
       486.738
       486.761
       486.786
       486.815
       486.849
       486.878
       486.912
       486.951
       487.005
       487.064
        487.05
       487.048
       487.056
       487.076
       487.111
       487.162
       487.229
       487.275
       487.341
       487.425
       487.483
       487.536
       487.584
       487.631
       487.661
       487.687
       487.742
       487.791
        487.84
       487.894
       487.946
       487.994
       488.019
       488.029
       487.619
        487.01
       486.244
       484.991
       483.722
        482.47
       481.195
       479.893
       479.135
       478.647
       478.139
       477.611
       477.655
       477.786
       477.866
       477.893
       477.875
       478.044
       478.147
       478.197
       478.209
       478.005
       477.666
       476.898
        476.05
       476.418
       477.874
       485.718
       490.671
       492.882
       492.205
       491.422
       490.612
       489.774
        488.87
       487.955
        487.03
       486.118
       485.306
       484.536
       483.644
       482.645
       481.668
       480.721
       479.717
       478.724
       477.772
       477.166
       476.622
       476.105
       475.613
       475.151
       474.594
       474.052
       473.524
       472.976
       472.436
       471.531
       470.588
       469.648
       468.711
       467.775
       466.836
       465.896
       465.177
       464.568
       463.972
       463.393
        462.68
       462.014
        461.43
       490.646
       490.504
       460.909
        456.59
        456.59
        456.59
       456.591
       456.591
       456.592
       456.592
       456.593
       456.594
       456.595
       456.596
       456.597
       456.598
       456.599
       456.601
       456.602
       456.604
       456.606
       456.607
       456.609
       456.612
       456.614
       456.616
       456.619
       456.622
       456.625
       456.628
       456.631
       456.635
       456.638
       456.642
       456.646
        456.65
       456.655
        456.66
       456.664
        456.67
       456.675
        456.68
       456.686
       456.692
       456.699
       456.705
       456.712
       456.718
       456.725
       456.732
        456.74
       456.747
       456.754
        456.76
       456.767
       456.773
       456.778
       456.783
       456.786
       456.787
       456.787
       456.784
       456.778
       456.768
       456.753
       456.791
       456.827
       456.861
       456.876
       456.892
       456.911
       456.932
       456.956
       456.985
       457.007
       457.034
       457.067
       457.113
       457.164
       457.135
       457.118
       457.111
       457.114
       457.132
       457.165
       457.214
       457.237
       457.278
       457.337
        457.36
       457.395
       457.435
       457.483
       457.514
       457.545
       457.608
       457.668
       457.733
       457.808
       457.888
       457.966
       458.017
       458.051
       457.637
        457.01
       456.217
       454.904
       453.573
       452.261
       450.924
        449.56
       448.778
       448.285
        447.77
       447.232
       447.309
       447.474
       447.579
       447.631
       447.635
       447.838
        447.97
       448.043
       448.075
       447.874
       447.528
       446.722
       445.829
        446.24
        447.82
       456.251
       461.588
       463.991
         463.3
       462.498
       461.671
       460.817
       459.895
       458.964
       458.026
       457.107
       456.299
       455.538
       454.648
       453.645
       452.665
       451.717
       450.708
       449.709
       448.754
       448.165
       447.641
       447.142
       446.668
       446.222
       445.673
       445.136
       444.611
       444.061
       443.515
       442.576
       441.591
       440.604
       439.613
       438.617
        437.61
       436.592
       435.804
       435.126
       434.453
       433.792
       432.983
       432.225
       431.556
       462.935
       462.771
       430.929
       426.785
       426.786
       426.786
       426.786
       426.786
       426.787
       426.788
       426.788
       426.789
        426.79
       426.791
       426.792
       426.793
       426.794
       426.795
       426.797
       426.799
         426.8
       426.802
       426.804
       426.806
       426.808
       426.811
       426.813
       426.816
       426.818
       426.821
       426.824
       426.828
       426.831
       426.835
       426.839
       426.843
       426.847
       426.851
       426.856
       426.861
       426.866
       426.871
       426.877
       426.882
       426.888
       426.894
         426.9
       426.907
       426.913
        426.92
       426.926
       426.933
       426.939
       426.945
       426.951
       426.956
        426.96
       426.963
       426.965
       426.965
       426.962
       426.957
       426.948
       426.934
       426.916
       426.953
       426.988
        427.02
       427.032
       427.045
        427.06
       427.076
       427.096
        427.12
       427.136
       427.157
       427.182
       427.221
       427.266
       427.223
       427.192
        427.17
       427.158
       427.161
       427.177
       427.208
       427.211
       427.232
       427.268
       427.263
        427.27
       427.282
       427.315
       427.342
       427.374
       427.445
       427.516
       427.596
        427.69
       427.793
       427.893
        427.97
       428.035
       427.622
       426.983
       426.168
       424.797
       423.409
       422.042
       420.653
       419.233
       418.432
       417.939
        417.42
       416.876
       416.986
       417.185
       417.322
       417.403
       417.432
        417.67
       417.831
       417.926
       417.975
       417.774
       417.415
       416.565
       415.621
       416.068
       417.765
       426.775
       432.493
       435.082
       434.373
       433.549
       432.701
       431.828
       430.886
       429.939
        428.99
       428.066
       427.263
       426.515
        425.63
       424.625
       423.645
       422.699
       421.686
       420.684
       419.726
       419.159
       418.657
        418.18
       417.725
       417.299
       416.759
        416.23
       415.711
       415.162
       414.613
       413.641
       412.615
       411.581
       410.536
       409.478
       408.399
       407.299
       406.433
       405.672
       404.908
       404.148
       403.222
       402.348
        401.57
       435.127
       434.935
       400.799
       396.976
       396.977
       396.977
       396.977
       396.978
       396.978
       396.979
       396.979
        396.98
       396.981
       396.982
       396.983
       396.984
       396.985
       396.986
       396.987
       396.989
        396.99
       396.992
       396.994
       396.996
       396.998
           397
       397.003
       397.005
       397.008
        397.01
       397.013
       397.016
        397.02
       397.023
       397.027
        397.03
       397.034
       397.039
       397.043
       397.048
       397.052
       397.057
       397.062
       397.068
       397.073
       397.079
       397.085
        397.09
       397.096
       397.102
       397.108
       397.114
        397.12
       397.125
        397.13
       397.134
       397.137
       397.139
       397.139
       397.137
       397.133
       397.125
       397.113
       397.097
       397.074
       397.111
       397.145
       397.175
       397.184
       397.194
       397.205
       397.217
       397.233
       397.252
       397.262
       397.277
       397.296
       397.329
       397.366
        397.31
       397.266
        397.23
       397.204
       397.192
       397.193
       397.209
       397.192
       397.194
       397.211
       397.184
       397.169
       397.163
       397.185
       397.208
        397.24
       397.318
       397.398
        397.49
       397.596
       397.705
       397.812
         397.9
       397.987
       397.568
       396.919
       396.086
       394.658
       393.216
       391.802
       390.375
       388.909
       388.097
       387.606
       387.087
       386.538
        386.68
       386.918
       387.091
       387.208
       387.267
       387.544
       387.733
        387.85
       387.913
       387.707
        387.33
        386.43
       385.427
       385.901
       387.706
       397.289
        403.38
        406.15
       405.418
       404.567
       403.695
         402.8
       401.838
       400.875
       399.916
       398.988
       398.194
       397.461
       396.585
        395.58
       394.603
       393.662
       392.649
       391.647
       390.691
       390.148
       389.672
       389.219
       388.788
       388.384
       387.857
       387.339
       386.829
       386.284
       385.736
       384.734
        383.67
       382.591
       381.492
       380.371
       379.217
       378.029
       377.076
        376.22
       375.348
       374.466
       373.397
       372.377
       371.457
       407.204
       406.975
       370.486
       367.162
       367.162
       367.162
       367.163
       367.163
       367.163
       367.164
       367.164
       367.165
       367.166
       367.167
       367.168
       367.169
        367.17
       367.171
       367.172
       367.174
       367.175
       367.177
       367.178
        367.18
       367.182
       367.184
       367.186
       367.189
       367.191
       367.194
       367.196
       367.199
       367.202
       367.206
       367.209
       367.212
       367.216
        367.22
       367.224
       367.228
       367.233
       367.237
       367.242
       367.247
       367.252
       367.257
       367.263
       367.268
       367.274
       367.279
       367.284
        367.29
       367.295
       367.299
       367.303
       367.306
       367.308
       367.309
       367.307
       367.304
       367.298
       367.288
       367.273
       367.254
       367.227
       367.264
       367.296
       367.326
       367.332
       367.338
       367.345
       367.354
       367.365
       367.379
       367.384
       367.393
       367.406
       367.433
       367.464
       367.395
       367.338
       367.288
       367.248
       367.221
       367.208
       367.209
       367.174
       367.158
       367.159
       367.111
        367.08
        367.06
       367.074
       367.093
       367.126
       367.211
       367.302
       367.407
       367.525
       367.645
       367.764
       367.863
       367.958
       367.529
        366.86
       365.998
       364.514
       363.019
       361.561
        360.09
       358.589
        357.77
       357.284
       356.766
       356.216
       356.393
       356.666
       356.883
       357.049
       357.143
       357.462
       357.682
       357.819
       357.894
       357.679
       357.279
        356.32
        355.25
       355.741
       357.642
       367.787
       374.243
       377.187
       376.424
       375.541
       374.642
       373.725
       372.742
       371.764
       370.796
       369.868
       369.086
       368.372
       367.507
       366.507
       365.537
       364.605
       363.596
       362.598
       361.646
       361.133
       360.686
       360.261
       359.857
        359.48
       358.969
       358.467
       357.969
       357.432
       356.889
       355.861
       354.763
       353.642
       352.493
        351.31
        350.08
       348.799
        347.75
       346.787
       345.786
       344.756
       343.511
       342.306
         341.2
       379.141
       378.867
        339.95
        337.34
        337.34
        337.34
       337.341
       337.341
       337.341
       337.342
       337.343
       337.343
       337.344
       337.345
       337.345
       337.346
       337.347
       337.349
        337.35
       337.351
       337.352
       337.354
       337.355
       337.357
       337.359
       337.361
       337.363
       337.365
       337.367
        337.37
       337.372
       337.375
       337.378
       337.381
       337.384
       337.387
       337.391
       337.394
       337.398
       337.402
       337.406
        337.41
       337.415
       337.419
       337.424
       337.429
       337.434
       337.438
       337.443
       337.448
       337.453
       337.458
       337.462
       337.466
       337.469
       337.471
       337.472
       337.471
       337.469
       337.464
       337.456
       337.443
       337.427
       337.404
       337.374
        337.41
       337.442
        337.47
       337.473
       337.476
        337.48
       337.485
       337.492
       337.502
       337.501
       337.504
       337.511
       337.532
       337.556
       337.475
       337.404
       337.341
       337.287
       337.246
       337.218
       337.204
       337.151
       337.118
       337.102
       337.035
       336.988
       336.957
       336.964
       336.982
       337.015
       337.109
       337.215
       337.335
       337.467
         337.6
       337.736
       337.852
       337.962
       337.526
       336.843
       335.961
       334.427
       332.884
       331.373
       329.845
       328.301
       327.477
       327.008
       326.497
       325.942
       326.146
       326.457
       326.733
       326.937
       327.064
        327.43
       327.683
        327.84
       327.925
       327.696
       327.266
        326.24
       325.091
       325.585
       327.568
       338.264
       345.075
       348.184
       347.383
       346.463
       345.533
       344.592
       343.588
       342.597
       341.624
       340.699
       339.932
       339.241
       338.392
       337.402
       336.444
       335.526
       334.526
       333.537
       332.595
       332.114
       331.701
       331.309
       330.935
       330.588
       330.099
       329.615
       329.135
       328.612
       328.079
       327.031
       325.905
       324.749
       323.554
       322.312
       321.007
       319.632
        318.48
       317.396
       316.247
       315.039
       313.579
       312.137
       310.783
        350.91
       350.582
       309.144
       307.509
       307.509
        307.51
        307.51
        307.51
       307.511
       307.511
       307.512
       307.512
       307.513
       307.514
       307.514
       307.515
       307.516
       307.517
       307.518
       307.519
       307.521
       307.522
       307.523
       307.525
       307.527
       307.528
        307.53
       307.532
       307.534
       307.537
       307.539
       307.541
       307.544
       307.547
        307.55
       307.553
       307.556
       307.559
       307.562
       307.566
        307.57
       307.574
       307.578
       307.582
       307.586
       307.591
       307.595
       307.599
       307.604
       307.608
       307.613
       307.616
        307.62
       307.623
       307.625
       307.627
       307.627
       307.625
       307.621
       307.615
       307.605
       307.591
       307.572
       307.546
       307.512
       307.549
        307.58
       307.607
       307.607
       307.607
       307.607
       307.608
       307.611
       307.617
       307.611
       307.608
       307.608
       307.623
       307.641
       307.546
       307.463
       307.386
       307.317
       307.262
       307.218
       307.188
       307.117
       307.065
       307.031
       306.942
       306.881
       306.838
        306.84
        306.86
       306.902
       307.014
       307.139
       307.278
       307.429
        307.58
       307.733
       307.864
       307.993
        307.55
       306.852
       305.958
       304.389
       302.805
       301.252
       299.679
       298.082
       297.257
       296.808
       296.309
       295.755
       295.995
       296.352
       296.658
       296.868
       297.028
       297.454
       297.744
       297.922
       298.013
       297.767
       297.298
       296.194
       294.953
       295.434
       297.479
        308.71
       315.865
       319.131
       318.283
       317.319
       316.355
       315.388
       314.364
       313.364
        312.39
       311.473
       310.728
       310.066
       309.239
       308.265
       307.325
       306.426
        305.44
       304.463
       303.537
       303.093
       302.718
       302.362
       302.024
       301.711
       301.248
       300.789
       300.332
       299.829
       299.313
       298.253
       297.107
       295.923
        294.69
       293.397
       292.023
       290.555
       289.297
       288.081
       286.763
       285.344
       283.622
        281.88
       280.199
       322.474
       322.081
       278.016
       277.667
       277.667
       277.667
       277.668
       277.668
       277.668
       277.669
       277.669
        277.67
       277.671
       277.671
       277.672
       277.673
       277.674
       277.674
       277.675
       277.677
       277.678
       277.679
        277.68
       277.682
       277.683
       277.685
       277.686
       277.688
        277.69
       277.692
       277.694
       277.697
       277.699
       277.701
       277.704
       277.707
        277.71
       277.713
       277.716
       277.719
       277.722
       277.726
        277.73
       277.733
       277.737
       277.741
       277.745
       277.749
       277.753
       277.757
       277.761
       277.764
       277.767
       277.769
       277.771
       277.771
       277.771
       277.768
       277.763
       277.755
       277.744
       277.728
       277.706
       277.678
       277.641
       277.678
       277.708
       277.734
       277.731
       277.728
       277.726
       277.723
       277.721
       277.722
       277.711
       277.702
       277.696
       277.704
       277.715
       277.607
        277.51
       277.419
       277.336
       277.265
       277.204
       277.157
       277.063
        276.99
        276.94
       276.845
        276.78
       276.739
       276.747
       276.774
       276.831
       276.958
       277.098
       277.252
       277.419
       277.587
       277.758
        277.91
       278.059
       277.611
       276.902
       275.999
       274.395
       272.775
       271.189
       269.579
       267.937
       267.114
       266.692
       266.216
       265.661
       265.932
       266.315
       266.632
       266.875
        267.08
       267.551
       267.873
       268.071
       268.169
       267.901
       267.387
       266.194
       264.843
       265.287
       267.368
       279.114
       286.599
       290.009
       289.103
       288.089
       287.087
       286.096
       285.056
       284.051
       283.082
        282.18
       281.464
       280.839
       280.042
       279.091
       278.176
       277.303
       276.337
        275.38
       274.474
       274.072
        273.74
       273.425
       273.126
       272.852
       272.419
       271.991
       271.564
       271.087
       270.596
       269.535
       268.379
       267.179
       265.921
       264.588
       263.153
         261.6
       260.239
       258.886
       257.381
       255.721
       253.684
       251.564
       249.451
       293.787
       293.321
       246.519
       247.811
       247.811
       247.812
       247.812
       247.812
       247.813
       247.813
       247.813
       247.814
       247.814
       247.815
       247.816
       247.816
       247.817
       247.818
       247.819
        247.82
       247.821
       247.822
       247.823
       247.824
       247.826
       247.827
       247.829
        247.83
       247.832
       247.834
       247.836
       247.838
        247.84
       247.842
       247.844
       247.847
       247.849
       247.852
       247.855
       247.858
       247.861
       247.864
       247.867
       247.871
       247.874
       247.878
       247.881
       247.885
       247.888
       247.891
       247.895
       247.897
         247.9
       247.902
       247.903
       247.902
       247.901
       247.897
       247.892
       247.883
        247.87
       247.852
       247.829
       247.798
       247.758
       247.795
       247.825
        247.85
       247.845
       247.839
       247.833
       247.826
       247.821
       247.817
         247.8
       247.784
       247.772
       247.773
       247.777
       247.655
       247.544
       247.438
       247.338
        247.25
       247.172
       247.107
       246.999
        246.93
       246.889
       246.799
       246.736
       246.696
       246.708
       246.739
       246.802
       246.938
       247.085
       247.249
       247.429
       247.614
       247.805
       247.977
       248.151
       247.704
       246.992
        246.08
       244.438
       242.785
       241.175
       239.539
       237.865
       237.039
       236.641
       236.181
       235.639
        235.97
       236.387
       236.736
       237.004
       237.232
       237.729
       238.076
       238.295
       238.401
       238.112
       237.548
       236.254
       234.775
       235.153
       237.234
       249.463
       257.257
       260.797
       259.821
       258.749
        257.71
       256.697
       255.644
       254.641
       253.686
       252.807
       252.129
        251.55
       250.792
       249.874
       248.993
       248.154
       247.217
       246.286
       245.407
       245.053
       244.767
       244.497
       244.242
       244.013
       243.615
       243.222
       242.832
       242.391
       241.936
       240.883
       239.732
       238.532
       237.264
       235.908
       234.432
       232.809
       231.356
       229.869
       228.169
        226.24
       223.835
       221.248
       218.574
       264.798
       264.251
       214.625
       217.938
       217.938
       217.939
       217.939
       217.939
        217.94
        217.94
        217.94
       217.941
       217.941
       217.942
       217.943
       217.943
       217.944
       217.945
       217.945
       217.946
       217.947
       217.948
       217.949
        217.95
       217.951
       217.953
       217.954
       217.955
       217.957
       217.959
        217.96
       217.962
       217.964
       217.966
       217.968
        217.97
       217.972
       217.975
       217.977
        217.98
       217.982
       217.985
       217.988
       217.991
       217.994
       217.997
           218
       218.003
       218.006
       218.009
       218.012
       218.014
       218.016
       218.017
       218.017
       218.017
       218.015
       218.011
       218.004
       217.994
       217.981
       217.962
       217.937
       217.904
       217.861
       217.899
       217.928
       217.953
       217.946
       217.937
       217.928
       217.917
       217.908
       217.899
       217.875
       217.853
       217.833
       217.827
       217.823
       217.686
        217.56
       217.438
       217.321
       217.217
       217.129
       217.073
        216.98
        216.92
       216.887
       216.801
        216.74
       216.701
       216.714
       216.744
       216.806
       216.944
       217.094
       217.263
       217.453
       217.652
       217.861
       218.055
       218.257
        217.82
       217.111
       216.195
       214.518
       212.838
       211.212
       209.562
       207.868
       207.042
       206.631
       206.189
       205.735
       206.149
       206.628
       206.993
       207.248
       207.465
       207.975
        208.35
       208.602
       208.724
       208.417
       207.801
       206.398
       204.768
       205.042
       207.075
        219.74
       227.816
       231.466
       230.402
       229.267
       228.191
       227.163
       226.111
        225.12
       224.188
       223.345
       222.716
       222.192
       221.483
       220.607
        219.77
       218.977
       218.078
       217.183
       216.337
       216.037
       215.804
       215.583
       215.376
       215.194
       214.837
       214.486
       214.139
       213.743
       213.334
       212.305
       211.175
       209.993
       208.738
       207.384
       205.891
       204.226
       202.705
       201.102
       199.214
       197.002
       194.185
       191.042
       187.652
       235.453
       234.822
       182.357
       188.044
       188.045
       188.045
       188.045
       188.046
       188.046
       188.046
       188.047
       188.047
       188.048
       188.048
       188.049
       188.049
        188.05
        188.05
       188.051
       188.052
       188.053
       188.053
       188.054
       188.055
       188.056
       188.057
       188.059
        188.06
       188.061
       188.062
       188.064
       188.065
       188.067
       188.069
        188.07
       188.072
       188.074
       188.076
       188.078
       188.081
       188.083
       188.085
       188.088
        188.09
       188.093
       188.096
       188.098
       188.101
       188.103
       188.106
       188.108
        188.11
       188.111
       188.112
       188.112
       188.111
       188.108
       188.104
       188.097
       188.087
       188.073
       188.053
       188.027
       187.992
       187.947
       187.986
       188.016
        188.04
       188.031
        188.02
       188.008
       187.994
       187.979
       187.966
       187.935
       187.906
       187.878
       187.864
        187.85
       187.699
       187.556
       187.419
       187.293
         187.2
       187.131
       187.089
       187.007
       186.956
        186.93
       186.846
       186.784
       186.745
       186.755
       186.781
       186.837
       186.969
       187.117
       187.287
       187.483
       187.692
       187.916
       188.131
       188.366
       187.944
       187.248
       186.344
       184.651
       182.963
       181.328
       179.673
       177.966
       177.157
       176.777
       176.363
       175.931
       176.396
       176.924
       177.327
       177.592
       177.803
       178.326
       178.723
       179.001
       179.156
        178.84
       178.177
       176.659
       174.858
       174.982
       176.899
       189.925
       198.241
       201.976
       200.807
       199.601
       198.491
        197.46
       196.424
       195.461
       194.571
       193.778
       193.211
       192.757
        192.11
       191.289
       190.509
       189.772
       188.923
       188.073
        187.27
       187.029
       186.853
       186.686
       186.529
       186.398
       186.085
        185.78
       185.485
       185.142
       184.792
       183.803
       182.714
       181.575
        180.36
        179.04
       177.567
       175.899
        174.35
       172.671
       170.628
       168.148
         164.9
       161.123
       156.852
         205.7
       204.987
       149.849
       158.125
       158.126
       158.126
       158.127
       158.127
       158.127
       158.127
       158.128
       158.128
       158.128
       158.129
       158.129
        158.13
        158.13
       158.131
       158.131
       158.132
       158.133
       158.133
       158.134
       158.135
       158.136
       158.137
       158.138
       158.139
        158.14
       158.141
       158.142
       158.143
       158.145
       158.146
       158.148
       158.149
       158.151
       158.153
       158.154
       158.156
       158.158
        158.16
       158.162
       158.164
       158.166
       158.169
       158.171
       158.173
       158.175
       158.177
       158.179
        158.18
       158.181
       158.182
       158.181
        158.18
       158.177
       158.173
       158.166
       158.156
       158.141
       158.122
       158.095
        158.06
       158.013
       158.053
       158.084
       158.108
       158.098
       158.085
        158.07
       158.052
       158.034
       158.015
       157.977
        157.94
       157.902
       157.879
       157.855
       157.689
        157.54
       157.415
        157.31
       157.233
       157.179
        157.15
       157.077
       157.032
       157.011
       156.927
       156.865
       156.821
       156.827
       156.845
       156.889
       157.013
       157.152
       157.316
        157.51
       157.722
       157.956
        158.19
       158.459
       158.059
       157.389
       156.515
       154.828
       153.156
       151.541
       149.898
       148.203
       147.434
       147.103
       146.706
       146.247
       146.728
       147.297
        147.73
       148.037
        148.27
       148.828
       149.242
       149.542
       149.723
       149.412
       148.715
       147.091
       145.108
       145.032
       146.733
       159.993
       168.484
        172.27
       170.974
       169.697
       168.566
       167.551
       166.552
       165.645
       164.817
       164.092
       163.604
       163.235
       162.665
       161.914
       161.204
        160.54
       159.753
        158.96
       158.208
       158.034
       157.919
       157.806
       157.702
       157.624
       157.358
       157.105
       156.867
       156.587
       156.309
       155.378
       154.353
       153.284
       152.144
       150.897
        149.49
       147.873
       146.358
        144.67
       142.541
       139.855
       136.213
       131.773
       126.475
       175.511
       174.726
       117.443
       128.175
       128.176
       128.176
       128.177
       128.177
       128.177
       128.177
       128.178
       128.178
       128.178
       128.179
       128.179
       128.179
        128.18
        128.18
       128.181
       128.181
       128.182
       128.182
       128.183
       128.183
       128.184
       128.185
       128.186
       128.187
       128.187
       128.188
       128.189
        128.19
       128.191
       128.193
       128.194
       128.195
       128.196
       128.198
       128.199
       128.201
       128.202
       128.204
       128.205
       128.207
       128.209
       128.211
       128.212
       128.214
       128.216
       128.217
       128.218
       128.219
        128.22
        128.22
        128.22
       128.219
       128.216
       128.212
       128.205
       128.196
       128.182
       128.163
       128.137
       128.102
       128.055
       128.097
       128.129
       128.154
       128.142
       128.128
       128.112
       128.091
       128.068
       128.044
       127.999
       127.952
       127.904
       127.872
       127.847
       127.694
       127.568
       127.461
       127.374
        127.31
       127.269
       127.251
       127.184
       127.144
       127.128
       127.042
       126.977
       126.927
       126.926
       126.933
       126.964
       127.073
       127.197
       127.347
       127.529
       127.733
       127.967
       128.214
       128.515
       128.143
       127.512
       126.688
       125.038
       123.415
       121.859
       120.275
        118.63
       117.925
       117.657
       117.308
       116.858
       117.355
       117.925
       118.362
       118.685
       118.919
       119.483
       119.911
       120.228
       120.443
       120.162
       119.468
       117.773
       115.625
       115.302
       116.651
       129.916
       138.471
       142.261
       140.818
       139.482
       138.361
       137.396
       136.469
       135.647
       134.909
       134.272
       133.881
       133.614
       133.137
       132.473
       131.853
       131.278
       130.572
       129.851
       129.162
        129.06
       129.007
        128.95
       128.897
       128.872
       128.654
       128.456
        128.28
       128.071
       127.878
       127.024
       126.089
       125.124
       124.097
        122.97
       121.686
       120.188
        118.79
       117.192
       115.097
       112.339
       108.435
       103.412
        97.025
       144.905
       144.067
       85.8526
       98.1877
       98.1883
       98.1887
        98.189
       98.1893
       98.1895
       98.1897
       98.1899
       98.1901
       98.1903
       98.1906
       98.1908
       98.1911
       98.1914
       98.1918
       98.1921
       98.1925
       98.1929
       98.1933
       98.1938
       98.1943
       98.1948
       98.1953
       98.1959
       98.1965
       98.1972
       98.1979
       98.1986
       98.1994
       98.2002
       98.2011
        98.202
       98.2029
       98.2039
       98.2049
        98.206
       98.2071
       98.2083
       98.2095
       98.2108
        98.212
       98.2133
       98.2146
       98.2159
       98.2171
       98.2184
       98.2195
       98.2204
       98.2212
       98.2217
       98.2217
       98.2213
         98.22
       98.2177
       98.2141
       98.2085
       98.2003
       98.1885
       98.1717
       98.1479
       98.1144
       98.0676
       98.1118
       98.1453
       98.1719
       98.1606
       98.1466
       98.1294
        98.107
       98.0806
       98.0507
       97.9962
       97.9415
       97.8913
       97.8763
       97.8786
       97.7445
       97.6379
       97.5489
       97.4773
       97.4276
       97.3972
        97.388
       97.3256
       97.2892
       97.2755
       97.1886
       97.1203
       97.0651
       97.0555
       97.0499
       97.0634
       97.1519
       97.2519
       97.3763
       97.5339
       97.7155
       97.9342
       98.1797
       98.5049
       98.1618
       97.5846
       96.8392
       95.2625
       93.7301
       92.2878
       90.8278
       89.3006
       88.7009
       88.5162
       88.2182
       87.7856
       88.2911
       88.8505
        89.275
       89.5831
       89.7894
       90.3301
       90.7483
        91.069
       91.3167
       91.0948
       90.4824
       88.8126
       86.5814
       86.0029
       86.8278
       99.6772
       108.083
       111.804
       110.209
       108.859
       107.806
       106.951
       106.145
       105.449
       104.832
       104.309
       104.035
       103.883
       103.516
       102.958
       102.449
       101.986
       101.384
       100.757
       100.145
        100.12
       100.129
       100.123
       100.118
       100.142
       99.9728
       99.8291
       99.7168
       99.5829
       99.4855
        98.729
       97.9149
       97.0903
       96.2201
        95.265
       94.1668
       92.8678
       91.6847
       90.3079
       88.4226
       85.8239
       81.9415
       76.6247
        69.308
       113.999
       113.144
       56.4143
       68.1541
       68.1547
       68.1551
       68.1553
       68.1555
       68.1557
       68.1559
        68.156
       68.1562
       68.1563
       68.1565
       68.1567
       68.1568
        68.157
       68.1573
       68.1575
       68.1577
        68.158
       68.1583
       68.1586
       68.1589
       68.1593
       68.1597
         68.16
       68.1605
       68.1609
       68.1614
       68.1619
       68.1624
       68.1629
       68.1635
       68.1641
       68.1647
       68.1654
       68.1661
       68.1668
       68.1676
       68.1683
       68.1691
         68.17
       68.1708
       68.1717
       68.1725
       68.1734
       68.1742
        68.175
       68.1758
       68.1764
       68.1769
       68.1771
       68.1771
       68.1767
       68.1758
       68.1741
       68.1714
       68.1673
       68.1612
       68.1523
       68.1392
       68.1199
       68.0909
       68.0471
       68.0935
       68.1277
       68.1557
       68.1466
       68.1351
       68.1192
       68.0972
       68.0672
       68.0339
       67.9808
       67.9442
       67.9183
        67.922
        67.945
       67.8312
       67.7472
       67.6781
       67.6227
       67.5846
       67.5624
        67.559
       67.5007
       67.4673
       67.4556
       67.3692
       67.2996
       67.2396
       67.2211
       67.2011
        67.194
       67.2558
       67.3228
       67.4089
       67.5241
       67.6614
       67.8391
       68.0559
       68.3816
       68.0673
       67.5622
       66.9315
       65.4835
       64.1362
       62.9014
       61.6443
       60.2956
       59.8492
        59.758
       59.5009
       59.0783
       59.5565
       60.0682
       60.4596
       60.7331
       60.9004
       61.4028
       61.7874
       62.0955
       62.3643
       62.2351
        61.787
       60.3244
       58.2274
       57.5096
       57.6763
       69.3157
       77.1239
       80.6396
       78.9521
        77.707
       76.8331
        76.173
       75.5556
       75.0381
       74.5823
       74.2051
       74.0591
       74.0292
       73.7865
       73.3582
       72.9847
       72.6603
       72.1934
       71.6916
       71.1824
       71.2352
       71.2973
       71.3331
       71.3667
       71.4332
       71.3106
       71.2205
       71.1683
       71.1058
       71.1066
       70.4742
       69.8175
       69.1738
       68.5052
       67.7745
       66.9282
       65.9113
       65.0465
       64.0345
       62.5792
       60.4767
       57.1159
       52.1621
       44.5731
       83.0792
       82.2849
       31.4611
       38.0646
       38.0651
       38.0654
       38.0656
       38.0657
       38.0658
       38.0659
        38.066
        38.066
       38.0661
       38.0662
       38.0663
       38.0664
       38.0665
       38.0666
       38.0667
       38.0668
        38.067
       38.0671
       38.0673
       38.0674
       38.0676
       38.0678
        38.068
       38.0682
       38.0684
       38.0686
       38.0689
       38.0691
       38.0694
       38.0697
         38.07
       38.0703
       38.0707
        38.071
       38.0714
       38.0717
       38.0721
       38.0725
        38.073
       38.0734
       38.0738
       38.0742
       38.0747
       38.0751
       38.0755
       38.0758
       38.0761
       38.0764
       38.0765
       38.0765
       38.0763
       38.0758
       38.0749
       38.0734
       38.0713
        38.068
       38.0631
       38.0557
       38.0442
       38.0252
       37.9908
       38.0354
       38.0672
       38.0955
       38.0925
       38.0884
       38.0758
       38.0603
       38.0387
       38.0281
       38.0055
        37.991
       37.9835
       37.9998
       38.0357
       37.9511
       37.8946
       37.8484
       37.8099
       37.7832
       37.7666
       37.7652
       37.7123
       37.6803
       37.6676
       37.5875
       37.5216
       37.4603
       37.4324
       37.3983
       37.3696
       37.3965
       37.4204
       37.4548
       37.5095
        37.578
       37.6785
       37.8129
       38.0703
        37.786
         37.38
       36.9114
        35.756
       34.7483
       33.8322
       32.8742
        31.801
        31.496
       31.4493
       31.2322
       30.8356
       31.2204
        31.614
       31.9077
       32.1328
        32.256
       32.6814
       33.0084
       33.2914
        33.584
       33.5829
       33.3977
       32.4178
       30.8943
       30.4223
       30.1356
       39.0714
        45.278
       48.2399
       46.7726
        45.911
       45.3933
        45.039
       44.6941
       44.4151
       44.1689
       43.9677
       43.9497
       44.0264
         43.92
       43.6591
       43.4517
       43.2901
       43.0017
       42.6805
       42.3238
       42.4364
       42.5287
       42.5891
        42.646
        42.738
       42.6669
       42.6299
       42.6266
       42.6175
       42.6927
        42.232
       41.7847
       41.3649
       40.9381
       40.4797
         39.95
       39.3021
       38.8342
       38.3048
       37.4983
       36.2894
       34.1759
       30.7997
       24.7149
       52.7227
       52.1567
       14.8405
       7.90744
       7.90744
       7.90744
       7.90744
       7.90744
       7.90744
       7.90744
       7.90744
       7.90744
       7.90744
       7.90744
       7.90744
       7.90744
       7.90744
       7.90744
       7.90744
       7.90744
       7.90744
       7.90744
       7.90744
       7.90744
       7.90744
       7.90744
       7.90744
       7.90744
       7.90744
       7.90744
       7.90744
       7.90744
       7.90744
       7.90744
       7.90744
       7.90744
       7.90744
       7.90744
       7.90744
       7.90744
       7.90744
       7.90744
       7.90744
       7.90744
       7.90744
       7.90744
       7.90744
       7.90744
       7.90744
       7.90744
       7.90744
       7.90744
       7.90744
       7.90744
       7.90744
       7.90744
       7.90744
       7.90744
       7.90744
       7.90744
       7.90744
       7.90744
       7.90744
       7.90744
       7.90744
       7.92926
       7.95128
       7.97329
       7.98821
       8.00313
       8.01804
       8.03263
       8.04721
       8.06174
       8.07216
       8.08258
       8.09304
       8.10656
       8.12005
       8.10115
       8.08406
       8.06697
       8.04989
       8.03371
       8.01753
       8.00088
       7.96797
       7.93506
        7.9015
       7.84779
       7.79408
       7.74074
       7.69554
       7.65034
       7.60843
       7.58093
       7.55344
       7.52821
       7.50661
       7.48501
       7.46342
       7.43531
        7.4055
       7.21522
       6.95214
       6.63181
       6.12052
       5.60639
       5.10353
       4.59856
       4.09227
       3.81378
       3.65362
       3.49454
       3.33546
       3.41408
       3.53521
       3.65635
       3.78082
       3.91053
       4.13746
       4.35939
       4.58132
       4.80933
       4.97105
       5.09786
       5.07093
       5.02672
       5.47924
       6.37291
       9.81426
       12.1096
       13.3253
       13.4081
         13.46
       13.5086
       13.5508
       13.5708
       13.5907
       13.6122
       13.6447
        13.721
        13.816
       13.8599
       13.8555
       13.8505
       13.8448
       13.8018
       13.7471
       13.6924
       13.7568
       13.8268
       13.8919
       13.9548
       14.0204
       14.0418
       14.0633
       14.0847
       14.0936
       14.1009
       13.9614
       13.8044
       13.6474
       13.4916
       13.3376
       13.1837
         13.03
        12.963
       12.9366
       12.9101
       12.8813
       12.7872
        12.693
       12.6041
            24
            24
       12.5891
