160                           123.02                        
35                            123.02                        
34                            121.15                        
33                            118.18                        
32                            114.82                        
31                            111.12                        
30                            107.26                        
29                            103.27                        
28                            99.146                        
27                            94.904                        
26                            90.718                        
25                            86.528                        
24                            82.222                        
23                            77.923                        
22                            73.623                        
21                            69.274                        
20                            64.954                        
19                            60.709                        
18                            56.483                        
17                            52.274                        
16                            48.175                        
15                            45.133                        
14                            43.133                        
13                            45.006                        
12                            50.486                        
11                            48.297                        
10                            102.74                        
9                             107.12                        
8                             80.585                        
7                             56.484                        
6                             49.052                        
5                             43.162                        
4                             38.028                        
3                             33.124                        
2                             28.349                        
1                             23.815                        
0                             19.522                        
