160                           42.701                        
35                            42.701                        
34                            39.218                        
33                            35.598                        
32                            32.291                        
31                            27.636                        
30                            24.047                        
29                            20.569                        
28                            16.701                        
27                            12.746                        
26                            9.0138                        
10                            54.954                        
9                             93.385                        
8                             96.843                        
7                             74.819                        
6                             58.614                        
5                             52.162                        
4                             45.358                        
3                             40.1                          
2                             33.924                        
1                             22.981                        
0                             20.195                        
