160                           22.496                        
35                            22.496                        
34                            28.67                         
33                            35.333                        
32                            42.123                        
31                            49.116                        
30                            56.206                        
29                            63.386                        
28                            68.613                        
27                            73.945                        
26                            79.338                        
25                            84.791                        
24                            90.321                        
23                            95.932                        
22                            101.58                        
21                            107.26                        
20                            113.03                        
19                            118.82                        
18                            124.7                         
17                            130.63                        
16                            136.61                        
15                            133.53                        
14                            130.76                        
13                            126.17                        
12                            131.1                         
11                            134.63                        
10                            80.296                        
9                             69.163                        
8                             48.097                        
7                             43.958                        
6                             34.07                         
5                             32.013                        
4                             30.416                        
3                             29.259                        
2                             27.37                         
1                             24.462                        
0                             19.53                         
