3                             
0                             3.3565                        
1                             3.3565                        
2                             3.3565                        
3                             3.3565                        
4                             3.3565                        
5                             3.3565                        
6                             3.3565                        
7                             3.3565                        
8                             3.3565                        
9                             3.3565                        
10                            3.3565                        
11                            3.3565                        
12                            3.3565                        
13                            3.3565                        
14                            3.3565                        
15                            3.3565                        
16                            3.3565                        
17                            3.3565                        
18                            3.3565                        
19                            3.3565                        
20                            3.3565                        
21                            3.3565                        
22                            3.3565                        
23                            3.3565                        
24                            3.3565                        
25                            3.3565                        
26                            3.3565                        
27                            3.3565                        
28                            3.3565                        
29                            3.3565                        
30                            3.3565                        
31                            3.3565                        
32                            3.3565                        
33                            3.3565                        
34                            3.3565                        
35                            3.3565                        
36                            3.3565                        
37                            3.3565                        
38                            3.3565                        
39                            3.3565                        
40                            3.3565                        
41                            3.3565                        
42                            3.3565                        
43                            3.3565                        
44                            3.3565                        
45                            3.3565                        
46                            3.3565                        
47                            3.3565                        
48                            3.3565                        
49                            3.3565                        
50                            3.3565                        
51                            3.3565                        
52                            3.3565                        
53                            3.3565                        
54                            3.3565                        
55                            3.3565                        
56                            3.3565                        
57                            3.3565                        
58                            3.3565                        
59                            3.3565                        
60                            3.3565                        
61                            3.3565                        
62                            3.3435                        
63                            3.3303                        
64                            3.3171                        
65                            3.3081                        
66                            3.2992                        
67                            3.2902                        
68                            3.2815                        
69                            3.2728                        
70                            3.264                         
71                            3.2578                        
72                            3.2516                        
73                            3.2453                        
74                            3.2372                        
75                            3.2291                        
76                            3.2267                        
77                            3.2233                        
78                            3.2198                        
79                            3.2164                        
80                            3.2124                        
81                            3.2084                        
82                            3.2047                        
83                            3.2107                        
84                            3.2167                        
85                            3.2232                        
86                            3.2417                        
87                            3.2602                        
88                            3.2785                        
89                            3.2919                        
90                            3.3053                        
91                            3.3167                        
92                            3.3195                        
93                            3.3223                        
94                            3.3237                        
95                            3.323                         
96                            3.3222                        
97                            3.3215                        
98                            3.3246                        
99                            3.3288                        
100                           3.3617                        
101                           3.4091                        
102                           3.4666                        
103                           3.5582                        
104                           3.6515                        
105                           3.7428                        
106                           3.8363                        
107                           3.9306                        
108                           3.9844                        
109                           4.017                         
110                           4.049                         
111                           4.081                         
112                           4.0712                        
113                           4.0548                        
114                           4.0383                        
115                           4.0198                        
116                           3.9982                        
117                           3.9598                        
118                           3.9246                        
119                           3.8893                        
120                           3.8504                        
121                           3.8217                        
122                           3.7992                        
123                           3.8072                        
124                           3.8197                        
125                           3.743                         
126                           3.5841                        
127                           2.9727                        
128                           2.5648                        
129                           2.3487                        
130                           2.3075                        
131                           2.2849                        
132                           2.2642                        
133                           2.2473                        
134                           2.2439                        
135                           2.2404                        
136                           2.2359                        
137                           2.2249                        
138                           2.1876                        
139                           2.1391                        
140                           2.0997                        
141                           2.0689                        
142                           2.0384                        
143                           2.0083                        
144                           2.0007                        
145                           2                             
146                           1.9993                        
147                           1.9774                        
148                           1.9636                        
149                           1.9528                        
150                           1.9433                        
151                           1.9299                        
152                           1.917                         
153                           1.9042                        
154                           1.8913                        
155                           1.886                         
156                           1.8811                        
157                           1.9111                        
158                           1.9516                        
159                           1.9921                        
160                           2.0319                        
161                           2.0705                        
162                           2.1091                        
163                           2.1476                        
164                           2.1707                        
165                           2.1865                        
166                           2.2024                        
167                           2.2187                        
168                           2.2466                        
169                           2.2746                        
170                           2.2994                        
171                           0                             
172                           0                             
173                           2.3031                        
