160                           6.6778                        
15                            6.6778                        
13                            9.8089                        
12                            7.6565                        
11                            7.6049                        
10                            75.788                        
9                             104.16                        
8                             98.153                        
7                             79.677                        
6                             50.029                        
5                             46.089                        
4                             42.846                        
3                             36.348                        
2                             27.173                        
1                             26.317                        
0                             18.679                        
