160                           33.338                        
35                            33.338                        
34                            34.754                        
33                            36.283                        
32                            37.793                        
31                            39.275                        
30                            40.718                        
29                            42.112                        
28                            43.476                        
27                            44.807                        
26                            46.13                         
25                            47.424                        
24                            48.67                         
23                            49.902                        
22                            51.094                        
21                            52.244                        
20                            53.334                        
19                            54.437                        
18                            55.5                          
17                            56.539                        
16                            57.547                        
15                            57.896                        
14                            54.291                        
13                            57.858                        
12                            63.648                        
11                            62.675                        
10                            99.452                        
9                             114.64                        
8                             104.75                        
7                             59.301                        
6                             40.677                        
5                             36.957                        
4                             34.13                         
3                             27.511                        
2                             20.488                        
1                             21.372                        
0                             18.252                        
