160                           51.013                        
10                            51.013                        
9                             85.493                        
8                             94.664                        
7                             78.394                        
6                             66.051                        
5                             59.434                        
4                             52.902                        
3                             44.961                        
2                             38.865                        
1                             29.218                        
0                             19.597                        
