160                           7.1185                        
33                            7.1185                        
32                            13.797                        
31                            20.549                        
30                            27.252                        
29                            34.026                        
28                            40.954                        
27                            47.498                        
26                            54.081                        
25                            60.691                        
24                            67.364                        
23                            74.139                        
22                            80.909                        
21                            87.629                        
20                            94.377                        
19                            97.713                        
18                            100.99                        
17                            104.29                        
16                            107.64                        
15                            109.29                        
14                            105.72                        
13                            106.15                        
12                            113.23                        
11                            114.36                        
10                            95.103                        
9                             97.155                        
8                             80.464                        
7                             49.624                        
6                             36.384                        
5                             34.053                        
4                             30.678                        
3                             28.085                        
2                             24.793                        
1                             21.561                        
0                             19.119                        
