         926.7
       926.696
       926.693
       926.691
       926.688
       926.684
        926.68
       926.675
        926.67
       926.664
       926.657
       926.649
        926.64
       926.631
        926.62
       926.609
       926.596
       926.583
       926.568
       926.552
       926.535
       926.517
       926.497
       926.475
       926.453
       926.428
       926.402
       926.374
       926.345
       926.313
        926.28
       926.245
       926.207
       926.168
       926.127
       926.083
       926.037
        925.99
        925.94
       925.888
       925.834
       925.778
        925.72
       925.661
         925.6
       925.537
       925.474
        925.41
       925.346
       925.281
       925.217
       925.154
       925.093
       925.034
       924.978
       924.927
        924.88
        924.84
       924.806
       924.782
       924.768
       924.765
       924.777
       924.804
       924.849
       924.915
       925.005
        925.12
       925.264
        925.44
       925.649
       925.895
        926.18
       926.508
        926.88
         927.3
        927.77
       928.293
       928.872
       929.508
       930.205
       930.962
       931.781
        932.61
       933.406
       934.175
       934.918
       935.637
       936.333
       937.007
        937.66
       938.291
         938.9
       939.486
       940.048
       940.587
       941.104
         941.6
       942.076
        942.53
       942.962
       943.365
       943.737
        944.08
       944.396
       944.689
       944.953
       945.182
       945.373
       945.517
        945.61
       945.666
       945.724
       945.784
       945.856
       945.949
       946.003
       945.954
       945.799
       945.534
       945.157
       944.664
       944.052
       943.316
       942.452
       941.456
       940.327
       939.065
       937.674
       936.162
       934.541
       932.814
       930.981
        929.05
       927.026
       924.915
       922.719
       920.443
       918.092
       915.683
       913.242
       910.798
       908.364
        905.95
       903.566
       901.224
       898.937
       896.711
       894.558
       892.488
       890.502
         888.6
       886.782
       885.051
       883.405
       881.847
       880.375
       878.991
       877.695
       876.484
        875.36
        874.32
       873.365
       872.493
       871.704
       870.996
       870.371
       869.827
       869.364
       868.981
       868.679
       868.458
       868.321
       868.269
        895.72
       895.719
       895.717
       895.715
       895.712
       895.708
       895.704
         895.7
       895.694
       895.688
       895.681
       895.673
       895.665
       895.655
       895.645
       895.633
       895.621
       895.607
       895.592
       895.576
       895.559
       895.541
       895.521
         895.5
       895.477
       895.452
       895.426
       895.398
       895.369
       895.337
       895.304
       895.269
       895.231
       895.192
        895.15
       895.107
       895.061
       895.013
       894.963
       894.911
       894.857
         894.8
       894.743
       894.683
       894.622
       894.559
       894.495
       894.431
       894.366
       894.301
       894.237
       894.173
       894.111
       894.052
       893.995
       893.943
       893.895
       893.854
       893.819
       893.794
       893.778
       893.774
       893.858
       893.958
       894.076
       894.191
       894.329
       894.493
       894.684
       894.907
       895.163
       895.442
       895.761
       896.122
       896.538
       897.001
       897.515
       898.089
       898.717
       899.404
       900.154
       900.966
        901.84
       902.663
       903.456
        904.22
        904.89
       905.536
       906.161
       906.791
       907.401
           908
       908.625
       909.227
       909.813
       910.388
       910.942
       911.475
       911.965
       912.428
       912.867
       913.264
        913.63
       913.965
       914.266
       914.543
       914.776
        914.97
       915.125
       915.233
       915.294
       915.321
       915.347
       915.366
       915.399
       915.464
       915.509
       915.447
       915.261
       914.965
       914.577
       914.086
       913.476
       912.716
       911.816
       910.794
       909.668
        908.41
       907.023
       905.514
       904.108
       902.488
       900.753
       898.897
       896.872
        894.76
       892.568
       890.333
        888.17
       886.013
       883.825
       881.634
       879.451
       877.285
       875.022
       872.762
       870.557
       868.413
       866.271
       864.195
       862.195
       860.306
       858.561
       856.902
       855.329
         853.8
       852.357
       850.931
       849.533
       848.222
           847
        845.87
       844.824
       843.862
       842.983
       842.187
       841.472
       840.837
       840.284
        839.81
       839.435
       841.432
       841.293
       839.016
       864.798
       864.798
       864.797
       864.795
       864.792
       864.789
       864.785
        864.78
       864.775
       864.768
       864.762
       864.754
       864.745
       864.736
       864.725
       864.714
       864.701
       864.688
       864.673
       864.657
        864.64
       864.621
       864.602
        864.58
       864.557
       864.533
       864.507
       864.479
       864.449
       864.417
       864.384
       864.348
       864.311
       864.271
       864.229
       864.186
       864.139
       864.091
       864.041
       863.988
       863.933
       863.877
       863.818
       863.758
       863.696
       863.632
       863.567
       863.502
       863.436
       863.369
       863.303
       863.238
       863.174
       863.113
       863.054
       862.999
       862.948
       862.904
       862.866
       862.837
       862.817
       862.809
       862.961
       863.131
       863.318
       863.478
        863.66
       863.869
       864.104
        864.37
       864.669
       864.977
       865.325
       865.715
       866.171
       866.674
       867.228
       867.847
       868.522
       869.256
       870.056
       870.918
       871.843
        872.66
       873.448
       874.205
       874.801
       875.373
       875.925
       876.511
       877.075
       877.641
       878.282
       878.899
       879.508
       880.119
       880.709
       881.278
       881.782
       882.254
       882.699
       883.088
       883.446
       883.774
        884.06
       884.321
       884.523
       884.681
       884.799
       884.868
       884.894
       884.895
       884.888
       884.868
       884.862
       884.898
       884.942
       884.872
       884.659
       884.336
       883.942
       883.458
       882.854
       882.073
       881.142
       880.096
       878.979
       877.729
       876.349
       874.847
       873.657
       872.146
       870.508
       868.727
       866.701
       864.587
       862.398
       860.201
       858.224
       856.317
        854.38
       852.439
       850.503
       848.581
       846.437
       844.257
       842.132
       840.068
       837.934
        835.85
       833.834
       831.958
       830.284
       828.697
       827.196
       825.696
       824.283
       822.814
       821.315
       819.903
       818.584
       817.363
       816.227
       815.174
       814.206
        813.32
       812.515
        811.79
       811.146
       810.581
       810.131
       814.354
       814.213
       809.702
       833.929
       833.929
       833.928
       833.926
       833.924
        833.92
       833.916
       833.912
       833.906
         833.9
       833.893
       833.886
       833.877
       833.868
       833.857
       833.846
       833.833
        833.82
       833.805
       833.789
       833.772
       833.753
       833.733
       833.712
       833.689
       833.664
       833.638
        833.61
        833.58
       833.548
       833.515
       833.479
       833.441
       833.401
       833.359
       833.315
       833.268
       833.219
       833.168
       833.115
       833.059
       833.001
       832.942
        832.88
       832.817
       832.752
       832.685
       832.618
       832.549
       832.481
       832.412
       832.344
       832.277
       832.212
       832.149
        832.09
       832.035
       831.985
       831.942
       831.907
       831.881
       831.865
       832.083
       832.319
       832.572
       832.773
       832.997
       833.246
        833.52
       833.826
       834.164
       834.498
       834.871
       835.286
       835.777
       836.316
       836.906
       837.567
       838.285
       839.061
       839.908
       840.819
       841.791
       842.599
       843.381
        844.13
       844.649
       845.145
       845.623
       846.163
       846.683
       847.213
       847.869
       848.501
       849.132
       849.779
       850.404
       851.009
       851.527
       852.007
       852.456
       852.836
       853.186
       853.508
       853.778
       854.022
       854.192
       854.313
       854.391
       854.423
       854.415
       854.389
       854.351
       854.294
       854.252
       854.263
       854.305
        854.23
       853.994
       853.649
       853.252
       852.778
       852.183
       851.386
       850.427
       849.361
       848.256
       847.018
       845.649
       844.156
       843.183
       841.783
       840.243
       838.537
       836.509
       834.391
       832.203
       830.043
       828.251
       826.593
       824.904
        823.21
       821.518
        819.84
       817.811
       815.708
       813.661
       811.676
       809.548
       807.454
       805.421
       803.557
       801.954
       800.438
       799.008
       797.539
       796.154
       794.643
       793.042
       791.529
       790.113
       788.802
       787.574
       786.432
       785.374
       784.398
       783.503
       782.686
        781.95
       781.292
       780.768
       787.224
       787.082
       780.326
       803.107
       803.107
       803.106
       803.104
       803.102
       803.098
       803.094
        803.09
       803.085
       803.078
       803.072
       803.064
       803.055
       803.046
       803.035
       803.024
       803.012
       802.998
       802.983
       802.967
        802.95
       802.931
       802.911
        802.89
       802.867
       802.842
       802.816
       802.788
       802.758
       802.725
       802.691
       802.655
       802.617
       802.577
       802.534
       802.489
       802.442
       802.392
        802.34
       802.286
       802.229
        802.17
       802.109
       802.045
        801.98
       801.913
       801.844
       801.774
       801.703
       801.631
       801.558
       801.486
       801.415
       801.345
       801.277
       801.212
        801.15
       801.094
       801.043
       800.999
       800.964
       800.939
        801.22
       801.518
       801.833
       802.073
       802.334
       802.621
       802.931
       803.272
       803.647
       804.001
       804.395
       804.832
       805.355
       805.926
       806.548
       807.248
       808.004
        808.82
       809.711
       810.666
       811.682
       812.481
       813.253
       813.993
       814.433
       814.852
       815.255
       815.748
        816.22
       816.716
       817.385
       818.031
       818.684
       819.365
       820.026
       820.667
       821.198
       821.685
       822.138
       822.509
        822.85
       823.165
       823.419
       823.645
       823.782
       823.866
       823.905
       823.899
       823.859
       823.805
       823.736
       823.642
       823.566
       823.557
       823.599
       823.522
       823.267
       822.902
       822.507
       822.046
       821.464
       820.653
        819.67
       818.588
       817.498
       816.274
       814.918
       813.435
       812.683
       811.395
       809.953
       808.322
       806.291
       804.169
        801.98
       799.856
       798.248
       796.837
       795.395
       793.946
       792.497
        791.06
       789.146
       787.118
       785.146
       783.239
       781.115
       779.009
       776.958
       775.105
       773.572
       772.127
       770.769
       769.329
       767.973
       766.419
       764.717
       763.102
       761.589
       760.187
       758.869
       757.635
       756.487
       755.421
       754.434
       753.526
       752.696
       751.945
       751.344
       760.043
       759.898
        750.89
       772.326
       772.325
       772.325
       772.323
       772.321
       772.318
       772.314
       772.309
       772.304
       772.298
       772.291
       772.283
       772.275
       772.265
       772.255
       772.244
       772.231
       772.218
       772.203
       772.187
        772.17
       772.151
       772.131
       772.109
       772.086
       772.061
       772.035
       772.006
       771.976
       771.944
       771.909
       771.873
       771.834
       771.793
       771.749
       771.704
       771.655
       771.605
       771.552
       771.496
       771.438
       771.377
       771.314
       771.248
        771.18
       771.111
       771.039
       770.965
        770.89
       770.814
       770.738
        770.66
       770.583
       770.507
       770.432
        770.36
        770.29
       770.225
       770.164
        770.11
       770.064
       770.026
       770.367
       770.725
         771.1
       771.374
        771.67
       771.991
       772.334
       772.707
       773.113
       773.486
       773.897
       774.351
       774.902
       775.501
       776.152
       776.887
       777.678
       778.531
       779.461
       780.458
       781.516
       782.302
       783.064
       783.791
       784.152
       784.492
       784.817
       785.262
       785.686
       786.145
       786.828
       787.487
       788.161
       788.877
       789.573
       790.248
       790.793
       791.285
       791.741
       792.103
       792.437
       792.745
       792.982
       793.191
       793.296
       793.341
       793.339
       793.297
       793.226
       793.144
       793.042
       792.914
       792.806
       792.776
        792.82
       792.745
       792.476
       792.095
       791.705
       791.261
       790.695
       789.874
       788.869
       787.773
         786.7
       785.494
       784.153
       782.682
       782.152
       780.976
       779.634
       778.078
       776.044
       773.916
       771.725
       769.635
        768.21
       767.046
       765.849
       764.644
       763.437
        762.24
       760.439
       758.484
       756.587
       754.756
       752.634
       750.516
       748.446
       746.603
        745.14
       743.766
        742.48
       741.069
       739.742
       738.146
       736.341
       734.625
       733.014
       731.521
       730.112
       728.787
       727.548
        726.39
       725.311
       724.309
       723.385
        722.54
       721.861
        732.81
       732.664
       721.393
       741.581
       741.581
        741.58
       741.578
       741.576
       741.573
       741.569
       741.565
        741.56
       741.554
       741.547
       741.539
       741.531
       741.521
       741.511
       741.499
       741.487
       741.473
       741.459
       741.443
       741.425
       741.407
       741.387
       741.365
       741.342
       741.316
        741.29
       741.261
        741.23
       741.198
       741.163
       741.126
       741.086
       741.045
           741
       740.954
       740.904
       740.853
       740.798
       740.741
       740.681
       740.618
       740.553
       740.485
       740.414
       740.341
       740.265
       740.188
       740.109
       740.028
       739.945
       739.862
       739.778
       739.695
       739.612
        739.53
       739.451
       739.375
       739.303
       739.236
       739.175
       739.122
       739.522
       739.937
       740.368
       740.674
       741.001
       741.353
       741.725
       742.127
       742.561
       742.948
       743.374
       743.842
       744.417
       745.041
       745.716
       746.482
       747.306
       748.191
       749.158
       750.193
        751.29
       752.061
        752.81
       753.524
       753.803
       754.062
       754.309
       754.704
       755.079
         755.5
       756.195
       756.866
       757.562
       758.312
       759.042
       759.753
       760.309
       760.806
       761.266
       761.618
       761.945
       762.246
       762.466
       762.657
       762.729
       762.734
       762.693
       762.614
       762.515
       762.406
       762.277
       762.114
       761.972
       761.916
        761.96
       761.901
       761.622
        761.23
       760.847
       760.422
       759.876
       759.047
       758.023
       756.915
       755.862
       754.675
       753.351
       751.894
       751.587
       750.525
       749.282
       747.801
       745.764
        743.63
       741.436
        739.38
       738.137
       737.217
       736.264
       735.301
       734.335
       733.378
       731.687
       729.805
       727.981
       726.226
       724.106
       721.974
       719.885
       718.052
        716.66
       715.356
       714.142
       712.761
       711.463
       709.824
       707.918
         706.1
       704.391
       702.807
       701.305
       699.888
       698.558
       697.307
       696.135
       695.037
       694.018
       693.076
       692.318
       705.526
       705.378
       691.835
       710.867
       710.867
       710.866
       710.865
       710.863
        710.86
       710.856
       710.852
       710.847
       710.841
       710.834
       710.826
       710.818
       710.808
       710.798
       710.787
       710.774
       710.761
       710.746
        710.73
       710.713
       710.694
       710.674
       710.652
       710.628
       710.603
       710.576
       710.547
       710.516
       710.483
       710.448
        710.41
        710.37
       710.327
       710.282
       710.234
       710.184
       710.131
       710.075
       710.015
       709.953
       709.888
        709.82
       709.749
       709.676
       709.599
       709.519
       709.437
       709.353
       709.266
       709.177
       709.087
       708.995
       708.903
       708.811
       708.719
       708.628
        708.54
       708.454
       708.372
       708.296
       708.226
        708.68
        709.15
       709.635
        709.97
       710.325
       710.704
       711.102
        711.53
       711.989
       712.387
       712.823
       713.301
       713.898
       714.542
       715.238
       716.032
       716.884
       717.798
       718.799
       719.868
           721
       721.755
        722.49
       723.189
       723.384
        723.56
       723.727
       724.071
       724.395
       724.777
       725.484
       726.168
       726.884
       727.667
       728.432
       729.178
       729.746
       730.247
        730.71
       731.053
       731.373
       731.668
       731.869
       732.043
       732.082
       732.047
       731.966
       731.849
       731.721
       731.593
       731.439
       731.245
       731.071
       730.992
       731.046
       730.997
       730.709
       730.306
       729.933
       729.531
       729.006
       728.172
        727.13
       726.013
       724.982
       723.816
        722.51
       721.067
       720.985
       720.038
       718.895
        717.49
       715.448
       713.308
       711.111
       709.086
       708.024
        707.35
       706.639
       705.918
       705.191
       704.472
       702.891
        701.08
       699.329
       697.648
        695.53
       693.385
       691.276
       689.453
       688.131
       686.899
       685.757
       684.406
       683.138
       681.457
       679.449
       677.529
       675.722
       674.045
       672.451
       670.942
       669.518
       668.173
       666.905
       665.711
       664.593
       663.553
       662.714
       678.189
       678.039
       662.216
        680.18
        680.18
       680.179
       680.178
       680.176
       680.173
       680.169
       680.165
        680.16
       680.154
       680.147
        680.14
       680.131
       680.122
       680.112
         680.1
       680.088
       680.074
        680.06
       680.044
       680.026
       680.007
       679.987
       679.965
       679.941
       679.916
       679.889
       679.859
       679.828
       679.794
       679.758
        679.72
       679.679
       679.636
        679.59
       679.541
       679.489
       679.434
       679.376
       679.315
       679.251
       679.183
       679.113
       679.038
       678.961
        678.88
       678.796
       678.709
       678.618
       678.525
       678.429
       678.331
       678.231
       678.129
       678.026
       677.922
       677.819
       677.716
       677.615
       677.517
       677.422
       677.332
       677.839
       678.361
       678.897
       679.258
       679.639
       680.043
       680.463
       680.913
       681.395
       681.799
       682.242
       682.728
       683.342
       684.004
       684.717
       685.535
       686.412
       687.351
       688.381
       689.481
       690.641
       691.381
         692.1
       692.783
       692.892
       692.984
       693.069
        693.36
       693.633
       693.975
       694.693
       695.388
       696.124
       696.942
        697.74
       698.521
       699.099
       699.605
       700.071
       700.406
       700.721
       701.009
       701.192
       701.347
       701.353
       701.279
        701.16
       701.008
       700.856
       700.708
       700.529
       700.306
       700.105
       700.012
       700.075
       700.034
       699.737
       699.325
       698.964
       698.586
       698.084
       697.247
        696.19
       695.065
       694.057
       692.913
       691.627
         690.2
       690.345
       689.512
       688.471
        687.14
       685.094
       682.947
       680.745
       678.752
        677.87
       677.441
       676.974
       676.493
       676.005
       675.522
        674.05
        672.31
       670.631
       669.024
       666.907
       664.749
       662.619
       660.807
       659.556
       658.396
       657.327
       656.006
       654.768
       653.046
       650.936
       648.914
       647.009
        645.24
       643.552
       641.948
        640.43
       638.989
       637.623
        636.33
       635.112
        633.97
        633.05
       650.801
       650.648
       632.535
       649.515
       649.515
       649.514
       649.512
        649.51
       649.507
       649.504
         649.5
       649.494
       649.489
       649.482
       649.475
       649.466
       649.457
       649.447
       649.435
       649.423
        649.41
       649.395
       649.379
       649.361
       649.342
       649.322
         649.3
       649.276
        649.25
       649.223
       649.193
       649.161
       649.127
       649.091
       649.052
        649.01
       648.966
       648.919
       648.868
       648.815
       648.759
       648.699
       648.636
       648.569
       648.499
       648.425
       648.347
       648.265
        648.18
       648.091
       647.998
       647.901
       647.801
       647.697
        647.59
        647.48
       647.368
       647.253
       647.136
       647.019
         646.9
       646.782
       646.665
       646.551
       646.439
       646.996
       647.568
       648.153
       648.537
        648.94
       649.366
       649.806
       650.276
       650.775
       651.184
       651.631
        652.12
       652.748
       653.424
       654.152
        654.99
       655.888
       656.849
       657.904
        659.03
       660.216
       660.937
       661.639
       662.303
       662.325
       662.331
       662.332
        662.57
       662.789
       663.091
       663.819
       664.525
       665.281
       666.132
       666.965
       667.779
       668.368
       668.877
       669.347
       669.675
       669.985
       670.266
       670.432
        670.57
       670.542
        670.43
       670.276
       670.093
       669.917
       669.749
       669.549
         669.3
       669.073
       668.969
       669.043
       669.011
       668.706
       668.287
        667.94
       667.588
       667.112
       666.272
       665.201
        664.07
       663.087
       661.967
       660.701
       659.291
       659.663
       658.946
       658.005
        656.75
         654.7
       652.545
       650.337
       648.373
       647.672
       647.488
       647.263
       647.023
       646.772
       646.526
       645.163
       643.492
       641.885
       640.352
       638.237
       636.065
       633.915
       632.113
       630.934
       629.847
       628.853
       627.563
       626.357
       624.593
       622.381
       620.258
       618.254
       616.392
        614.61
       612.911
       611.296
       609.758
       608.291
       606.895
       605.574
       604.328
       603.324
       623.359
       623.204
       602.788
       618.865
       618.865
       618.865
       618.863
       618.861
       618.858
       618.855
       618.851
       618.846
        618.84
       618.833
       618.826
       618.818
       618.808
       618.798
       618.787
       618.775
       618.761
       618.746
        618.73
       618.713
       618.694
       618.673
       618.651
       618.627
       618.601
       618.573
       618.543
       618.511
       618.477
        618.44
         618.4
       618.357
       618.312
       618.264
       618.212
       618.157
       618.099
       618.037
       617.972
       617.903
       617.829
       617.752
        617.67
       617.585
       617.494
         617.4
       617.301
       617.197
        617.09
       616.977
       616.861
       616.741
       616.617
       616.489
       616.358
       616.225
       616.089
       615.953
       615.816
       615.679
       615.543
       616.149
       616.768
       617.399
       617.804
       618.227
       618.671
       619.129
       619.614
        620.13
       620.539
       620.986
       621.476
       622.114
         622.8
       623.539
       624.395
        625.31
        626.29
       627.367
       628.517
       629.727
       630.423
       631.104
       631.748
        631.68
       631.598
       631.514
       631.697
       631.862
       632.121
       632.859
       633.575
       634.351
       635.235
       636.103
       636.951
       637.549
       638.063
       638.537
       638.859
       639.163
       639.437
       639.586
       639.708
       639.646
       639.498
       639.311
         639.1
       638.903
       638.717
       638.498
       638.223
       637.973
        637.86
       637.946
       637.925
       637.615
       637.191
        636.86
       636.535
       636.087
       635.247
       634.164
       633.028
       632.071
       630.975
       629.731
       628.338
       628.938
       628.338
       627.498
       626.318
       624.262
       622.098
       619.884
        617.95
       617.428
       617.487
       617.503
       617.504
       617.492
       617.483
       616.228
       614.627
       613.092
       611.633
        609.52
       607.333
       605.164
       603.373
       602.267
       601.254
       600.335
       599.079
       597.904
         596.1
       593.788
       591.563
       589.461
       587.506
       585.629
       583.833
        582.12
        580.48
        578.91
       577.408
       575.979
       574.626
       573.533
       595.862
       595.703
       572.972
       588.228
       588.228
       588.227
       588.226
       588.224
       588.221
       588.217
       588.213
       588.208
       588.203
       588.196
       588.189
       588.181
       588.172
       588.161
        588.15
       588.138
       588.125
        588.11
       588.094
       588.076
       588.057
       588.037
       588.014
        587.99
       587.964
       587.936
       587.906
       587.873
       587.838
         587.8
        587.76
       587.716
        587.67
        587.62
       587.568
       587.511
       587.451
       587.387
       587.319
       587.247
       587.171
        587.09
       587.005
       586.914
       586.819
       586.719
       586.614
       586.503
       586.387
       586.266
        586.14
       586.008
       585.872
        585.73
       585.584
       585.434
        585.28
       585.124
       584.965
       584.804
       584.643
       585.294
       585.959
       586.633
       587.056
       587.497
       587.957
       588.429
       588.927
       589.455
       589.862
       590.307
       590.793
       591.439
       592.132
       592.878
       593.748
       594.677
       595.671
       596.767
       597.936
       599.167
       599.833
       600.491
       601.113
       600.954
       600.781
       600.611
       600.737
       600.846
       601.062
       601.809
       602.536
       603.332
       604.249
        605.15
       606.031
       606.639
       607.157
       607.638
       607.954
       608.253
        608.52
       608.653
       608.759
       608.664
       608.482
       608.264
       608.025
       607.811
        607.61
       607.373
       607.077
       606.806
       606.684
       606.778
       606.777
       606.465
       606.038
       605.724
        605.43
        605.01
       604.171
       603.077
       601.937
       601.007
       599.936
       598.714
        597.34
       598.169
       597.686
       596.947
       595.842
        593.78
       591.606
       589.384
       587.477
       587.135
       587.436
       587.694
       587.935
       588.162
       588.391
       587.245
       585.714
        584.25
       582.866
       580.754
       578.553
       576.365
       574.586
       573.554
       572.617
       571.776
       570.554
       569.413
        567.57
       565.158
       562.833
       560.633
       558.584
       556.611
       554.717
       552.903
       551.159
       549.481
       547.868
       546.326
        544.86
       543.675
       568.308
       568.143
       543.081
       557.597
       557.597
       557.596
       557.595
       557.593
        557.59
       557.586
       557.582
       557.578
       557.572
       557.566
       557.558
        557.55
       557.541
       557.531
        557.52
       557.508
       557.495
        557.48
       557.464
       557.446
       557.427
       557.407
       557.384
        557.36
       557.334
       557.305
       557.275
       557.241
       557.206
       557.167
       557.126
       557.082
       557.035
       556.984
        556.93
       556.872
        556.81
       556.744
       556.674
       556.599
       556.519
       556.435
       556.345
        556.25
        556.15
       556.044
       555.932
       555.814
        555.69
       555.559
       555.423
       555.279
        555.13
       554.974
       554.812
       554.644
       554.471
       554.292
        554.11
       553.924
       553.735
        554.43
       555.138
       555.853
       556.293
       556.748
       557.221
       557.704
       558.213
        558.75
       559.152
       559.591
       560.071
       560.721
       561.418
       562.168
       563.048
       563.988
       564.993
       566.103
       567.286
       568.528
       569.156
       569.796
       570.396
       570.142
       569.878
       569.618
       569.686
       569.739
       569.911
       570.667
       571.404
       572.219
        573.17
       574.104
       575.018
       575.636
       576.159
       576.647
       576.957
       577.251
       577.512
        577.63
       577.719
       577.593
       577.378
        577.13
       576.866
       576.638
       576.425
       576.174
       575.859
       575.571
       575.444
       575.549
       575.569
       575.257
       574.829
       574.534
       574.271
       573.881
       573.045
        571.94
       570.797
       569.895
       568.851
       567.652
       566.295
       567.355
       566.988
       566.351
       565.321
       563.251
       561.066
       558.835
       556.955
       556.791
       557.334
       557.833
       558.314
       558.779
       559.247
       558.209
       556.747
       555.356
       554.048
       551.938
       549.723
       547.517
       545.751
       544.796
       543.937
       543.175
        541.99
       540.885
       539.005
       536.495
       534.071
       531.773
       529.632
       527.562
       525.568
        523.65
       521.798
       520.007
       518.277
       516.616
        515.03
       513.745
       540.691
       540.519
       513.109
       526.967
       526.967
       526.967
       526.965
       526.963
       526.961
       526.957
       526.953
       526.949
       526.943
       526.937
        526.93
       526.922
       526.913
       526.903
       526.892
        526.88
       526.867
       526.852
       526.836
       526.819
       526.799
       526.779
       526.756
       526.732
       526.705
       526.677
       526.646
       526.612
       526.576
       526.537
       526.495
        526.45
       526.401
        526.35
       526.294
       526.234
       526.171
       526.102
        526.03
       525.952
       525.869
       525.781
       525.688
       525.588
       525.483
       525.371
       525.252
       525.127
       524.994
       524.854
       524.706
       524.551
       524.387
       524.216
       524.038
       523.851
       523.657
       523.456
       523.249
       523.035
       522.817
       523.555
       524.303
       525.058
       525.511
       525.978
       526.462
       526.954
        527.47
       528.014
       528.407
       528.836
       529.307
       529.958
       530.656
       531.406
       532.293
       533.241
       534.253
       535.374
       536.568
       537.817
       538.409
       539.021
       539.594
       539.243
       538.884
       538.533
       538.542
       538.537
       538.664
       539.429
       540.176
        541.01
       541.994
       542.962
       543.909
       544.536
       545.065
        545.56
       545.866
       546.154
       546.409
       546.511
       546.584
       546.429
       546.184
       545.909
       545.622
       545.384
       545.163
       544.902
       544.572
        544.27
       544.142
       544.266
       544.304
       543.993
       543.564
       543.289
       543.059
         542.7
       541.868
       540.753
       539.608
       538.735
       537.716
       536.541
       535.203
       536.495
       536.245
       535.709
       534.753
       532.675
       530.478
       528.236
       526.383
       526.395
       527.179
       527.918
        528.64
       529.343
       530.048
       529.117
       527.724
       526.406
       525.174
       523.066
        520.84
       518.618
       516.868
       515.992
       515.213
       514.534
       513.388
       512.323
       510.408
       507.802
        505.28
       502.887
       500.653
       498.486
        496.39
       494.366
       492.401
       490.491
       488.637
       486.848
       485.133
       483.739
       513.009
       512.827
       483.046
       496.335
       496.335
       496.334
       496.333
       496.331
       496.328
       496.325
       496.321
       496.316
       496.311
       496.305
       496.298
        496.29
       496.281
       496.271
       496.261
       496.249
       496.235
       496.221
       496.205
       496.188
       496.169
       496.148
       496.125
       496.101
       496.074
       496.045
       496.014
        495.98
       495.943
       495.904
       495.861
       495.815
       495.765
       495.712
       495.655
       495.594
       495.529
       495.458
       495.383
       495.303
       495.217
       495.126
       495.028
       494.924
       494.813
       494.695
        494.57
       494.437
       494.295
       494.146
       493.987
       493.819
       493.642
       493.455
       493.259
       493.053
       492.838
       492.613
        492.38
       492.138
       491.888
       492.666
       493.454
       494.246
        494.71
       495.186
       495.678
       496.175
       496.696
       497.243
       497.625
       498.042
         498.5
       499.148
       499.844
       500.592
       501.483
       502.435
       503.452
       504.582
       505.783
       507.039
       507.582
        508.16
       508.702
        508.25
       507.794
       507.351
       507.299
       507.236
       507.317
       508.091
       508.847
         509.7
       510.718
       511.718
       512.698
       513.336
       513.872
       514.375
       514.675
       514.957
       515.206
       515.294
       515.351
       515.169
       514.897
       514.599
       514.294
       514.048
       513.822
       513.555
       513.214
       512.903
       512.778
       512.925
       512.983
       512.672
       512.244
       511.991
       511.794
       511.468
        510.64
       509.517
        508.37
       507.526
       506.534
       505.383
       504.065
       505.588
       505.456
       505.021
       504.138
        502.05
        499.84
       497.587
       495.757
       495.944
       496.968
       497.946
       498.907
       499.848
        500.79
       499.965
       498.642
       497.397
       496.242
       494.138
       491.902
       489.666
       487.935
        487.14
       486.447
       485.853
        484.75
       483.727
       481.781
       479.082
       476.466
       473.979
       471.654
       469.391
       467.192
       465.057
       462.974
       460.938
        458.95
       457.022
       455.166
       453.649
       485.254
       485.059
        452.88
       465.694
       465.694
       465.693
       465.692
        465.69
       465.688
       465.684
       465.681
       465.676
       465.671
       465.665
       465.658
        465.65
       465.642
       465.632
       465.621
        465.61
       465.596
       465.582
       465.566
       465.549
        465.53
       465.509
       465.487
       465.462
       465.435
       465.406
       465.374
        465.34
       465.303
       465.263
       465.219
       465.172
       465.122
       465.068
       465.009
       464.947
       464.879
       464.807
        464.73
       464.647
       464.558
       464.463
       464.361
       464.253
       464.137
       464.013
       463.881
       463.741
       463.591
       463.432
       463.262
       463.082
       462.891
       462.688
       462.474
       462.248
       462.011
       461.761
         461.5
       461.228
       460.946
       461.763
       462.588
       463.414
       463.887
        464.37
       464.868
       465.368
        465.89
       466.438
       466.805
       467.206
       467.648
       468.291
        468.98
       469.723
       470.615
       471.569
       472.589
       473.724
       474.932
       476.191
       476.674
       477.208
       477.715
       477.159
       476.602
       476.064
       475.952
       475.831
       475.867
       476.648
       477.414
       478.287
       479.337
        480.37
       481.383
       482.032
       482.576
       483.087
       483.381
       483.657
         483.9
       483.971
       484.015
       483.809
       483.511
       483.194
       482.876
       482.626
         482.4
       482.131
       481.785
       481.469
       481.351
       481.525
       481.604
       481.296
        480.87
       480.639
       480.476
       480.184
       479.361
       478.231
       477.083
       476.268
       475.305
       474.179
        472.88
       474.636
        474.62
       474.285
       473.475
       471.377
       469.151
       466.884
       465.076
       465.436
       466.698
       467.914
       469.112
        470.29
       471.469
       470.751
       469.498
       468.326
       467.249
        465.15
       462.907
       460.659
        458.95
       458.241
       457.636
       457.132
       456.077
       455.101
       453.128
       450.341
       447.634
       445.057
       442.642
       440.283
        437.98
       435.733
       433.526
       431.355
       429.221
        427.14
       425.126
       423.468
       457.418
       457.204
       422.591
        435.04
        435.04
       435.039
       435.038
       435.036
       435.034
       435.031
       435.027
       435.023
       435.018
       435.012
       435.005
       434.998
       434.989
        434.98
       434.969
       434.958
       434.945
        434.93
       434.915
       434.898
       434.879
       434.858
       434.835
        434.81
       434.783
       434.754
       434.722
       434.687
        434.65
       434.609
       434.565
       434.518
       434.466
       434.411
       434.351
       434.287
       434.218
       434.144
       434.064
       433.979
       433.887
       433.789
       433.684
       433.571
        433.45
       433.321
       433.183
       433.035
       432.877
       432.708
       432.528
       432.335
        432.13
       431.912
        431.68
       431.434
       431.174
       430.899
        430.61
       430.306
        429.99
       430.844
       431.703
       432.563
       433.042
       433.529
        434.03
       434.529
       435.051
       435.596
       435.945
       436.327
        436.75
       437.384
       438.064
       438.798
       439.688
       440.641
       441.662
       442.802
       444.015
       445.274
        445.69
       446.167
       446.628
       445.961
       445.301
       444.667
       444.494
       444.321
       444.311
       445.098
       445.872
       446.764
       447.848
       448.913
        449.96
        450.62
       451.173
       451.692
       451.978
       452.248
       452.485
       452.539
        452.57
       452.341
       452.022
        451.69
       451.364
       451.114
       450.894
        450.63
       450.283
       449.968
       449.863
       450.067
        450.17
       449.865
       449.441
       449.233
       449.107
       448.849
       448.033
       446.896
       445.749
       444.964
        444.03
       442.929
       441.648
       443.637
       443.738
       443.503
       442.765
       440.654
       438.411
       436.128
       434.338
        434.87
       436.367
       437.818
       439.252
       440.667
       442.082
       441.471
       440.286
       439.189
       438.191
         436.1
       433.851
       431.594
       429.911
       429.292
        428.78
       428.372
        427.37
       426.446
       424.452
       421.582
        418.79
       416.127
       413.627
       411.175
       408.768
       406.404
       404.068
       401.752
       399.458
       397.204
       395.009
       393.185
       429.488
       429.251
       392.157
       404.368
       404.368
       404.368
       404.366
       404.365
       404.362
        404.36
       404.356
       404.352
       404.347
       404.341
       404.335
       404.327
       404.319
        404.31
       404.299
       404.288
       404.275
       404.261
       404.246
       404.229
        404.21
       404.189
       404.166
       404.142
       404.114
       404.085
       404.053
       404.018
        403.98
       403.938
       403.894
       403.845
       403.793
       403.737
       403.676
        403.61
        403.54
       403.464
       403.382
       403.294
         403.2
       403.099
        402.99
       402.873
       402.748
       402.614
        402.47
       402.315
       402.149
       401.972
       401.781
       401.577
       401.358
       401.125
       400.875
       400.609
       400.325
       400.024
       399.706
        399.37
       399.018
       399.907
         400.8
        401.69
       402.173
       402.662
       403.163
        403.66
       404.177
       404.716
       405.043
       405.404
       405.804
       406.426
       407.094
       407.814
       408.699
       409.649
       410.669
       411.815
       413.037
       414.301
       414.657
       415.064
       415.468
       414.687
       413.922
       413.188
       412.949
       412.709
       412.647
       413.436
       414.215
       415.127
       416.245
       417.343
       418.424
       419.098
        419.66
       420.186
       420.464
       420.725
       420.953
       420.989
       421.009
       420.758
       420.422
       420.079
       419.751
       419.509
       419.301
       419.048
        418.71
       418.401
       418.315
       418.554
       418.681
        418.38
       417.958
       417.775
       417.685
       417.464
       416.655
       415.513
       414.366
       413.614
        412.71
       411.633
       410.372
       412.593
        412.81
       412.674
       412.007
       409.882
        407.62
       405.317
       403.543
       404.242
       405.972
       407.656
       409.325
       410.974
       412.626
       412.121
       411.004
       409.981
       409.064
       406.982
        404.73
       402.468
       400.814
       400.292
       399.879
       399.572
       398.629
       397.765
       395.756
        392.81
        389.94
       387.198
       384.619
       382.077
       379.568
       377.087
       374.614
       372.142
       369.671
       367.222
       364.816
       362.792
       401.447
       401.181
        361.55
       373.673
       373.673
       373.673
       373.672
        373.67
       373.668
       373.665
       373.662
       373.658
       373.653
       373.648
       373.641
       373.634
       373.626
       373.617
       373.607
       373.596
       373.583
       373.569
       373.554
       373.537
       373.518
       373.498
       373.475
        373.45
       373.423
       373.393
       373.361
       373.326
       373.287
       373.245
         373.2
       373.151
       373.098
       373.041
       372.979
       372.912
        372.84
       372.762
       372.679
       372.589
       372.492
       372.388
       372.276
       372.156
       372.027
       371.888
       371.738
       371.578
       371.405
       371.219
       371.019
       370.804
       370.572
       370.323
       370.056
        369.77
       369.464
       369.137
       368.789
        368.42
        368.03
       368.954
       369.878
       370.796
       371.279
       371.768
       372.265
       372.757
       373.267
       373.797
       374.099
       374.434
       374.809
       375.415
       376.067
       376.768
       377.643
       378.588
       379.605
       380.759
       381.998
       383.277
       383.585
       383.943
       384.301
       383.408
       382.534
       381.694
       381.373
       381.045
       380.914
       381.692
       382.466
       383.388
       384.529
       385.655
       386.769
       387.462
       388.033
       388.565
       388.832
       389.081
       389.296
       389.313
       389.321
       389.052
       388.701
       388.353
        388.03
       387.805
       387.618
       387.386
       387.064
        386.77
       386.711
       386.993
        387.14
        386.84
       386.422
       386.263
       386.212
       386.028
       385.228
       384.081
       382.938
       382.219
       381.345
       380.294
       379.051
       381.505
       381.839
       381.801
       381.203
       379.063
       376.778
       374.453
        372.69
       373.553
       375.513
       377.426
       379.326
       381.207
       383.094
       382.693
       381.645
       380.697
       379.862
       377.791
       375.539
       373.276
       371.656
       371.236
       370.928
       370.731
       369.855
       369.058
       367.044
       364.031
       361.092
       358.281
       355.632
       353.006
       350.398
         347.8
       345.186
       342.546
       339.879
       337.206
        334.55
        332.28
       373.277
       372.975
       330.737
       342.951
       342.951
        342.95
       342.949
       342.948
       342.946
       342.943
        342.94
       342.936
       342.932
       342.926
        342.92
       342.913
       342.906
       342.897
       342.887
       342.876
       342.864
        342.85
       342.835
       342.818
         342.8
       342.779
       342.757
       342.732
       342.705
       342.675
       342.642
       342.606
       342.568
       342.525
       342.479
        342.43
       342.376
       342.317
       342.254
       342.186
       342.113
       342.034
       341.949
       341.857
       341.758
       341.652
       341.537
       341.414
       341.281
       341.138
       340.984
       340.818
       340.639
       340.446
       340.238
       340.012
       339.769
       339.506
       339.223
       338.918
       338.589
       338.236
       337.858
       337.455
       337.027
       337.983
       338.936
        339.88
        340.36
       340.845
       341.337
       341.821
       342.322
        342.84
       343.109
       343.417
       343.762
       344.351
       344.988
       345.674
       346.547
       347.491
        348.51
       349.669
       350.919
       352.208
       352.474
       352.796
       353.118
       352.119
       351.138
        350.19
       349.788
       349.379
       349.177
       349.937
       350.693
       351.604
       352.749
       353.886
       355.022
       355.714
       356.288
        356.83
       357.081
        357.31
       357.507
       357.501
       357.497
       357.209
       356.847
       356.501
       356.195
       355.997
       355.843
       355.643
       355.346
       355.078
       355.052
       355.382
       355.543
       355.244
       354.829
       354.698
       354.686
       354.542
       353.753
       352.603
       351.464
       350.779
       349.936
       348.911
       347.687
       350.375
       350.825
       350.886
       350.357
       348.199
       345.889
       343.537
       341.781
       342.803
       344.985
       347.122
       349.248
       351.358
       353.478
       353.178
       352.198
       351.327
       350.577
        348.52
       346.272
       344.012
       342.433
       342.121
       341.927
       341.847
       341.046
       340.327
       338.318
        335.25
       332.256
       329.388
       326.679
       323.981
       321.283
        318.57
       315.813
       312.994
        310.11
       307.179
       304.226
       301.646
       344.951
       344.605
       299.679
       312.196
       312.196
       312.195
       312.194
       312.193
       312.191
       312.188
       312.185
       312.182
       312.177
       312.172
       312.167
        312.16
       312.153
       312.144
       312.135
       312.124
       312.112
       312.099
       312.084
       312.067
       312.049
       312.028
       312.006
       311.981
       311.954
       311.924
       311.891
       311.855
       311.816
       311.773
       311.727
       311.676
       311.621
       311.562
       311.498
       311.429
       311.355
       311.274
       311.187
       311.094
       310.993
       310.885
       310.768
       310.643
       310.507
       310.361
       310.203
       310.033
       309.849
        309.65
       309.434
         309.2
       308.947
       308.671
       308.373
        308.05
         307.7
       307.321
       306.912
       306.475
       306.008
       306.995
       307.977
       308.943
       309.414
       309.893
       310.376
       310.849
       311.341
       311.849
         312.1
       312.387
       312.715
       313.296
       313.925
       314.608
       315.479
       316.419
       317.435
       318.595
       319.842
       321.138
       321.363
        321.65
       321.937
       320.833
       319.749
       318.697
       318.217
       317.725
       317.449
       318.184
       318.917
       319.809
       320.956
       322.103
       323.242
       323.912
       324.466
       324.988
       325.206
       325.402
       325.571
       325.539
       325.521
       325.215
       324.844
       324.507
       324.234
       324.078
       323.972
        323.82
        323.56
       323.327
       323.348
       323.705
       323.881
       323.586
       323.178
       323.077
       323.108
       323.005
       322.229
        321.08
       319.946
       319.298
       318.487
       317.489
       316.284
       319.204
        319.77
        319.93
        319.47
       317.294
       314.958
       312.577
       310.821
       311.994
        314.39
       316.742
       319.086
       321.418
       323.767
       323.567
       322.654
        321.86
       321.198
       319.159
        316.92
        314.67
       313.138
       312.942
        312.87
       312.917
       312.202
       311.571
        309.58
       306.472
       303.437
        300.53
       297.779
       295.025
       292.248
        289.43
       286.531
       283.526
       280.404
       277.177
       273.869
       270.899
       316.437
       316.041
       268.343
       281.403
       281.403
       281.402
       281.402
         281.4
       281.398
       281.396
       281.393
        281.39
       281.386
       281.381
       281.376
       281.369
       281.362
       281.354
       281.345
       281.335
       281.323
        281.31
       281.295
       281.279
       281.261
       281.241
       281.218
       281.193
       281.166
       281.136
       281.103
       281.066
       281.027
       280.983
       280.936
       280.885
        280.83
        280.77
       280.705
       280.635
       280.559
       280.477
       280.389
       280.295
       280.193
       280.083
       279.964
       279.837
       279.699
       279.551
       279.391
       279.217
       279.029
       278.826
       278.605
       278.365
       278.103
       277.816
       277.505
       277.167
       276.798
       276.394
       275.951
       275.481
       274.975
       275.992
       277.002
       277.993
       278.468
       278.948
       279.433
       279.906
       280.397
       280.904
       281.141
        281.41
       281.717
       282.287
       282.904
       283.575
       284.439
       285.371
        286.38
       287.537
       288.783
       290.083
       290.264
       290.512
       290.764
        289.56
       288.376
       287.227
       286.675
       286.106
       285.758
        286.47
       287.172
       288.038
       289.179
       290.317
       291.446
       292.081
       292.582
        293.05
       293.202
       293.345
       293.472
       293.408
       293.378
       293.049
       292.666
       292.348
       292.128
       292.042
       292.006
        291.92
       291.709
       291.517
       291.569
       291.943
       292.144
       291.861
       291.466
       291.399
       291.478
        291.42
        290.66
       289.512
       288.387
       287.777
       286.999
       286.027
       284.841
       287.995
       288.678
       288.937
       288.546
       286.353
        283.99
       281.576
       279.815
       281.129
       283.728
       286.282
       288.833
        291.38
       293.953
       293.849
           293
       292.285
       291.714
       289.699
       287.476
       285.241
       283.764
       283.694
       283.752
       283.936
       283.318
        282.79
       280.832
       277.701
       274.647
       271.721
       268.952
       266.163
       263.329
       260.422
        257.39
       254.197
        250.82
       247.259
        243.53
        240.07
       287.699
       287.248
       236.709
       250.567
       250.567
       250.567
       250.566
       250.565
       250.563
       250.561
       250.559
       250.555
       250.552
       250.547
       250.542
       250.536
        250.53
       250.522
       250.513
       250.503
       250.492
       250.479
       250.465
       250.449
       250.431
       250.411
       250.388
       250.363
       250.336
       250.305
       250.272
       250.235
       250.195
       250.152
       250.104
       250.052
       249.996
       249.935
       249.869
       249.798
       249.721
       249.639
        249.55
       249.454
       249.351
        249.24
        249.12
       248.991
       248.853
       248.703
       248.542
       248.366
       248.175
        247.97
       247.746
       247.503
       247.235
       246.936
       246.618
       246.267
       245.883
       245.463
       245.005
       244.514
       243.984
       245.042
       246.086
       247.111
       247.594
       248.076
       248.562
       249.032
       249.518
       250.021
       250.239
       250.486
        250.77
       251.325
       251.924
       252.577
       253.427
       254.345
       255.341
        256.49
       257.731
       259.032
       259.166
       259.376
       259.598
       258.298
       257.023
       255.785
       255.167
       254.526
       254.114
       254.803
       255.475
        256.31
       257.425
       258.534
        259.64
       260.228
       260.669
       261.061
       261.129
       261.189
       261.231
       261.106
       261.057
       260.736
       260.414
       260.159
       260.017
       260.011
       260.032
       259.989
       259.801
       259.626
       259.679
       260.082
       260.325
       260.063
       259.691
       259.666
       259.796
       259.787
       259.046
       257.903
       256.788
       256.217
       255.474
       254.529
       253.361
       256.749
       257.549
       257.908
        257.59
       255.382
       252.993
       250.545
       248.772
       250.214
           253
        255.74
       258.483
       261.232
       264.022
       264.008
       263.222
       262.587
       262.114
       260.129
       257.928
       255.718
       254.304
       254.369
       254.567
       254.898
       254.389
       253.978
        252.07
       248.938
        245.89
       242.976
       240.218
       237.426
       234.566
       231.597
       228.454
       225.083
       221.443
       217.516
       213.296
       209.227
       258.699
       258.189
       204.793
       219.684
       219.684
       219.684
       219.683
       219.682
       219.681
       219.679
       219.676
       219.673
        219.67
       219.666
       219.661
       219.656
        219.65
       219.642
       219.634
       219.625
       219.614
       219.601
       219.587
       219.572
       219.554
       219.534
       219.511
       219.486
       219.459
       219.428
       219.394
       219.357
       219.317
       219.272
       219.224
       219.171
       219.114
       219.052
       218.986
       218.914
       218.836
       218.752
       218.662
       218.566
       218.462
       218.351
        218.23
         218.1
       217.961
       217.812
       217.651
       217.476
        217.28
       217.076
       216.854
       216.611
       216.346
       216.057
       215.746
       215.404
       215.027
        214.61
       214.149
       213.644
       213.092
       214.187
       215.263
       216.315
         216.8
        217.28
       217.761
       218.225
       218.705
         219.2
       219.395
       219.616
       219.872
       220.406
       220.982
       221.609
       222.437
       223.333
       224.308
       225.443
       226.674
       227.973
       228.058
       228.234
       228.431
       227.045
        225.69
       224.373
       223.701
       222.999
        222.53
       223.198
       223.835
       224.629
       225.701
       226.765
       227.833
        228.36
       228.734
       229.054
       229.027
       229.006
       228.986
       228.834
       228.789
       228.508
       228.221
       228.007
       227.918
       227.966
       228.047
       228.029
       227.855
       227.667
       227.717
        228.15
       228.425
       228.194
       227.856
       227.878
       228.063
       228.107
       227.388
       226.254
       225.153
       224.624
       223.917
       222.999
       221.849
       225.468
       226.385
       226.847
       226.606
       224.389
       221.981
       219.499
       217.706
       219.261
       222.213
       225.115
       228.028
       230.959
       233.953
       234.022
       233.297
       232.747
        232.38
       230.433
       228.267
       226.092
       224.752
        224.96
       225.307
       225.794
       225.406
       225.127
       223.291
       220.184
       217.173
       214.306
         211.6
       208.847
       206.004
       203.015
       199.798
       196.279
       192.389
       188.077
       183.306
       178.497
       229.404
       228.833
       172.682
       188.748
       188.748
       188.748
       188.747
       188.747
       188.745
       188.744
       188.741
       188.739
       188.736
       188.732
       188.728
       188.723
       188.717
       188.711
       188.703
       188.694
       188.684
       188.672
       188.658
       188.643
       188.625
       188.605
       188.583
       188.557
        188.53
       188.499
       188.464
       188.427
       188.385
        188.34
       188.291
       188.237
       188.179
       188.116
       188.049
       187.976
       187.898
       187.813
       187.721
       187.624
       187.521
        187.41
       187.289
       187.155
       187.019
       186.872
       186.715
       186.546
       186.365
       186.177
       185.975
       185.755
       185.513
       185.248
       184.956
        184.63
       184.266
       183.857
       183.396
        182.88
       182.306
       183.435
       184.537
       185.609
       186.089
       186.561
       187.033
       187.486
       187.954
       188.437
       188.605
       188.798
       189.022
       189.531
       190.076
       190.669
       191.466
       192.328
       193.272
       194.383
       195.599
       196.892
       196.928
       197.074
       197.255
       195.795
       194.375
       192.997
       192.287
       191.538
        191.02
       191.669
       192.268
       193.014
       194.036
       195.041
       196.043
       196.488
       196.782
       197.037
       196.939
        196.85
        196.84
        196.69
       196.651
       196.379
       196.115
       195.921
       195.842
       195.925
       196.039
       196.054
       195.903
       195.721
       195.771
       196.212
       196.497
       196.273
       195.969
       196.038
        196.28
       196.379
       195.688
        194.57
       193.489
       193.008
       192.339
       191.446
       190.308
       194.152
       195.183
       195.751
       195.596
       193.383
       190.967
       188.462
        186.65
       188.298
       191.385
       194.413
       197.459
       200.545
       203.724
       203.864
       203.198
       202.737
       202.488
       200.595
       198.479
       196.356
       195.103
       195.463
       195.963
       196.611
       196.354
       196.224
       194.483
       191.432
       188.498
       185.724
       183.119
        180.46
       177.692
       174.744
       171.515
       167.905
        163.81
       159.131
       153.772
       148.101
       199.796
       199.163
       140.601
       157.755
       157.755
       157.755
       157.754
       157.753
       157.752
       157.751
       157.749
       157.747
       157.744
       157.741
       157.737
       157.733
       157.728
       157.722
       157.715
       157.706
       157.697
       157.685
       157.672
       157.657
       157.639
        157.62
       157.597
       157.571
       157.543
       157.512
       157.477
       157.438
       157.396
        157.35
         157.3
       157.245
       157.186
       157.121
       157.052
       156.979
       156.901
       156.815
       156.718
       156.623
       156.521
       156.413
       156.298
       156.177
       156.056
       155.929
       155.794
        155.65
       155.497
       155.333
       155.156
       154.963
       154.749
       154.512
       154.247
       153.946
       153.604
        153.21
       152.757
       152.235
       151.639
       152.796
       153.915
       154.996
       155.461
       155.916
       156.372
       156.809
       157.261
        157.73
       157.869
       158.032
       158.221
       158.698
       159.206
       159.755
        160.51
       161.328
       162.226
         163.3
       164.489
       165.771
       165.757
       165.877
       166.055
       164.539
       163.078
       161.663
       160.939
       160.163
       159.605
       160.237
       160.794
       161.483
       162.442
       163.375
         164.3
       164.646
        164.85
       165.048
       164.923
        164.85
       164.848
       164.699
       164.669
       164.391
       164.116
       163.935
       163.883
        163.99
       164.115
       164.134
       163.989
       163.806
       163.849
       164.288
       164.566
        164.34
       164.042
       164.148
       164.443
         164.6
       163.945
       162.852
       161.804
       161.379
       160.753
       159.883
       158.748
       162.802
       163.939
       164.615
       164.558
       162.372
       159.977
       157.473
       155.651
       157.371
       160.546
       163.645
       166.772
       169.969
       173.307
       173.503
        172.89
       172.526
       172.414
       170.597
       168.557
       166.508
       165.355
        165.87
       166.523
       167.334
       167.212
       167.247
       165.627
        162.67
       159.861
       157.237
       154.796
       152.299
       149.679
       146.855
       143.705
       140.101
       135.896
       130.928
       125.009
       118.398
       169.892
       169.196
       108.996
       126.699
       126.699
       126.699
       126.698
       126.698
       126.697
       126.696
       126.694
       126.692
        126.69
       126.687
       126.684
       126.681
       126.676
       126.671
       126.665
       126.657
       126.648
       126.637
       126.624
       126.609
       126.592
       126.572
       126.549
       126.523
       126.494
       126.462
       126.427
       126.387
       126.342
       126.295
       126.245
        126.19
       126.129
       126.058
        125.99
       125.918
        125.84
       125.759
       125.675
       125.592
       125.508
        125.42
       125.328
       125.231
       125.132
       125.028
       124.918
         124.8
       124.675
       124.539
       124.392
        124.23
       124.051
       123.848
       123.618
       123.354
       123.045
       122.681
       122.246
       121.726
       121.108
       122.282
         123.4
       124.475
       124.911
        125.34
       125.773
       126.188
       126.621
       127.073
       127.183
       127.315
       127.468
       127.912
       128.378
       128.874
       129.574
        130.33
       131.164
        132.18
       133.325
       134.583
       134.516
       134.617
       134.809
       133.264
       131.796
       130.383
       129.679
       128.899
       128.318
       128.933
       129.439
       130.055
       130.933
       131.772
       132.611
       132.864
       133.002
       133.169
       133.045
       132.998
        133.02
       132.884
       132.862
       132.559
       132.255
       132.076
       132.058
       132.186
       132.325
       132.316
       132.155
       131.963
       131.966
        132.37
       132.627
       132.382
       132.084
       132.209
       132.548
       132.762
       132.151
       131.102
       130.105
       129.753
        129.18
       128.332
       127.183
       131.414
       132.638
        133.42
       133.483
       131.363
       129.041
       126.586
       124.778
       126.543
       129.743
       132.835
       135.963
       139.202
       142.655
       142.886
       142.327
       142.075
       142.124
       140.418
       138.494
       136.552
       135.517
       136.186
       136.979
       137.938
       137.948
       138.159
       136.689
       133.874
       131.254
       128.851
        126.65
       124.394
       122.012
       119.415
       116.468
       113.019
       108.873
       103.792
       97.4591
       89.9398
       139.771
       139.018
       78.6816
       95.5747
       95.5749
       95.5749
       95.5746
       95.5742
       95.5735
       95.5726
       95.5714
         95.57
       95.5684
       95.5663
       95.5639
       95.5609
       95.5573
        95.553
       95.5476
       95.5409
       95.5325
       95.5222
       95.5099
       95.4956
       95.4787
       95.4587
        95.435
       95.4073
        95.378
       95.3456
       95.3094
       95.2681
       95.2175
       95.1712
       95.1203
       95.0662
       95.0088
       94.9492
       94.8935
       94.8371
       94.7787
       94.7181
       94.6557
       94.5927
       94.5282
       94.4613
       94.3916
        94.319
       94.2434
       94.1641
       94.0803
       93.9909
       93.8951
       93.7914
       93.6779
       93.5526
       93.4126
       93.2529
       93.0683
       92.8512
        92.591
       92.2726
       91.8758
       91.3744
       90.7403
       91.9114
       93.0024
       94.0448
       94.4358
       94.8272
       95.2279
       95.6145
        96.024
       96.4581
       96.5442
       96.6515
       96.7735
       97.1832
        97.601
       98.0363
       98.6657
       99.3394
       100.083
       101.009
       102.077
       103.289
       103.162
       103.249
       103.477
       101.944
       100.526
       99.1711
       98.5333
       97.7864
       97.2009
       97.7976
       98.2379
       98.7579
       99.5203
       100.252
       101.013
       101.201
       101.297
       101.444
       101.313
       101.279
       101.318
       101.193
       101.179
       100.867
       100.547
       100.349
       100.285
       100.397
       100.524
       100.512
       100.335
       100.074
       100.027
       100.399
       100.648
       100.398
       100.075
       100.204
       100.574
       100.845
       100.295
       99.3179
       98.4053
       98.1524
       97.6511
       96.8337
       95.6472
       99.9781
       101.244
       102.119
       102.329
       100.347
       98.1965
       95.8862
       94.1474
       95.9222
        99.052
       102.025
       105.032
         108.2
       111.693
       111.939
        111.44
       111.321
       111.568
       110.028
       108.287
       106.512
       105.622
       106.428
       107.323
       108.393
       108.511
       108.901
       107.618
       105.012
       102.666
        100.57
        98.693
       96.7681
       94.7247
       92.4774
       89.8901
       86.7985
       82.9746
       78.1026
       71.7099
       63.5533
        109.62
       108.829
        51.028
        64.378
       64.3782
       64.3783
       64.3781
       64.3778
       64.3774
       64.3768
        64.376
        64.375
       64.3739
       64.3725
       64.3708
       64.3687
       64.3662
        64.363
       64.3589
       64.3534
        64.346
       64.3359
       64.3239
       64.3105
       64.2942
       64.2745
       64.2501
       64.2168
       64.1883
       64.1558
       64.1204
       64.0825
       64.0431
        64.008
       63.9729
       63.9366
       63.8989
       63.8604
       63.8223
       63.7839
       63.7446
       63.7042
       63.6627
       63.6203
       63.5768
       63.5318
       63.4851
       63.4365
       63.3858
       63.3327
       63.2766
       63.2169
       63.1529
       63.0834
       63.0069
       62.9219
       62.8255
       62.7142
       62.5838
       62.4274
       62.2349
       61.9903
       61.6669
       61.2227
       60.5942
       61.7207
       62.7295
       63.6944
       64.0204
       64.3647
       64.7272
         65.08
       65.4611
       65.8772
       65.9506
       66.0481
       66.1505
       66.5265
       66.8928
       67.2583
       67.8008
       68.3687
       68.9879
       69.7782
       70.7128
       71.8294
       71.6316
       71.7074
       71.9904
        70.545
       69.2705
       68.0627
       67.5524
       66.8858
       66.3233
       66.8869
       67.2404
       67.6362
       68.2701
       68.8911
       69.5555
       69.6732
       69.7309
       69.8605
       69.7264
       69.6965
       69.7435
       69.6222
       69.6135
       69.2986
       68.9646
       68.7262
       68.6129
       68.6598
       68.7555
         68.72
       68.4769
       68.1702
       68.0963
       68.4531
       68.6669
       68.3773
       68.0055
       68.1116
       68.4864
       68.8044
       68.3469
       67.4998
       66.7248
       66.6069
       66.2165
       65.4697
       64.2356
        68.477
       69.6897
       70.6119
       70.9991
       69.2821
       67.4823
        65.505
       63.9597
       65.6884
       68.6015
       71.2956
       74.0045
       76.9117
       80.2932
        80.544
       80.1408
       80.1844
       80.6638
        79.388
       77.9485
       76.4482
        75.747
       76.6407
       77.5573
       78.6534
       78.8285
        79.371
       78.3235
       76.0392
       74.0898
       72.4068
       70.9419
       69.4335
       67.8291
       66.0604
       64.0106
       61.5304
       58.3939
       54.2493
        48.488
       40.4424
       79.7959
       79.0307
        28.212
       33.1035
       33.1037
       33.1037
       33.1036
       33.1035
       33.1033
        33.103
       33.1026
       33.1021
       33.1015
       33.1008
       33.0999
       33.0988
       33.0975
       33.0958
       33.0934
         33.09
       33.0842
        33.073
       33.0603
       33.0495
        33.034
       33.0158
       32.9955
        32.974
        32.957
       32.9402
       32.9225
        32.904
       32.8851
       32.8671
       32.8492
       32.8309
       32.8121
        32.793
       32.7738
       32.7544
       32.7347
       32.7144
       32.6936
       32.6724
       32.6505
       32.6279
       32.6045
       32.5801
        32.555
       32.5292
       32.5017
       32.4723
       32.4409
       32.4059
       32.3671
       32.3237
       32.2743
       32.2171
       32.1501
       32.0682
       31.9649
       31.8275
       31.6325
       31.3301
       30.8001
       31.7697
       32.5865
       33.3856
       33.6427
       33.9412
       34.2636
       34.5776
       34.9186
       35.3035
       35.3928
       35.5115
        35.621
       35.9591
       36.2712
        36.566
       37.0009
        37.438
       37.8979
       38.4853
       39.1857
       40.0885
       39.8471
       39.9027
       40.2129
       39.0197
        38.057
       37.1324
       36.8012
       36.2822
        35.801
       36.2713
       36.5084
        36.763
       37.2323
       37.6846
       38.2005
       38.2584
        38.288
        38.397
       38.2752
       38.2478
       38.2843
       38.1632
       38.1482
       37.8618
       37.5562
       37.3129
       37.1434
       37.1054
       37.1114
       37.0457
       36.7816
       36.4633
       36.3425
       36.5951
       36.7223
       36.4014
       36.0303
       36.0811
       36.3601
       36.6323
       36.2895
       35.6547
       35.1109
       35.1485
       34.9328
       34.3957
       33.2535
        36.865
       37.8552
       38.7082
        39.258
       38.0637
       36.9283
       35.6389
        34.584
       36.1513
       38.5857
       40.7788
       42.9552
       45.2987
       48.2059
       48.5174
       48.3354
        48.573
       49.2503
       48.4199
       47.5006
       46.4884
       46.0644
       46.9117
       47.6945
       48.6419
       48.7978
       49.3803
       48.6504
       46.9195
       45.5518
       44.3964
       43.4121
       42.3879
       41.3076
       40.1354
       38.7976
       37.1989
       35.1853
       32.4867
       28.5402
       22.3315
       50.9149
       50.3467
       13.5159
         1.746
         1.746
         1.746
         1.746
         1.746
         1.746
         1.746
         1.746
         1.746
         1.746
         1.746
         1.746
         1.746
         1.746
         1.746
         1.746
         1.746
         1.746
         1.746
         1.746
         1.746
         1.746
         1.746
         1.746
         1.746
         1.746
         1.746
         1.746
         1.746
         1.746
         1.746
         1.746
         1.746
         1.746
         1.746
         1.746
         1.746
         1.746
         1.746
         1.746
         1.746
         1.746
         1.746
         1.746
         1.746
         1.746
         1.746
         1.746
         1.746
         1.746
         1.746
         1.746
         1.746
         1.746
         1.746
         1.746
         1.746
         1.746
         1.746
         1.746
         1.746
         1.746
       2.15691
       2.57156
       2.98598
       3.26693
       3.54788
       3.82878
       4.10335
       4.37792
       4.65164
       4.84779
       5.04394
       5.24086
       5.49553
       5.75019
       6.00545
       6.29477
        6.5841
        6.8738
       7.18021
       7.48661
       7.78426
       7.77575
       7.76724
       7.74651
       7.34624
       6.94596
       6.55282
        6.3129
       6.07297
       5.89482
        5.9883
       6.08178
       6.21774
       6.42223
       6.62672
       6.83121
       6.91307
       6.96295
       7.00505
       6.97467
       6.94429
        6.9089
       6.81995
       6.73099
       6.56165
       6.36749
       6.17332
       5.98678
       5.82067
       5.65456
        5.4659
       5.24086
       5.01582
       4.85366
       4.78993
       4.70273
       4.51742
        4.3321
       4.26129
       4.26095
        4.2606
       4.11648
        3.9097
       3.74623
       3.75484
       3.76345
       3.77206
       3.78067
       4.96361
       5.56239
       6.10109
         6.519
       6.51674
       6.51448
       6.54192
        6.7778
       7.83656
       9.24748
       10.6584
       12.0693
       13.4695
       14.8579
       15.5414
       16.0064
       16.4714
       16.9364
       16.9967
       16.9644
       16.8896
       16.9697
       17.3731
       17.7764
       18.1797
       18.3471
       18.5077
       18.2733
       17.7115
       17.1497
       16.6091
        16.105
        15.601
       15.0997
       14.6028
       14.1058
       13.6073
       13.1063
       12.6053
       12.1043
        11.701
            24
            24
        11.654
