35                            
0                             1.285                         
1                             1.285                         
2                             1.285                         
3                             1.285                         
4                             1.285                         
5                             1.285                         
6                             1.285                         
7                             1.285                         
8                             1.285                         
9                             1.285                         
10                            1.285                         
11                            1.285                         
12                            1.285                         
13                            1.285                         
14                            1.285                         
15                            1.285                         
16                            1.285                         
17                            1.285                         
18                            1.285                         
19                            1.285                         
20                            1.285                         
21                            1.285                         
22                            1.2356                        
23                            1.1794                        
24                            1.1034                        
25                            1.0852                        
26                            0.99316                       
27                            0.97423                       
28                            0.94296                       
29                            0.92709                       
30                            0.93982                       
31                            0.87337                       
32                            0.85132                       
33                            0.9252                        
34                            0.83838                       
35                            0.872                         
36                            0.94111                       
37                            0.96403                       
38                            1.0555                        
39                            1.0863                        
40                            1.113                         
41                            1.0045                        
42                            1.0142                        
43                            1.0328                        
44                            1.0516                        
45                            1.1607                        
46                            0.97159                       
47                            1.3327                        
48                            1.1809                        
49                            0.9103                        
50                            1.0183                        
51                            1.142                         
52                            1.5043                        
53                            1.3273                        
54                            1.1832                        
55                            1.3232                        
56                            1.2557                        
57                            0.98181                       
58                            1.2098                        
59                            1.5023                        
60                            1.5598                        
61                            1.4132                        
62                            1.19                          
63                            1.0126                        
64                            0.98499                       
65                            0.88157                       
66                            0.94379                       
67                            0.9562                        
68                            0.85707                       
69                            0.9458                        
70                            1.1389                        
71                            1.2822                        
72                            1.2515                        
73                            1.3676                        
74                            1.4139                        
75                            1.3233                        
76                            1.371                         
77                            1.151                         
78                            1.3592                        
79                            1.2536                        
80                            1.1342                        
81                            1.1983                        
82                            1.1562                        
83                            1.0444                        
84                            1.0213                        
85                            0.99751                       
86                            0.95485                       
87                            0.91467                       
88                            0.912                         
89                            0.94436                       
90                            0.92314                       
91                            0.94626                       
92                            0.96712                       
93                            1.0269                        
94                            0.98985                       
95                            1.0084                        
96                            1.0362                        
97                            1.0729                        
98                            1.1197                        
99                            1.2438                        
100                           1.3217                        
101                           1.182                         
102                           1.0268                        
103                           0.90545                       
104                           0.87727                       
105                           0.86135                       
106                           0.89963                       
107                           0.92918                       
108                           0.79384                       
109                           0.64103                       
110                           0.52102                       
111                           0.55271                       
112                           0.63344                       
113                           0.69624                       
114                           0.68904                       
115                           0.69828                       
116                           0.72973                       
117                           0.72108                       
118                           0.69627                       
119                           0.67145                       
120                           0.66968                       
121                           0.67255                       
122                           0.64641                       
123                           0.64707                       
124                           0.66444                       
125                           0.66938                       
126                           0.64855                       
127                           0.64594                       
128                           0.65151                       
129                           0.65077                       
130                           0.64446                       
131                           0.63811                       
132                           0.63271                       
133                           0.64034                       
134                           0.65357                       
135                           0.63481                       
136                           0.63823                       
137                           0.64256                       
138                           0.65905                       
139                           0.73925                       
140                           0.81946                       
141                           0.85489                       
142                           0.86668                       
143                           0.88685                       
144                           0.90037                       
145                           0.8831                        
146                           0.87392                       
147                           0.89568                       
148                           0.90573                       
149                           0.88393                       
150                           0.85683                       
151                           0.82063                       
152                           0.76792                       
153                           0.74214                       
154                           0.74139                       
155                           0.74373                       
156                           0.74947                       
157                           0.75831                       
158                           0.78483                       
159                           0.86069                       
160                           0.83577                       
161                           0.79009                       
162                           0.77087                       
163                           0.765                         
164                           0.766                         
165                           0.766                         
166                           0.76659                       
167                           0.76915                       
168                           0.77145                       
169                           0.773                         
170                           0.77375                       
171                           0                             
172                           0                             
173                           0.774                         
