160                           221.53                        
35                            221.53                        
34                            216.47                        
33                            219.73                        
32                            222.9                         
31                            226.04                        
30                            228.94                        
29                            231.8                         
28                            234.56                        
27                            237.25                        
26                            239.8                         
25                            242.3                         
24                            244.68                        
23                            247.01                        
22                            249.22                        
21                            251.24                        
20                            253.21                        
19                            255.28                        
18                            253.21                        
17                            251.17                        
16                            249.08                        
15                            246.51                        
14                            239.59                        
13                            238.66                        
12                            248.64                        
11                            249.6                         
10                            184.23                        
9                             152.19                        
8                             120.66                        
7                             73.852                        
6                             63.474                        
5                             55.3                          
4                             48.231                        
3                             42.02                         
2                             36.276                        
1                             29.891                        
0                             22.347                        
