160                           89.372                        
35                            89.372                        
34                            89.48                         
33                            89.905                        
32                            90.405                        
31                            90.916                        
30                            91.419                        
29                            91.904                        
28                            92.386                        
27                            92.845                        
26                            93.283                        
25                            93.697                        
24                            94.087                        
23                            94.455                        
22                            94.797                        
21                            95.142                        
20                            95.479                        
19                            95.795                        
18                            96.08                         
17                            96.348                        
16                            96.591                        
15                            82.956                        
14                            75.519                        
13                            68.378                        
12                            54.35                         
11                            52.319                        
10                            31.036                        
9                             27.836                        
8                             27.806                        
7                             22.723                        
6                             21.799                        
5                             21.369                        
4                             20.954                        
3                             20.563                        
2                             20.197                        
1                             19.856                        
0                             19.536                        
