160                           55.944                        
35                            55.944                        
34                            55.717                        
33                            55.767                        
32                            55.919                        
31                            56.128                        
30                            56.38                         
29                            56.635                        
28                            56.898                        
27                            57.182                        
26                            57.485                        
25                            57.805                        
24                            58.16                         
23                            58.56                         
22                            58.977                        
21                            59.412                        
20                            59.824                        
19                            60.227                        
18                            60.642                        
17                            61.072                        
16                            61.515                        
15                            58.817                        
14                            46.758                        
13                            45.14                         
12                            46.387                        
11                            45.564                        
10                            44.978                        
9                             45.959                        
8                             45.038                        
7                             23.401                        
6                             23.78                         
5                             23.234                        
4                             22.617                        
3                             21.973                        
2                             21.321                        
1                             20.669                        
0                             20.02                         
