160                           214.31                        
35                            214.31                        
34                            216.98                        
33                            220.19                        
32                            223.47                        
31                            226.84                        
30                            230                           
29                            233.14                        
28                            236.21                        
27                            239.18                        
26                            242.06                        
25                            244.9                         
24                            247.63                        
23                            250.29                        
22                            252.9                         
21                            255.39                        
20                            257.82                        
19                            260.27                        
18                            262.69                        
17                            265.14                        
16                            267.56                        
15                            264.86                        
14                            258.81                        
13                            252.94                        
12                            260.6                         
11                            263.09                        
10                            209.75                        
9                             165.24                        
8                             126.67                        
7                             71.048                        
6                             58.924                        
5                             50.234                        
4                             42.516                        
3                             35.298                        
2                             28.671                        
1                             22.765                        
0                             17.253                        
