160                           70.796                        
10                            70.796                        
9                             99.258                        
8                             92.232                        
7                             74.052                        
6                             45.677                        
5                             41.31                         
4                             38.91                         
3                             34.277                        
2                             24.381                        
1                             22.271                        
0                             17.812                        
