160                           77.308                        
35                            77.308                        
34                            76.85                         
33                            76.78                         
32                            76.84                         
31                            76.957                        
30                            77.102                        
29                            77.259                        
28                            77.42                         
27                            77.589                        
26                            77.772                        
25                            77.956                        
24                            78.137                        
23                            78.314                        
22                            78.486                        
21                            78.653                        
20                            78.813                        
19                            78.998                        
18                            79.206                        
17                            79.413                        
16                            79.619                        
15                            77.175                        
14                            68.878                        
13                            61.152                        
12                            56.611                        
11                            54.376                        
10                            45.975                        
9                             45.393                        
8                             41.968                        
7                             24.699                        
6                             21.504                        
5                             21.362                        
4                             21.167                        
3                             20.956                        
2                             20.752                        
1                             20.533                        
0                             20.298                        
