1                             
0                             3.2185                        
1                             3.2185                        
2                             3.2185                        
3                             3.2185                        
4                             3.2185                        
5                             3.2185                        
6                             3.2185                        
7                             3.2185                        
8                             3.2185                        
9                             3.2185                        
10                            3.2185                        
11                            3.2185                        
12                            3.2185                        
13                            3.2185                        
14                            3.2185                        
15                            3.2185                        
16                            3.2185                        
17                            3.2185                        
18                            3.2185                        
19                            3.2185                        
20                            3.2185                        
21                            3.2185                        
22                            3.2185                        
23                            3.2185                        
24                            3.2185                        
25                            3.2185                        
26                            3.2185                        
27                            3.2185                        
28                            3.2185                        
29                            3.2185                        
30                            3.2185                        
31                            3.2185                        
32                            3.2185                        
33                            3.2185                        
34                            3.2185                        
35                            3.2185                        
36                            3.2185                        
37                            3.2185                        
38                            3.2185                        
39                            3.2185                        
40                            3.2185                        
41                            3.2185                        
42                            3.2185                        
43                            3.2185                        
44                            3.2185                        
45                            3.2185                        
46                            3.2185                        
47                            3.2185                        
48                            3.2185                        
49                            3.2185                        
50                            3.2185                        
51                            3.2185                        
52                            3.2185                        
53                            3.2185                        
54                            3.2185                        
55                            3.2185                        
56                            3.2185                        
57                            3.2185                        
58                            3.2185                        
59                            3.2185                        
60                            3.2185                        
61                            3.2185                        
62                            3.2141                        
63                            3.2097                        
64                            3.2053                        
65                            3.2024                        
66                            3.1994                        
67                            3.1964                        
68                            3.1935                        
69                            3.1906                        
70                            3.1877                        
71                            3.1856                        
72                            3.1835                        
73                            3.1814                        
74                            3.1787                        
75                            3.176                         
76                            3.1798                        
77                            3.1832                        
78                            3.1866                        
79                            3.19                          
80                            3.1933                        
81                            3.1965                        
82                            3.1998                        
83                            3.2064                        
84                            3.213                         
85                            3.2197                        
86                            3.2304                        
87                            3.2412                        
88                            3.2519                        
89                            3.2609                        
90                            3.2699                        
91                            3.2783                        
92                            3.2838                        
93                            3.2893                        
94                            3.2944                        
95                            3.2987                        
96                            3.303                         
97                            3.3073                        
98                            3.3129                        
99                            3.3189                        
100                           3.357                         
101                           3.4096                        
102                           3.4736                        
103                           3.5759                        
104                           3.6787                        
105                           3.7793                        
106                           3.8803                        
107                           3.9815                        
108                           4.0372                        
109                           4.0693                        
110                           4.1011                        
111                           4.1329                        
112                           4.1172                        
113                           4.093                         
114                           4.0687                        
115                           4.0438                        
116                           4.0179                        
117                           3.9725                        
118                           3.9281                        
119                           3.8837                        
120                           3.8381                        
121                           3.8058                        
122                           3.7804                        
123                           3.7858                        
124                           3.7947                        
125                           3.7042                        
126                           3.5254                        
127                           2.8371                        
128                           2.3781                        
129                           2.1349                        
130                           2.1184                        
131                           2.108                         
132                           2.0983                        
133                           2.0898                        
134                           2.0858                        
135                           2.0819                        
136                           2.0776                        
137                           2.0711                        
138                           2.0558                        
139                           2.0368                        
140                           2.028                         
141                           2.0289                        
142                           2.0299                        
143                           2.031                         
144                           2.0396                        
145                           2.0506                        
146                           2.0615                        
147                           2.0486                        
148                           2.0346                        
149                           2.0216                        
150                           2.009                         
151                           1.9959                        
152                           1.9916                        
153                           1.9873                        
154                           1.9831                        
155                           1.9813                        
156                           1.9798                        
157                           2.0077                        
158                           2.0391                        
159                           2.0705                        
160                           2.1017                        
161                           2.1325                        
162                           2.1633                        
163                           2.194                         
164                           2.2074                        
165                           2.2127                        
166                           2.218                         
167                           2.2237                        
168                           2.2426                        
169                           2.2614                        
170                           2.2792                        
171                           0                             
172                           0                             
173                           2.2822                        
