       971.707
       971.797
       972.076
       972.488
       972.999
       973.586
       974.232
       974.928
       975.664
       976.434
        977.23
        978.05
       978.888
       979.743
       980.613
       981.495
        982.39
       983.296
       984.212
       985.137
       986.071
       987.013
       987.963
       988.919
       989.882
       990.849
       991.822
         992.8
       993.783
       994.772
       995.775
        996.81
       997.936
       999.367
       1001.04
       1002.91
       1004.94
       1007.12
       1009.43
       1011.89
       1014.48
       1017.21
        1020.1
       1023.14
       1026.33
       1029.65
       1033.09
       1036.62
       1040.21
       1043.83
       1047.45
       1051.05
       1054.43
       1057.53
       1060.33
       1062.84
       1065.03
       1066.87
       1068.35
       1069.46
       1070.19
       1070.52
       1070.43
       1069.88
       1068.86
       1067.39
       1065.44
       1063.07
       1060.29
       1057.13
       1053.59
       1049.68
       1045.42
        1040.8
       1035.89
       1030.79
       1025.51
       1020.05
       1014.55
       1009.49
       1004.81
       1000.48
       996.469
        992.73
       989.229
       985.931
       982.808
       979.839
       977.005
       974.285
       971.655
       969.088
       966.555
       964.058
       961.688
       959.395
        957.14
       954.891
       952.621
        950.31
       947.934
       945.478
       942.927
       940.276
       937.527
       934.863
       932.405
       930.114
       928.125
       926.537
       925.308
       924.405
       923.803
       923.442
        923.14
       922.794
       922.411
       922.004
       921.587
       921.181
       920.804
       920.465
       920.171
       919.929
       919.736
       919.588
       919.472
        919.38
       919.302
       919.233
       919.165
       919.092
       919.006
         918.9
       918.764
       918.591
       918.368
       918.081
       917.717
       917.264
       916.712
       916.054
       915.285
       914.403
       913.409
       912.312
       911.124
       909.857
       908.527
       907.149
       905.739
       904.311
        902.88
        901.46
       900.063
       898.703
       897.394
       896.153
       895.002
       893.955
       893.027
       892.226
       891.559
       891.025
       890.622
       890.345
       890.154
       889.927
       889.672
       889.396
       889.134
       888.967
       888.872
       888.845
       942.994
       943.095
       943.376
       943.789
       944.301
       944.889
       945.538
       946.236
       946.936
       947.665
       948.423
       949.203
       950.002
       950.817
       951.647
       952.491
       953.346
       954.211
       955.087
       955.972
       956.865
       957.766
       958.674
       959.588
       960.508
       961.433
       962.362
       963.295
       964.232
       965.174
        966.17
       967.216
       968.377
       969.832
       971.527
       973.413
       975.463
        977.66
       979.995
       982.466
       985.093
       987.959
       990.976
        994.15
       997.382
       1000.73
       1004.19
       1007.74
       1011.35
       1014.99
       1018.66
       1022.29
       1025.66
       1028.76
       1031.58
        1034.1
       1036.31
       1038.16
       1039.65
       1040.77
       1041.51
       1041.85
       1041.78
       1041.24
       1040.25
       1038.79
       1036.87
       1034.52
       1031.77
       1028.63
       1025.11
       1021.21
       1016.98
       1012.39
       1007.52
       1002.46
       997.196
       991.749
       986.299
       981.234
       976.553
       972.229
       968.205
       964.437
       960.907
       957.582
       954.432
       951.454
       948.621
       945.903
       943.275
       940.623
       937.994
       935.412
       932.951
       930.564
       928.213
       925.865
       923.495
       921.081
         918.6
         916.1
       913.515
        910.84
       908.195
       905.668
       903.335
       901.153
       899.238
       897.717
       896.555
       895.718
       895.176
       894.895
       894.667
       894.393
       894.082
       893.781
       893.471
       893.171
       892.891
        892.61
       892.377
       892.198
       892.015
       891.871
       891.761
       891.672
       891.599
       891.533
       891.469
       891.404
       891.328
       891.232
       891.108
       890.947
       890.736
       890.443
       890.034
       889.536
       888.937
        888.23
       887.411
       886.467
       885.408
       884.297
       883.099
       881.822
       880.481
       879.092
       877.671
       876.218
       874.751
       873.296
       871.864
       870.476
       869.141
       867.898
       866.815
       865.826
       864.913
       864.092
       863.342
       862.728
       862.246
       861.894
       861.615
       861.327
       861.074
       860.793
       860.546
       861.879
       861.786
       860.263
       914.212
       914.315
       914.599
       915.016
       915.533
       916.126
       916.783
        917.49
        918.16
       918.858
       919.584
       920.333
       921.101
       921.885
       922.684
       923.495
       924.318
        925.15
       925.992
       926.842
       927.699
       928.563
       929.433
       930.308
       931.188
       932.071
       932.956
       933.843
       934.731
       935.619
       936.598
       937.648
       938.837
       940.305
       942.009
       943.905
       945.963
       948.168
       950.512
       952.992
       955.643
        958.63
       961.772
       965.076
       968.351
        971.72
       975.209
       978.789
       982.433
        986.12
       989.828
       993.459
       996.831
       999.941
       1002.78
       1005.31
       1007.53
        1009.4
       1010.89
       1012.02
       1012.76
        1013.1
       1013.03
        1012.5
       1011.52
       1010.07
       1008.16
       1005.83
       1003.09
       999.955
       996.442
       992.562
       988.345
       983.794
       978.959
        973.93
       968.707
       963.312
       957.908
       952.804
       948.102
       943.766
       939.727
       935.928
       932.372
       929.022
       925.849
       922.866
       920.038
       917.324
       914.702
        911.97
       909.254
       906.587
       904.039
        901.56
       899.109
       896.658
       894.179
       891.648
       889.042
       886.475
       883.824
       881.077
       878.515
       876.128
       873.911
       871.835
        869.97
       868.503
       867.398
       866.622
       866.144
       865.935
       865.779
       865.575
       865.332
       865.136
       864.927
        864.73
       864.545
       864.323
       864.154
       864.045
       863.883
       863.757
       863.665
       863.595
       863.538
       863.489
       863.442
         863.4
       863.348
       863.277
       863.181
       863.048
       862.866
       862.584
       862.145
       861.613
       860.978
       860.232
       859.368
       858.363
       857.233
       856.099
       854.881
       853.582
       852.217
       850.804
       849.359
        847.87
       846.356
       844.856
       843.381
       841.957
       840.589
       839.338
       838.322
       837.392
         836.5
       835.665
       834.843
       834.162
       833.618
       833.207
       832.847
       832.506
        832.26
       831.986
       831.761
       834.622
       834.536
       831.505
       885.356
       885.461
        885.75
       886.172
       886.696
         887.3
       887.968
        888.69
       889.335
       890.008
       890.709
       891.434
       892.178
       892.937
        893.71
       894.495
        895.29
       896.094
       896.906
       897.724
       898.549
       899.378
       900.212
       901.049
       901.889
       902.729
       903.568
       904.406
       905.239
       906.067
       907.026
       908.077
       909.279
       910.748
       912.452
       914.347
       916.405
       918.609
       920.952
       923.432
         926.1
       929.202
       932.464
       935.898
       939.217
       942.614
       946.138
       949.758
       953.446
       957.179
       960.934
       964.564
        967.94
       971.059
       973.906
       976.458
       978.686
        980.56
       982.059
        983.19
       983.926
       984.251
       984.175
       983.647
        982.66
       981.207
         979.3
       976.966
       974.234
       971.098
       967.587
       963.715
       959.514
       954.989
        950.19
       945.204
       940.037
       934.741
       929.343
       924.186
       919.453
         915.1
       911.039
       907.207
       903.625
       900.252
       897.058
       894.072
       891.251
       888.545
       885.933
       883.124
       880.325
       877.573
       874.938
       872.366
       869.814
       867.253
       864.656
       861.997
        859.25
       856.597
       853.858
       851.025
       848.557
       846.272
       844.156
        842.18
       840.348
       838.922
       837.866
       837.147
        836.73
        836.59
       836.503
       836.368
       836.191
       836.096
       835.987
       835.892
       835.803
       835.639
       835.538
       835.507
       835.374
       835.275
       835.212
       835.171
       835.143
       835.122
       835.104
       835.096
       835.081
       835.049
       834.994
       834.904
       834.765
       834.507
       834.049
       833.495
       832.834
       832.055
        831.15
       830.085
       828.883
       827.722
       826.478
       825.148
       823.751
       822.304
       820.827
       819.293
       817.725
       816.172
       814.646
       813.181
       811.777
       810.514
       809.565
       808.697
       807.829
       806.987
       806.101
       805.363
       804.766
       804.305
       803.871
       803.482
       803.252
       802.994
       802.795
       807.207
       807.133
       802.579
       856.427
       856.535
       856.828
       857.259
       857.794
        858.41
       859.093
       859.834
        860.46
       861.112
       861.794
       862.499
       863.223
       863.962
       864.714
       865.476
       866.247
       867.026
        867.81
       868.599
       869.392
       870.188
       870.986
       871.785
       872.582
       873.377
       874.167
       874.951
       875.726
       876.489
       877.422
       878.469
       879.669
       881.129
       882.823
       884.708
       886.756
       888.951
       891.286
       893.758
       896.436
        899.65
        903.03
       906.595
        909.96
        913.39
       916.954
       920.622
       924.365
       928.154
        931.96
       935.579
       938.959
       942.089
       944.949
       947.513
       949.751
       951.632
       953.128
       954.258
       954.983
       955.288
       955.195
       954.655
       953.654
       952.186
       950.267
        947.93
       945.194
       942.049
       938.536
       934.666
       930.474
       925.966
       921.209
       916.266
       911.148
       905.912
       900.553
       895.371
       890.608
       886.234
       882.146
       878.278
       874.668
       871.274
       868.059
       865.072
        862.26
       859.564
       856.965
       854.081
         851.2
       848.365
       845.643
       842.975
       840.318
       837.642
       834.919
        832.12
       829.219
       826.464
       823.624
       820.692
       818.315
       816.117
       814.083
       812.201
       810.392
           809
       807.987
       807.319
       806.961
       806.886
       806.866
       806.798
       806.686
       806.692
       806.683
        806.69
       806.697
       806.595
       806.564
       806.616
       806.517
       806.453
       806.429
       806.426
       806.436
       806.453
       806.473
       806.511
       806.544
       806.562
        806.56
       806.525
        806.44
       806.217
       805.751
       805.184
       804.504
       803.698
       802.757
       801.634
       800.359
       799.169
       797.896
       796.531
       795.095
       793.609
       792.094
       790.508
        788.88
        787.27
       785.689
        784.18
       782.735
       781.461
        780.58
       779.776
       778.935
       778.091
       777.147
       776.359
       775.717
       775.206
       774.707
       774.274
       774.062
       773.824
        773.66
       779.644
       779.584
       773.494
       827.427
       827.537
       827.837
       828.277
       828.825
       829.457
       830.159
       830.922
       831.532
       832.167
       832.833
       833.522
        834.23
       834.952
       835.685
       836.427
       837.176
        837.93
       838.688
       839.449
        840.21
       840.972
       841.732
        842.49
       843.243
       843.989
       844.725
        845.45
       846.161
       846.855
       847.754
       848.791
       849.979
       851.418
       853.094
        854.96
       856.989
       859.168
       861.487
       863.944
       866.628
        869.95
       873.448
       877.143
       880.557
       884.021
       887.632
       891.355
       895.161
       899.027
       902.857
       906.475
       909.865
       913.009
       915.883
        918.46
       920.707
       922.592
       924.084
       925.203
        925.91
       926.187
       926.069
       925.505
       924.482
        922.99
       921.055
       918.703
       915.959
       912.803
       909.282
       905.407
       901.219
       896.728
       892.009
       887.107
       882.034
       876.858
       871.566
       866.364
       861.566
       857.167
       853.049
       849.142
       845.503
       842.086
       838.852
       835.866
       833.065
       830.381
       827.797
       824.839
       821.878
       818.961
       816.148
       813.383
       810.617
        807.82
       804.963
       802.016
       798.948
       796.079
       793.124
       790.086
       787.799
       785.681
       783.721
       781.915
       780.126
       778.763
       777.787
       777.166
       776.863
       776.851
       776.897
       776.895
       776.846
       776.955
       777.046
       777.156
       777.259
       777.219
       777.263
       777.402
       777.343
        777.32
       777.341
       777.383
       777.438
       777.502
       777.569
       777.661
       777.751
       777.829
        777.89
       777.919
         777.9
       777.722
       777.256
       776.684
       775.991
       775.164
       774.191
       773.012
       771.665
       770.445
       769.141
       767.738
       766.261
       764.732
       763.175
       761.535
       759.843
       758.173
       756.535
       754.978
       753.493
       752.206
       751.395
       750.656
       749.846
       749.004
       748.006
       747.176
       746.502
       745.948
       745.374
       744.897
       744.699
       744.493
       744.371
       751.942
       751.899
       744.259
       798.356
       798.468
       798.776
       799.227
       799.789
       800.439
       801.163
       801.951
       802.547
       803.168
       803.821
       804.497
        805.19
       805.896
       806.612
       807.336
       808.064
       808.794
       809.526
       810.257
       810.985
       811.711
       812.432
       813.145
       813.849
       814.542
        815.22
        815.88
       816.519
       817.135
       817.996
       819.015
       820.179
       821.591
       823.237
       825.076
       827.079
       829.233
       831.528
       833.965
       836.649
       840.076
        843.69
       847.517
       850.977
       854.477
       858.137
        861.92
       865.793
       869.729
       873.582
        877.22
        880.63
       883.793
       886.684
       889.274
       891.531
        893.42
       894.904
       896.005
       896.687
       896.928
       896.779
       896.185
       895.128
       893.608
       891.645
       889.272
       886.513
       883.344
        879.81
       875.928
       871.743
       867.273
       862.584
       857.719
        852.69
       847.575
       842.362
       837.156
       832.326
       827.901
        823.75
         819.8
       816.131
       812.691
       809.438
       806.454
       803.666
       800.996
       798.429
       795.399
       792.359
       789.357
       786.454
       783.589
       780.711
       777.789
       774.792
       771.688
       768.444
       765.449
       762.355
       759.214
       757.025
       754.981
        753.09
       751.351
       749.578
       748.238
       747.295
       746.715
       746.464
       746.511
       746.622
       746.686
       746.701
       746.912
       747.105
       747.318
       747.519
       747.543
       747.663
       747.893
       747.878
         747.9
       747.972
       748.065
       748.172
       748.289
        748.41
       748.563
       748.718
       748.864
       748.996
       749.099
       749.153
       749.028
       748.569
       747.998
       747.299
       746.456
       745.454
       744.223
       742.805
       741.556
       740.221
        738.78
        737.26
       735.686
       734.086
       732.389
       730.632
         728.9
       727.203
       725.599
       724.072
       722.774
       722.033
       721.362
       720.585
       719.748
         718.7
        717.83
       717.125
       716.518
       715.883
       715.369
       715.199
       715.025
        714.94
       724.111
       724.085
       714.884
       769.213
       769.329
       769.644
       770.109
       770.687
       771.357
       772.103
       772.918
       773.503
       774.111
       774.752
       775.416
       776.096
       776.788
       777.488
       778.192
       778.899
       779.605
       780.309
       781.009
       781.703
       782.389
       783.066
       783.732
       784.383
       785.017
        785.63
       786.219
       786.779
       787.312
       788.125
       789.121
       790.253
       791.623
       793.231
       795.032
           797
       799.121
       801.386
       803.794
       806.471
       810.001
       813.728
       817.683
       821.188
       824.722
        828.43
       832.275
       836.221
       840.233
       844.118
       847.787
       851.227
       854.417
       857.329
       859.934
         862.2
       864.091
       865.563
       866.642
       867.292
       867.488
       867.302
       866.675
       865.581
       864.024
       862.029
       859.629
       856.849
       853.659
       850.109
       846.218
       842.037
       837.585
       832.923
       828.093
       823.105
       818.046
       812.893
       807.721
       802.877
        798.43
       794.247
       790.253
       786.552
       783.089
       779.817
       776.836
       774.063
        771.41
       768.861
       765.759
        762.64
       759.554
        756.56
       753.595
       750.602
       747.552
        744.41
       741.144
       737.717
       734.592
       731.362
       728.144
       726.024
       724.043
        722.21
       720.536
       718.776
       717.455
       716.538
       715.994
       715.788
       715.889
       716.068
       716.199
       716.278
       716.593
       716.888
       717.204
       717.506
       717.595
       717.793
       718.117
       718.148
       718.219
       718.345
       718.493
       718.657
       718.832
       719.013
       719.233
       719.459
       719.679
        719.89
       720.073
       720.208
       720.142
       719.697
       719.133
       718.433
       717.579
       716.552
        715.27
       713.783
       712.508
       711.142
       709.663
       708.101
       706.483
       704.838
       703.084
       701.262
       699.467
       697.712
       696.061
       694.493
       693.183
       692.515
       691.914
       691.172
       690.342
       689.245
       688.337
       687.602
       686.939
       686.247
       685.701
       685.562
       685.424
       685.376
       696.159
        696.15
       685.377
       739.999
       740.118
       740.442
        740.92
       741.516
       742.206
       742.978
       743.821
       744.395
       744.992
       745.622
       746.274
       746.942
       747.619
       748.302
       748.987
       749.672
       750.352
       751.026
       751.692
       752.348
       752.992
       753.622
       754.234
       754.827
       755.396
       755.938
       756.448
       756.922
       757.363
       758.122
        759.09
       760.177
       761.494
       763.051
       764.805
       766.728
       768.806
       771.032
       773.404
       776.066
       779.692
       783.527
       787.607
        791.15
       794.711
       798.464
        802.37
       806.402
       810.505
       814.432
       818.148
        821.63
       824.853
       827.791
       830.414
       832.689
        834.58
       836.039
        837.09
         837.7
       837.847
       837.617
       836.951
       835.814
       834.215
       832.185
       829.757
       826.951
       823.731
       820.163
       816.262
       812.084
       807.649
       803.015
        798.22
       793.273
       788.274
       783.203
       778.086
       773.226
       768.752
       764.539
       760.501
       756.766
       753.279
        749.99
       747.014
       744.259
       741.624
       739.097
       735.923
       732.724
       729.556
       726.472
       723.405
       720.297
       717.116
       713.826
       710.394
        706.78
       703.522
       700.159
        696.87
       694.813
       692.891
       691.111
       689.502
        687.75
       686.442
       685.546
       685.033
       684.864
       685.003
       685.261
       685.462
       685.608
       686.026
       686.424
       686.844
       687.246
       687.401
       687.679
       688.099
       688.178
         688.3
       688.482
       688.689
       688.913
        689.15
       689.395
       689.687
       689.989
       690.289
       690.583
       690.852
       691.074
       691.073
       690.646
       690.094
       689.398
       688.536
       687.489
       686.159
       684.606
       683.306
       681.912
       680.397
       678.793
       677.131
       675.444
       673.634
       671.747
       669.891
       668.078
        666.38
       664.773
       663.454
        662.86
        662.33
       661.626
       660.804
       659.659
       658.713
       657.945
       657.227
       656.479
       655.901
       655.791
       655.695
       655.687
       668.092
       668.101
       655.744
       710.711
       710.833
       711.167
       711.659
       712.273
       712.985
       713.782
       714.655
       715.219
       715.804
       716.423
       717.065
        717.72
       718.382
       719.047
       719.712
       720.372
       721.024
       721.666
       722.295
       722.909
       723.506
       724.083
       724.637
       725.165
       725.662
       726.125
       726.548
       726.928
       727.267
        727.96
       728.885
       729.924
       731.182
       732.675
        734.37
       736.238
       738.262
       740.438
       742.763
         745.4
       749.115
       753.051
       757.248
       760.818
       764.395
       768.178
       772.132
       776.227
       780.457
       784.477
       788.268
       791.808
       795.075
       798.044
       800.687
       802.971
       804.861
       806.303
       807.323
       807.887
       807.979
       807.702
       806.991
       805.804
       804.162
       802.096
       799.636
       796.801
       793.552
       789.964
       786.048
       781.868
       777.453
       772.847
       768.086
       763.181
       758.244
       753.252
       748.171
       743.329
       738.853
       734.618
        730.54
       726.773
       723.263
       719.958
       716.989
       714.253
        711.64
       709.137
       705.894
       702.618
       699.367
       696.195
       693.028
       689.804
        686.49
       683.051
       679.449
       675.644
       672.249
       668.757
       665.404
       663.414
       661.549
       659.826
       658.279
       656.532
       655.231
       654.351
       653.863
       653.727
       653.902
       654.236
       654.507
       654.717
       655.239
       655.739
       656.263
       656.766
       656.986
       657.345
       657.862
       657.989
       658.163
       658.404
       658.672
       658.959
       659.261
       659.573
        659.94
       660.322
       660.705
       661.087
       661.447
       661.759
       661.829
       661.425
       660.889
         660.2
       659.335
        658.27
       656.896
       655.279
       653.957
       652.537
       650.988
       649.345
       647.642
       645.914
        644.05
       642.099
       640.184
       638.315
       636.573
       634.928
       633.601
       633.083
       632.628
       631.961
       631.149
       629.957
       628.972
       628.164
       627.395
       626.591
        625.98
       625.899
       625.846
       625.878
       639.916
       639.942
       625.993
       681.345
        681.47
       681.815
       682.321
       682.954
       683.689
       684.512
       685.414
       685.968
       686.543
       687.151
        687.78
       688.421
       689.068
       689.714
       690.356
        690.99
       691.612
       692.218
       692.806
       693.374
       693.919
       694.438
       694.927
       695.383
       695.801
       696.176
       696.503
       696.777
       697.004
       697.618
       698.488
       699.468
       700.655
       702.076
       703.701
       705.502
       707.461
       709.574
       711.839
        714.44
       718.235
       722.262
       726.565
       730.147
        733.72
       737.512
        741.49
       745.645
       750.064
       754.224
       758.117
       761.733
       765.054
        768.06
       770.725
       773.019
       774.907
       776.329
       777.312
       777.828
       777.859
       777.528
       776.767
       775.532
       773.846
       771.738
       769.242
        766.38
       763.102
       759.493
       755.561
       751.382
       746.984
       742.404
       737.678
       732.814
       727.936
       723.013
       717.982
       713.184
       708.732
       704.483
        700.37
       696.572
        693.04
        689.72
       686.761
       684.048
        681.46
       678.985
       675.676
       672.324
       668.995
       665.736
       662.469
        659.13
       655.684
       652.094
        648.32
       644.318
       640.771
       637.163
       633.766
       631.847
       630.041
       628.377
       626.897
       625.159
       623.853
       622.983
       622.518
       622.415
       622.634
       623.029
       623.363
       623.635
       624.259
       624.859
       625.488
       626.091
       626.377
       626.816
       627.429
       627.606
       627.832
       628.132
       628.463
       628.813
       629.181
       629.563
       630.008
       630.471
       630.941
       631.414
       631.868
       632.275
       632.418
        632.04
       631.523
       630.846
       629.981
       628.901
       627.486
       625.808
       624.468
       623.025
       621.445
       619.765
       618.024
       616.258
       614.342
       612.331
       610.359
       608.437
       606.653
       604.973
        603.64
       603.201
       602.821
       602.195
       601.394
       600.157
       599.134
       598.289
       597.459
       596.595
       595.948
         595.9
       595.886
       595.958
       611.635
        611.68
       596.129
       651.895
       652.025
       652.379
       652.901
       653.552
        654.31
       655.159
       656.092
       656.636
       657.199
       657.796
       658.412
       659.039
       659.668
       660.294
       660.911
       661.516
       662.104
       662.671
       663.214
       663.731
       664.218
       664.673
        665.09
       665.467
       665.797
       666.075
       666.297
       666.455
       666.556
        667.08
       667.884
       668.789
       669.894
       671.232
       672.774
       674.493
       676.373
       678.409
         680.6
        683.15
       687.012
       691.118
       695.515
       699.091
       702.636
       706.402
        710.35
       714.682
       719.308
       723.647
        727.67
       731.376
        734.76
       737.808
       740.498
       742.801
       744.684
       746.082
       747.027
       747.491
       747.457
       747.069
       746.259
       744.973
       743.236
       741.081
        738.55
        735.66
       732.356
       728.726
        724.78
       720.604
       716.222
        711.67
       706.982
       702.161
       697.348
       692.499
       687.542
        682.79
       678.372
       674.122
       669.983
        666.16
       662.608
       659.275
       656.329
       653.645
       651.086
       648.644
       645.272
       641.849
       638.445
       635.103
       631.739
       628.288
       624.712
       620.972
       617.027
       612.829
       609.131
       605.453
       601.991
       600.139
       598.388
       596.788
       595.389
       593.647
       592.331
       591.469
       591.023
       590.953
       591.215
       591.665
       592.057
       592.388
       593.111
       593.811
       594.544
       595.246
       595.597
       596.115
       596.824
       597.049
       597.328
       597.688
        598.08
       598.495
        598.93
       599.381
       599.904
       600.451
       601.009
       601.575
       602.125
       602.629
       602.848
       602.499
       602.004
       601.341
       600.479
       599.388
       597.935
       596.199
       594.844
       593.383
       591.775
       590.062
       588.286
       586.485
       584.522
       582.454
       580.429
       578.457
       576.635
       574.922
       573.587
       573.228
       572.926
       572.341
       571.553
       570.273
       569.223
       568.325
       567.429
       566.499
       565.807
       565.788
       565.821
       565.932
       583.257
       583.318
       566.158
       622.354
       622.488
       622.853
       623.389
        624.06
       624.841
       625.717
       626.679
       627.213
       627.764
       628.348
       628.951
       629.562
       630.172
       630.775
       631.365
       631.938
       632.489
       633.013
       633.507
       633.967
       634.391
       634.775
       635.114
       635.403
       635.636
       635.808
       635.912
       635.942
       635.907
       636.331
       637.059
       637.874
        638.88
       640.117
       641.561
       643.183
       644.967
       646.909
       649.008
       651.489
       655.405
       659.577
       664.055
       667.606
       671.101
       674.809
       678.787
       683.332
       688.136
       692.723
       696.901
        700.71
       704.163
       707.256
       709.971
       712.282
       714.159
       715.528
       716.429
       716.837
       716.735
        716.29
        715.43
       714.092
       712.304
       710.106
       707.537
       704.618
       701.284
       697.637
       693.681
       689.507
       685.141
       680.626
        675.98
       671.211
       666.468
       661.699
       656.826
       652.125
       647.761
        643.53
       639.374
       635.534
       631.967
       628.623
       625.695
       623.043
        620.52
       618.116
       614.687
       611.199
       607.725
       604.302
       600.846
       597.286
       593.584
       589.699
       585.587
       581.201
       577.378
       573.634
       570.107
       568.321
       566.625
       565.085
       563.749
       562.006
        560.69
       559.834
       559.407
       559.365
       559.667
       560.167
       560.614
       561.002
       561.824
       562.622
       563.457
       564.257
       564.671
       565.266
        566.07
       566.342
       566.673
        567.09
       567.544
       568.022
       568.522
       569.043
       569.644
       570.274
       570.921
       571.581
       572.228
       572.831
       573.128
       572.809
       572.339
       571.692
       570.835
       569.736
       568.248
       566.459
       565.093
       563.616
       561.985
       560.244
       558.437
       556.607
         554.6
        552.48
       550.406
       548.389
       546.531
       544.791
       543.455
        543.18
       542.956
       542.415
       541.639
       540.313
       539.223
       538.271
       537.313
       536.317
        535.58
       535.595
       535.663
       535.809
       554.785
       554.862
       536.082
        592.71
       592.848
       593.223
       593.775
       594.465
       595.269
       596.172
       597.164
       597.687
       598.225
       598.796
       599.384
       599.977
       600.566
       601.144
       601.705
       602.243
       602.754
       603.231
       603.671
       604.071
       604.426
       604.732
       604.984
       605.177
       605.303
       605.357
       605.332
       605.224
       605.039
       605.349
       605.991
       606.703
       607.592
       608.709
       610.035
        611.54
        613.21
       615.038
       617.025
       619.417
       623.371
       627.592
       632.136
       635.648
       639.087
       642.759
       646.982
       651.693
       656.705
       661.477
       665.795
       669.705
       673.228
       676.366
       679.107
       681.425
       683.292
       684.627
       685.477
       685.826
       685.654
       685.153
       684.239
       682.849
       681.013
       678.777
       676.174
       673.225
       669.865
       666.202
       662.235
       658.061
       653.726
       649.257
        644.66
       639.948
       635.281
       630.597
       625.813
       621.198
       616.894
       612.699
       608.533
       604.685
       601.109
        597.76
       594.854
       592.241
        589.76
       587.403
       583.922
       580.376
       576.839
       573.341
       569.799
       566.136
       562.315
        558.29
       554.016
       549.438
       545.513
       541.724
       538.137
       536.417
        534.78
       533.299
        532.02
       530.274
       528.959
        528.11
       527.696
       527.677
       528.014
       528.559
        529.06
       529.504
       530.423
       531.318
       532.253
       533.149
       533.624
       534.295
       535.192
       535.508
       535.888
       536.361
       536.873
       537.413
       537.977
       538.565
       539.243
       539.956
        540.69
       541.443
       542.188
        542.89
       543.266
       542.978
       542.534
       541.905
       541.058
       539.953
       538.434
       536.593
       535.221
       533.734
       532.084
        530.32
       528.488
       526.632
       524.588
       522.421
       520.303
       518.245
       516.358
       514.592
        513.26
       513.071
       512.929
       512.431
       511.667
       510.294
       509.165
        508.15
       507.127
       506.061
        505.28
       505.323
       505.419
       505.594
       526.224
       526.316
       505.908
       562.947
       563.089
       563.474
       564.042
       564.752
       565.579
       566.509
       567.531
       568.042
       568.566
       569.122
       569.694
       570.269
       570.836
       571.387
       571.916
       572.417
       572.884
       573.311
       573.693
       574.026
       574.306
       574.528
       574.686
       574.774
       574.784
        574.71
       574.543
       574.282
        573.93
        574.11
       574.648
       575.247
       576.003
       576.978
       578.165
       579.534
       581.067
       582.759
        584.61
       586.888
       590.861
       595.111
       599.703
       603.154
       606.516
       610.376
       614.894
       619.776
       624.942
       629.872
       634.318
       638.323
       641.913
       645.094
       647.859
       650.182
       652.034
       653.328
       654.126
       654.413
       654.169
       653.611
       652.643
       651.201
       649.325
       647.053
        644.42
       641.449
       638.067
       634.391
       630.417
        626.26
       621.961
       617.539
       612.999
       608.351
       603.768
       599.184
       594.519
       589.977
       585.736
       581.594
       577.442
         573.6
       570.029
       566.683
       563.804
       561.238
       558.807
       556.503
       552.977
        549.38
       545.787
       542.225
       538.606
        534.85
       530.917
       526.762
       522.334
       517.576
       513.598
       509.755
       506.108
       504.458
       502.881
       501.462
       500.239
       498.491
       497.174
       496.326
        495.92
       495.915
       496.276
       496.861
       497.419
        497.92
       498.936
       499.928
        500.96
       501.949
       502.483
       503.227
       504.212
       504.571
       504.996
       505.522
       506.089
       506.687
       507.313
       507.965
       508.717
        509.51
        510.33
       511.175
       512.016
       512.816
        513.27
       513.015
       512.598
       511.989
       511.152
       510.045
       508.497
        506.61
       505.235
       503.743
        502.08
       500.299
       498.447
       496.573
       494.497
       492.289
       490.133
        488.04
       486.128
       484.343
       483.018
       482.917
       482.859
       482.406
       481.656
       480.235
       479.063
       477.978
       476.884
       475.743
       474.906
       474.975
       475.094
       475.291
       497.577
       497.681
       475.635
       533.044
        533.19
       533.586
       534.169
       534.899
        535.75
       536.706
       537.759
       538.258
       538.766
       539.308
       539.863
       540.417
        540.96
       541.484
       541.979
       542.441
       542.861
       543.234
       543.554
       543.816
       544.016
       544.148
       544.204
       544.178
       544.062
       543.848
       543.527
       543.099
       542.563
       542.596
       543.008
        543.47
       544.077
       544.893
       545.921
       547.129
         548.5
        550.03
       551.718
       553.855
       557.822
       562.077
        566.69
       570.048
       573.532
       577.749
       582.481
        587.49
       592.748
       597.848
       602.418
       606.515
       610.168
        613.39
       616.173
       618.496
        620.33
       621.581
       622.323
       622.543
       622.226
       621.608
       620.591
       619.104
       617.188
       614.883
       612.227
       609.242
       605.846
       602.165
       598.198
       594.065
       589.809
       585.441
       580.965
        576.39
         571.9
       567.421
       562.859
       558.413
       554.258
       550.194
       546.079
       542.265
       538.713
        535.38
        532.54
       530.028
       527.656
       525.415
       521.853
       518.212
       514.574
        510.96
       507.276
       503.438
       499.405
       495.131
       490.565
       485.657
       481.639
       477.749
       474.049
       472.473
       470.961
       469.606
       468.442
       466.692
        465.37
       464.519
       464.111
       464.108
       464.474
       465.081
       465.714
       466.279
       467.393
       468.479
       469.607
       470.686
       471.274
       472.086
       473.156
       473.553
        474.02
       474.594
       475.212
       475.863
       476.546
       477.259
       478.081
        478.95
       479.853
       480.786
       481.721
       482.619
       483.151
       482.926
       482.537
       481.949
       481.124
       480.018
       478.445
       476.515
       475.143
       473.651
       471.982
       470.189
       468.325
        466.44
       464.339
       462.097
       459.911
       457.789
       455.859
       454.059
       452.747
       452.738
       452.765
       452.358
       451.623
       450.156
       448.934
       447.772
       446.599
       445.374
       444.473
       444.562
       444.695
       444.907
       468.847
        468.96
       445.267
       502.974
       503.124
       503.531
        504.13
        504.88
       505.754
       506.737
       507.821
       508.306
       508.799
       509.325
       509.862
       510.396
       510.915
       511.408
       511.869
       512.289
       512.661
       512.978
       513.233
       513.421
       513.536
       513.571
       513.519
       513.371
       513.119
       512.753
       512.264
       511.654
       510.917
       510.785
        511.05
       511.354
       511.791
       512.427
        513.27
        514.29
       515.472
       516.809
       518.303
       520.269
       524.203
       528.431
       533.025
       536.455
       540.321
       544.777
       549.667
       554.777
       560.099
       565.351
       570.039
       574.222
       577.934
        581.19
       583.987
       586.304
       588.113
       589.317
       589.999
       590.151
       589.756
       589.084
       588.022
       586.492
       584.539
       582.206
       579.535
       576.548
        573.15
       569.478
       565.529
       561.432
       557.229
       552.925
       548.525
       544.035
       539.649
       535.284
       530.836
       526.517
       522.455
       518.484
       514.435
       510.662
       507.146
       503.845
       501.053
       498.605
       496.303
       494.137
       490.548
        486.87
       483.205
       479.552
       475.816
       471.909
        467.79
       463.408
       458.711
       453.683
       449.651
       445.727
       441.985
       440.489
       439.046
       437.761
        436.66
       434.918
       433.584
       432.724
       432.308
       432.291
       432.623
        433.27
       433.985
       434.615
       435.827
       437.004
       438.223
       439.387
       440.024
         440.9
       442.051
        442.48
       442.983
         443.6
       444.265
       444.964
       445.698
       446.465
       447.352
       448.293
       449.273
       450.291
       451.317
       452.308
       452.916
       452.721
       452.359
       451.792
       450.981
       449.878
       448.283
       446.315
       444.952
       443.467
       441.798
       440.002
       438.133
       436.245
       434.128
       431.861
       429.652
        427.51
       425.568
       423.761
       422.466
       422.552
       422.666
       422.308
       421.589
       420.084
       418.794
       417.548
       416.289
       414.969
       413.997
       414.096
       414.231
       414.445
       440.036
       440.154
       414.801
         472.7
       472.855
       473.273
       473.888
       474.658
       475.556
       476.568
       477.683
       478.154
       478.631
        479.14
       479.659
       480.172
       480.666
        481.13
       481.555
       481.933
       482.256
       482.514
       482.702
       482.813
        482.84
       482.775
       482.609
       482.333
       481.936
       481.408
       480.737
       479.928
        478.97
       478.653
       478.756
       478.882
       479.123
       479.552
       480.182
       480.983
       481.942
       483.052
       484.318
       486.081
       489.952
       494.125
       498.856
       502.679
       506.794
       511.414
       516.409
       521.584
        526.96
       532.307
       537.107
       541.373
       545.138
       548.423
       551.226
        553.53
       555.306
       556.459
       557.079
        557.16
        556.69
       555.966
       554.862
       553.295
       551.314
       548.966
       546.289
       543.308
       539.918
        536.27
       532.353
       528.307
       524.174
       519.949
        515.64
       511.251
       506.984
       502.747
       498.428
       494.256
       490.305
       486.441
       482.476
        478.77
        475.31
       472.057
        469.33
        466.96
       464.741
       462.663
        459.06
       455.359
       451.682
       448.006
       444.233
       440.272
       436.082
       431.611
       426.801
       421.707
       417.664
       413.718
       409.944
       408.536
        407.17
       405.958
       404.924
       403.195
       401.851
       400.983
       400.557
       400.527
       400.845
       401.492
       402.274
       402.965
       404.269
       405.532
       406.837
        408.08
       408.763
       409.697
       410.922
       411.378
       411.911
       412.565
       413.268
       414.009
       414.787
       415.602
       416.548
       417.553
       418.605
       419.702
       420.813
       421.895
       422.574
       422.408
       422.071
       421.526
        420.73
       419.633
       418.021
        416.02
       414.671
         413.2
       411.539
       409.748
       407.884
       406.002
       403.879
       401.596
       399.374
        397.22
       395.275
       393.467
       392.196
       392.381
       392.585
       392.276
       391.569
       390.011
       388.654
       387.326
       385.973
       384.541
       383.498
       383.592
       383.713
       383.913
       411.145
       411.262
       384.237
        442.18
       442.339
       442.768
       443.399
       444.189
       445.113
       446.152
         447.3
       447.757
       448.217
        448.71
       449.211
       449.702
       450.171
       450.606
       450.996
       451.333
       451.606
       451.807
       451.928
       451.961
       451.898
        451.73
       451.448
       451.039
       450.491
       449.791
       448.928
       447.904
       446.707
       446.189
       446.112
       446.038
       446.057
       446.243
       446.625
       447.172
       447.869
       448.712
       449.706
       451.239
       455.016
        459.33
        464.55
       468.656
       472.901
       477.605
       482.645
        487.83
       493.181
       498.567
       503.532
       507.886
       511.699
       515.003
       517.803
       520.085
       521.822
       522.917
        523.47
       523.482
        522.94
       522.167
       521.027
       519.436
       517.444
       515.094
       512.425
       509.463
       506.098
       502.485
       498.615
       494.639
       490.594
       486.468
       482.266
       477.997
       473.867
       469.777
       465.604
       461.589
       457.784
       454.039
       450.176
       446.563
       443.181
       439.999
       437.358
       435.081
       432.959
       430.985
       427.386
       423.684
       420.009
       416.324
       412.529
       408.533
       404.292
       399.752
       394.863
       389.735
       385.699
       381.746
       377.956
       376.646
       375.368
       374.236
       373.273
        371.55
       370.209
       369.335
         368.9
       368.856
       369.158
        369.79
        370.62
       371.364
       372.754
       374.098
       375.482
       376.799
        377.52
       378.506
       379.796
       380.273
       380.829
       381.511
       382.246
       383.021
       383.835
       384.691
       385.686
       386.748
       387.863
       389.032
       390.222
       391.389
       392.136
       391.994
       391.681
       391.158
       390.379
        389.29
       387.665
       385.636
       384.309
        382.86
       381.216
        379.44
       377.591
       375.727
       373.608
        371.32
       369.096
       366.941
       365.002
       363.202
       361.961
        362.25
       362.546
       362.286
       361.592
       359.981
       358.548
       357.135
       355.685
        354.14
       353.008
       353.071
       353.154
       353.315
       382.175
       382.284
       353.567
       411.356
        411.52
       411.959
       412.606
       413.418
       414.366
       415.435
       416.616
       417.058
       417.501
       417.977
        418.46
       418.932
       419.377
       419.784
       420.141
       420.438
       420.665
       420.811
       420.866
       420.822
        420.67
       420.401
       420.001
       419.458
       418.757
       417.882
       416.819
       415.564
       414.108
       413.365
       413.085
       412.788
       412.558
       412.474
       412.571
       412.823
       413.213
       413.743
       414.388
       415.698
       419.694
       424.431
       430.011
       434.291
       438.575
       443.291
       448.319
        453.47
       458.767
        464.21
       469.261
       473.677
       477.523
       480.833
       483.617
       485.861
       487.554
       488.585
        489.07
       489.015
       488.406
       487.593
       486.428
       484.826
       482.835
       480.499
       477.858
       474.937
       471.617
        468.06
       464.259
       460.371
       456.433
       452.428
       448.357
       444.228
       440.256
       436.335
       432.333
       428.516
       424.891
       421.254
       417.507
        414.01
       410.731
       407.643
       405.111
       402.949
       400.941
        399.09
       395.512
       391.831
       388.176
         384.5
       380.704
       376.695
       372.424
       367.832
       362.924
       357.783
       353.777
        349.84
       346.055
        344.86
       343.683
       342.638
       341.748
       340.036
       338.703
       337.827
       337.381
        337.32
         337.6
       338.211
       339.047
       339.848
       341.319
       342.737
       344.193
       345.576
       346.329
       347.357
       348.705
       349.194
       349.765
       350.468
       351.225
       352.024
       352.865
       353.751
       354.786
       355.895
       357.065
       358.297
       359.557
       360.801
       361.611
       361.489
       361.197
       360.694
       359.933
       358.856
       357.222
       355.172
       353.875
       352.457
       350.841
       349.092
        347.27
       345.435
       343.334
       341.054
        338.84
       336.695
       334.774
       332.992
       331.789
       332.185
       332.577
       332.369
       331.689
       330.025
       328.511
       327.008
       325.452
       323.781
       322.548
       322.556
       322.569
        322.66
       353.122
       353.214
       322.783
       380.158
       380.326
       380.776
       381.439
       382.271
       383.245
       384.344
       385.561
       385.987
       386.412
       386.872
       387.338
       387.791
       388.215
       388.596
       388.923
       389.185
        389.37
       389.464
       389.458
       389.342
       389.106
       388.738
       388.226
       387.554
       386.701
       385.647
       384.378
       382.881
       381.148
       380.152
       379.637
       379.087
       378.588
       378.207
       377.991
        377.91
       377.936
       378.131
       378.602
       380.009
       384.289
       389.314
        395.15
       399.504
       403.745
       408.407
       413.368
       418.444
        423.67
       429.066
       434.171
       438.632
       442.495
       445.798
       448.552
        450.75
       452.384
       453.342
       453.758
       453.637
       452.964
       452.121
       450.947
       449.349
       447.376
       445.076
       442.486
       439.632
       436.382
        432.91
       429.203
       425.426
       421.626
       417.771
       413.858
       409.891
       406.101
       402.372
       398.563
       394.963
        391.52
       388.035
       384.426
       381.075
       377.928
       374.958
       372.559
       370.536
       368.665
       366.956
       363.418
       359.776
       356.161
        352.52
        348.75
       344.756
       340.487
       335.888
       331.004
       325.871
       321.921
       318.025
       314.269
       313.209
       312.146
       311.199
       310.389
       308.699
       307.382
       306.504
       306.048
       305.965
       306.211
       306.762
       307.608
       308.462
       310.007
       311.488
       313.007
       314.447
       315.221
       316.284
        317.68
       318.172
       318.749
       319.463
       320.232
       321.044
       321.901
       322.806
        323.87
       325.013
       326.226
        327.51
       328.831
       330.143
       331.007
         330.9
       330.625
       330.141
       329.399
       328.337
         326.7
       324.637
        323.38
       322.005
       320.429
       318.719
       316.938
       315.147
       313.078
       310.821
       308.631
       306.511
       304.619
       302.866
        301.71
       302.219
       302.709
       302.557
       301.895
       300.169
       298.575
       296.982
       295.312
       293.504
       292.155
       292.076
       291.981
       291.957
       323.984
       324.046
       291.871
         348.5
       348.673
       349.133
        349.81
       350.662
       351.661
       352.792
       354.045
       354.453
        354.86
       355.304
       355.755
       356.191
       356.596
       356.955
       357.257
       357.489
        357.64
        357.69
        357.63
        357.45
       357.137
       356.677
       356.058
       355.265
       354.265
       353.032
       351.556
       349.824
       347.806
       346.532
       345.745
       344.913
       344.124
       343.423
       342.868
       342.427
       342.122
       342.213
       342.753
       344.194
       348.662
        353.87
       359.892
       364.212
       368.335
        372.88
       377.718
       382.666
       387.772
       393.041
       398.099
        402.61
       406.482
       409.762
       412.471
       414.609
       416.175
       417.051
       417.392
       417.203
       416.469
       415.609
       414.444
       412.868
       410.936
       408.699
       406.191
       403.436
        400.29
       396.938
       393.356
       389.728
       386.102
       382.429
       378.702
       374.926
       371.345
       367.832
       364.237
       360.866
       357.657
       354.344
       350.894
       347.717
       344.732
       341.905
       339.667
        337.81
         336.1
       334.555
       331.077
       327.497
       323.946
       320.369
       316.657
       312.708
       308.469
       303.907
       299.099
       294.013
       290.149
       286.325
       282.627
       281.721
       280.791
       279.955
       279.233
       277.572
       276.283
       275.414
       274.951
       274.847
       275.058
       275.565
       276.376
       277.259
        278.86
       280.392
       281.962
       283.447
       284.235
       285.321
       286.755
       287.242
       287.814
       288.527
       289.297
        290.11
        290.97
        291.88
       292.959
       294.124
       295.365
       296.687
       298.056
       299.425
       300.335
       300.235
       299.973
       299.507
       298.784
       297.741
       296.109
       294.042
       292.835
       291.515
       289.993
       288.338
       286.614
       284.884
       282.864
       280.647
       278.498
       276.418
        274.57
       272.857
       271.758
       272.385
       272.977
       272.883
       272.237
       270.453
       268.789
       267.105
        265.31
       263.358
       261.878
       261.676
       261.421
       261.221
       294.751
       294.768
       260.811
       316.277
       316.454
       316.922
       317.612
       318.481
       319.504
       320.666
       321.959
       322.346
       322.733
        323.16
       323.596
       324.021
       324.409
        324.75
       325.032
       325.242
       325.375
       325.388
       325.287
       325.055
        324.67
       324.122
         323.4
       322.489
       321.338
       319.931
       318.249
       316.265
       313.952
       312.409
       311.361
       310.263
       309.186
       308.189
       307.335
       306.663
       306.253
       306.249
       306.722
       308.104
       312.681
       317.978
       324.082
       328.306
       332.266
       336.639
       341.289
       346.044
       350.951
       355.964
       360.903
        365.46
       369.328
       372.566
        375.21
        377.27
       378.756
       379.545
       379.807
       379.547
        378.76
       377.897
        376.76
       375.238
       373.384
       371.245
       368.856
       366.239
       363.234
       360.034
       356.623
       353.186
       349.774
        346.32
       342.816
       339.264
       335.922
       332.655
       329.299
       326.183
       323.241
       320.129
       316.863
       313.883
       311.087
       308.435
       306.386
       304.724
       303.203
        301.85
       298.452
       294.958
       291.504
       288.025
       284.404
       280.538
       276.374
       271.934
       267.233
        262.23
        258.49
       254.771
        251.16
       250.432
       249.654
       248.945
       248.328
       246.714
       245.462
       244.609
       244.144
       244.021
       244.195
       244.651
       245.399
       246.281
       247.924
       249.491
       251.097
       252.615
       253.406
       254.507
       255.967
       256.437
       256.994
       257.694
       258.451
       259.251
         260.1
           261
       262.077
       263.248
       264.502
       265.846
       267.247
       268.659
       269.602
       269.501
       269.246
       268.795
       268.094
       267.076
       265.456
       263.396
       262.253
       261.004
       259.552
        257.97
       256.321
       254.671
        252.72
       250.563
       248.473
       246.451
       244.663
       243.005
       241.972
       242.723
       243.421
       243.388
       242.763
       240.932
       239.206
       237.434
       235.513
       233.434
       231.793
        231.42
       230.939
       230.477
       265.408
       265.363
       229.579
       283.362
       283.542
       284.016
       284.713
       285.595
       286.639
       287.833
       289.165
       289.526
       289.889
       290.297
        290.72
       291.142
       291.514
       291.841
       292.106
       292.294
       292.386
       292.357
       292.201
       291.907
       291.457
       290.836
       290.023
       288.992
       287.711
        286.15
       284.281
       282.069
        279.49
       277.726
       276.488
       275.177
       273.878
       272.664
       271.597
       270.738
       270.177
       270.044
       270.378
       271.653
       276.258
       281.561
       287.669
       291.732
       295.475
       299.627
       304.014
       308.508
       313.152
        317.87
       322.557
       327.017
       330.857
       334.028
       336.579
       338.538
       339.928
       340.623
       340.807
       340.485
       339.655
       338.806
       337.728
       336.296
       334.561
       332.566
       330.344
       327.913
       325.094
       322.095
       318.898
         315.7
       312.544
       309.354
       306.115
       302.827
       299.762
       296.772
       293.685
        290.85
       288.197
       285.337
       282.282
       279.519
       276.941
       274.491
        272.66
       271.221
        269.92
       268.788
       265.491
       262.118
       258.797
       255.452
       251.964
        248.22
       244.216
       239.955
       235.408
       230.535
       226.963
       223.389
       219.901
       219.379
       218.774
       218.215
       217.724
       216.175
       214.971
       214.146
       213.685
       213.542
       213.677
       214.074
       214.732
       215.559
        217.24
       218.827
       220.453
        221.99
       222.775
        223.88
       225.354
       225.797
       226.325
       226.999
       227.728
       228.501
       229.321
       230.194
       231.252
       232.408
       233.656
       235.003
       236.417
       237.854
       238.816
       238.703
       238.449
       238.012
       237.334
       236.347
        234.75
       232.711
       231.649
       230.488
       229.126
       227.637
       226.085
       224.537
       222.677
       220.603
       218.596
       216.653
       214.942
       213.354
       212.399
       213.277
       214.086
        214.12
       213.521
       211.654
       209.884
       208.038
       206.011
       203.813
       201.992
       201.399
       200.609
       199.768
       235.935
       235.811
       198.154
       249.604
       249.787
        250.26
       250.958
       251.843
         252.9
       254.125
       255.498
       255.822
       256.156
        256.54
       256.939
       257.323
       257.662
       257.948
        258.17
       258.313
        258.36
       258.292
       258.098
       257.763
        257.27
         256.6
       255.727
        254.62
       253.248
       251.573
       249.558
        247.16
       244.359
       242.423
       241.039
       239.569
       238.107
       236.734
       235.502
       234.482
       233.786
       233.514
       233.659
       234.778
       239.333
       244.559
       250.598
       254.428
       257.889
       261.756
       265.816
        269.98
       274.287
       278.618
       282.905
       287.112
       290.862
       293.933
       296.355
       298.182
       299.457
       300.049
       300.163
       299.789
        298.93
        298.12
       297.134
       295.834
       294.268
       292.476
       290.484
       288.299
       285.723
       282.981
        280.05
       277.144
       274.301
       271.429
       268.507
       265.529
       262.782
       260.108
       257.322
       254.802
       252.481
       249.927
       247.091
       244.563
       242.226
       240.005
       238.416
       237.228
       236.177
       235.301
       232.145
       228.929
       225.774
       222.602
       219.297
       215.767
       211.993
       207.955
       203.617
       198.933
       195.583
       192.205
       188.883
         188.6
       188.197
       187.808
        187.46
       186.001
       184.866
       184.081
       183.631
       183.472
       183.566
       183.904
       184.466
       185.225
       186.876
       188.444
       190.067
       191.611
       192.382
       193.481
       194.958
        195.36
       195.847
       196.479
       197.164
       197.892
       198.666
       199.492
       200.509
        201.63
       202.848
       204.175
       205.579
        207.02
       207.982
       207.843
       207.583
       207.158
       206.508
       205.561
       204.001
       202.001
       201.039
       199.987
       198.738
       197.365
       195.935
       194.514
       192.772
       190.808
        188.91
        187.07
       185.458
       183.956
        183.09
       184.098
       185.019
       185.126
       184.565
       182.684
       180.889
       178.986
       176.906
       174.606
       172.599
        171.74
       170.548
       169.174
       206.298
       206.083
        166.53
       214.822
       215.008
       215.477
       216.164
       217.031
       218.076
       219.308
       220.691
       220.949
       221.213
       221.534
       221.874
       222.201
       222.495
        222.74
       222.923
        223.03
       223.045
       222.952
       222.736
       222.383
       221.875
       221.191
       220.298
       219.167
       217.759
       216.027
       213.925
       211.394
       208.418
       206.354
       204.874
       203.308
       201.758
        200.29
       198.965
       197.819
       197.006
       196.576
       196.532
       197.439
       201.869
        206.94
       212.827
       216.325
        219.44
       222.938
       226.619
       230.395
        234.28
       238.143
       241.956
       245.663
       249.063
       252.022
       254.269
        255.92
       257.052
       257.539
        257.61
         257.2
       256.326
       255.579
       254.722
       253.607
       252.278
       250.765
       249.085
        247.22
       244.954
       242.529
       239.925
       237.375
       234.914
       232.429
       229.886
       227.273
       224.892
       222.574
       220.123
       217.949
       215.994
       213.785
        211.21
       208.944
       206.866
       204.892
       203.568
       202.651
       201.877
       201.298
       198.319
       195.292
       192.349
       189.412
       186.383
       183.145
       179.659
       175.904
       171.844
       167.422
       164.366
       161.245
       158.143
       158.132
       157.955
       157.761
       157.581
       156.242
       155.199
       154.474
       154.047
       153.874
       153.921
       154.221
       154.692
       155.317
       156.866
       158.369
       159.963
       161.511
       162.263
       163.355
       164.817
       165.168
       165.602
       166.173
       166.797
       167.463
        168.17
       168.926
       169.879
        170.94
       172.103
       173.381
       174.745
        176.16
         177.1
       176.921
       176.646
       176.232
       175.618
       174.724
        173.22
       171.281
       170.442
       169.524
       168.413
       167.183
       165.903
       164.638
       163.046
       161.224
       159.468
       157.761
       156.273
       154.874
       154.106
       155.241
       156.271
       156.458
       155.953
       154.084
       152.301
       150.399
       148.319
        145.95
       143.779
       142.627
       140.944
       138.848
        176.45
        176.15
       134.766
       178.758
       178.927
       179.351
        179.98
       180.791
       181.785
       182.967
        184.34
       184.503
       184.684
       184.933
       185.207
       185.475
       185.716
       185.915
       186.059
       186.135
       186.127
        186.02
       185.799
       185.449
       184.954
       184.289
       183.424
       182.325
       180.949
       179.243
       177.146
       174.589
       171.549
       169.486
       168.046
        166.49
       164.919
       163.404
        162.04
       160.873
        159.98
       159.381
       159.053
       159.649
       163.879
       168.712
       174.314
       177.397
       180.079
       183.132
        186.35
       189.666
       193.027
       196.364
       199.625
         202.7
       205.529
       208.029
       209.983
       211.381
        212.33
       212.714
        212.84
       212.408
       211.527
       210.863
       210.174
       209.314
       208.315
       207.183
       205.936
       204.484
       202.602
        200.56
       198.345
       196.225
       194.235
       192.224
       190.137
       187.954
       185.994
       184.074
        181.99
       180.181
       178.636
       176.827
       174.569
       172.581
       170.775
        169.06
       168.015
       167.385
       166.909
       166.651
       163.876
       161.095
       158.452
       155.841
       153.152
        150.27
       147.139
       143.747
       140.069
       136.003
       133.325
       130.536
       127.711
       128.002
       128.075
       128.099
       128.121
        126.94
       126.027
       125.386
       124.996
       124.812
       124.849
        125.11
         125.5
        125.96
       127.367
       128.762
       130.292
       131.795
       132.522
       133.553
       134.973
       135.257
       135.638
       136.118
       136.663
       137.254
       137.871
       138.529
       139.387
       140.362
       141.444
       142.641
       143.925
       145.277
       146.165
       145.926
        145.63
        145.23
        144.66
       143.838
       142.416
       140.571
       139.884
       139.127
       138.181
       137.124
       136.025
       134.951
       133.544
       131.906
       130.331
       128.794
        127.46
       126.188
       125.522
        126.77
       127.896
        128.16
       127.728
       125.912
       124.193
       122.375
       120.361
       117.999
       115.734
       114.319
       112.094
       109.072
       146.337
       145.987
       103.081
       141.019
       141.167
       141.529
        142.07
       142.782
       143.675
       144.772
       146.103
       146.144
       146.222
       146.383
        146.58
       146.775
       146.951
       147.093
       147.188
       147.225
       147.189
       147.067
       146.847
       146.516
       146.058
       145.448
       144.666
       143.671
       142.421
       140.855
       138.897
       136.475
       133.536
       131.639
       130.383
       128.968
       127.517
       126.102
       124.811
       123.671
       122.728
       121.974
       121.436
       121.695
       125.556
        129.93
       135.106
       137.632
       139.778
       142.271
       144.942
       147.689
       150.451
       153.196
        155.83
       158.238
       160.379
       162.203
       163.645
       164.699
       165.411
       165.644
       165.558
        165.03
        164.14
       163.569
       163.073
        162.57
       162.036
       161.405
       160.816
       159.894
       158.489
       156.897
       155.124
         153.5
       152.091
        150.67
        149.13
       147.456
       145.976
       144.501
       142.823
       141.419
       140.308
       138.913
       137.026
       135.366
       133.858
       132.419
       131.657
        131.31
       131.115
       131.194
       128.686
       126.241
       123.967
       121.753
       119.478
       117.031
       114.358
       111.459
       108.273
       104.679
       102.483
       100.117
       97.6346
       98.2458
       98.5786
       98.8345
       99.0964
       98.1261
       97.3963
       96.8846
       96.5724
       96.4435
       96.5073
       96.7175
       97.0492
       97.4061
       98.6776
       99.9526
       101.365
       102.742
       103.309
       104.233
       105.567
       105.763
       106.031
       106.396
        106.85
       107.315
       107.812
       108.332
       109.059
       109.921
         110.9
       111.978
       113.129
       114.362
       115.155
       114.837
       114.518
        114.14
        113.63
       112.905
       111.605
       109.896
       109.395
       108.827
       108.076
       107.223
        106.34
       105.494
       104.319
       102.913
        101.57
       100.253
       99.1152
       97.9957
       97.4323
       98.7564
       99.9404
       100.266
       99.9196
       98.2085
       96.6347
       94.9833
        93.141
       90.9164
       88.7055
       87.1577
       84.4626
       80.3827
       115.904
       115.592
       72.1065
       101.329
       101.447
        101.72
       102.131
       102.684
       103.403
       104.331
       105.549
       105.437
       105.393
       105.445
       105.536
        105.63
       105.712
       105.768
        105.79
       105.766
       105.688
       105.546
        105.33
        105.03
       104.632
       104.114
       103.471
       102.661
       101.644
       100.366
       98.7498
       96.6858
       94.0817
       92.5445
       91.6314
       90.5222
       89.3752
       88.2342
       87.1162
       86.1577
       85.3797
       84.6835
         84.02
       83.8912
        87.103
       90.7281
       95.2118
       97.0668
       98.5464
       100.374
       102.362
       104.411
        106.48
       108.519
       110.454
       112.181
       113.673
       114.928
       115.914
       116.635
       117.087
       117.042
       116.758
       116.218
       115.402
       114.977
       114.654
       114.286
       113.968
       113.759
       113.545
       113.184
       112.368
       111.295
       109.983
       108.882
       108.233
       107.579
        106.69
       105.627
       104.694
        103.72
       102.494
       101.537
       100.866
       99.9045
       98.4366
       97.1748
       96.0227
       94.8883
       94.3913
       94.2804
       94.3283
       94.7466
       92.5629
       90.5366
       88.7271
        87.003
       85.2279
       83.3127
       81.2319
       78.9575
       76.4091
       73.4502
       71.8759
       70.0572
       68.0107
       68.9232
       69.4902
       69.9793
       70.5015
       69.8148
       69.3434
       69.0368
       68.8764
       68.8608
       68.9873
       69.2177
        69.531
       69.7947
       70.9151
       72.0173
       73.2339
       74.4345
        74.868
       75.6543
       76.8462
       76.9057
       77.0394
        77.294
       77.5873
       77.8918
       78.2141
       78.5635
       79.1097
       79.7702
       80.5633
       81.4336
       82.3631
       83.3851
       84.0245
       83.6176
        83.284
       82.9447
       82.5137
         81.92
       80.8005
       79.3008
       79.0199
       78.6626
        78.133
       77.5182
       76.8878
       76.3104
       75.4207
       74.3142
       73.2718
       72.2407
       71.3575
        70.437
       69.9746
       71.2882
       72.4438
         72.79
       72.5429
        71.006
       69.6717
       68.2981
       66.7614
       64.8597
       62.9431
       61.5487
       58.7289
        53.778
       85.1539
       85.0141
       43.4827
       59.3696
       59.4474
       59.6023
       59.8316
       60.1467
        60.572
       61.1662
       62.0803
       61.8069
       61.6342
       61.5493
       61.4942
       61.4474
       61.3944
       61.3282
       61.2432
       61.1308
       60.9847
       60.8027
       60.5798
       60.3112
       59.9898
       59.6069
       59.1559
       58.6122
       57.9489
       57.1274
       56.0859
       54.7111
       52.8463
       51.9224
       51.5142
       50.8976
       50.2573
        49.569
       48.9223
       48.4269
       47.9999
        47.573
       47.0262
       46.6635
       48.9161
       51.3824
       54.6446
       55.6835
       56.4249
        57.458
       58.6076
       59.8032
       61.0059
       62.1813
       63.2861
       64.2648
       65.1031
       65.8084
       66.3608
       66.7696
       67.0201
       66.9057
       66.6741
       66.3193
       65.7708
       65.5895
       65.4962
       65.3579
       65.2549
       65.1998
       65.1487
       65.0663
       64.6588
       64.1611
       63.5452
       63.1125
       62.9972
       62.7884
       62.5576
       62.2798
       61.9519
       61.5302
       60.8393
        60.357
       60.1082
       59.6067
       58.6496
       57.8697
       57.1543
       56.3878
       56.1312
       56.1632
       56.3191
       56.9076
       55.2158
       53.7888
       52.5703
       51.4221
       50.2336
       48.9554
       47.5867
       46.0949
       44.4076
        42.357
       41.5404
       40.4523
       39.0602
       40.1439
       40.8744
       41.5443
       42.2902
       42.0028
        41.889
       41.8793
        41.956
       42.1216
       42.3612
       42.6573
       42.9776
       43.2091
       44.1541
       45.0386
       46.0061
        46.969
       47.2707
        47.859
       48.8001
       48.7528
       48.7717
       48.8876
       49.0192
       49.1594
       49.3109
       49.4735
        49.778
       50.1572
       50.5872
       51.0918
       51.6317
       52.2838
       52.6695
       52.2082
       51.8963
       51.6291
       51.2861
       50.8534
       50.0216
       48.8825
       48.8199
       48.6693
       48.3866
       48.0496
       47.7111
       47.4346
       46.8988
       46.1866
       45.5344
       44.8796
       44.3347
       43.7078
       43.3734
       44.4805
       45.4237
       45.7045
       45.5518
       44.3295
       43.3527
       42.3687
       41.2869
       39.9406
       38.6345
       37.8199
       35.7178
       31.1054
       54.2743
       54.3945
       21.3147
       14.7595
       14.7595
       14.7595
       14.7595
       14.7595
       14.7595
       14.7595
       14.7595
       14.5313
       14.2853
       14.0393
       13.7933
       13.5473
       13.3013
       13.0552
       12.8092
       12.5632
       12.3172
       12.0712
       11.8252
       11.5792
       11.3331
       11.0871
       10.8411
       10.5951
       10.3491
       10.1031
       9.85706
       9.61105
       9.36504
       9.35504
       9.49746
       9.63988
        9.7823
       9.92473
       10.0671
       10.2096
        10.352
       10.4944
       10.6368
       10.8724
        11.639
       12.4056
       13.1721
       13.4087
       13.5012
       13.5937
       13.6862
       13.7787
       13.8713
       13.9638
       14.0563
       14.1488
       14.2413
       14.3338
       14.4263
       14.5188
       14.6082
       14.6666
        14.725
       14.7834
       14.8419
       14.9793
       15.1496
       15.3199
       15.4902
       15.6605
       15.8308
       15.9985
       16.1279
       16.2574
       16.3868
       16.5529
       16.7528
       16.9527
       17.1306
       17.2695
       17.4084
       17.5147
       17.5513
       17.5879
       17.6244
       17.5758
       17.4118
       17.2478
       17.0838
       16.9198
       16.8589
       16.8563
       16.8538
       16.8512
       16.3675
       15.8434
       15.3194
       14.7953
       14.2648
       13.7298
       13.1948
       12.6597
       12.1247
       11.5897
        11.427
       11.3423
        11.342
       12.0647
       12.7873
         13.51
       14.2124
       14.6144
       15.0165
       15.4186
       15.8206
       16.2227
       16.6248
       17.0269
       17.4289
        17.831
       18.4376
       19.0447
       19.6517
       20.2027
        20.531
       20.8593
       21.1876
       21.2083
       21.1883
       21.1683
       21.1483
       21.1283
       21.1083
       21.0883
       21.0953
       21.1075
       21.1198
        21.132
       21.1443
       21.1566
       21.0733
       20.7796
        20.486
       20.1923
       19.8987
        19.605
       19.2631
       18.9177
       18.8641
       18.8495
       18.8348
       18.8202
       18.8055
       18.7909
       18.6932
       18.5309
       18.3686
       18.2063
       18.0816
       17.9643
       17.9652
        18.353
       18.6738
       18.7499
       18.6087
       18.1133
       17.6178
       17.1223
       16.6269
       16.1314
        15.781
        15.781
        15.781
        15.781
            24
            24
        15.781
