160                           23.22                         
35                            23.22                         
34                            24.626                        
33                            26.055                        
32                            27.471                        
31                            28.831                        
30                            30.161                        
29                            31.47                         
28                            32.749                        
27                            33.998                        
26                            35.23                         
25                            36.44                         
24                            37.623                        
23                            38.786                        
22                            39.92                         
21                            41.006                        
20                            42.047                        
19                            43.091                        
18                            44.106                        
17                            45.097                        
16                            46.064                        
15                            46.171                        
14                            43.757                        
13                            47.142                        
12                            52.06                         
11                            50.879                        
10                            96.593                        
9                             112.24                        
8                             106.75                        
7                             67.709                        
6                             46.423                        
5                             42.523                        
4                             38.929                        
3                             36.708                        
2                             28.964                        
1                             20.939                        
0                             19.946                        
