       911.814
        911.81
       911.809
       911.808
       911.808
       911.808
       911.808
       911.809
       911.809
        911.81
       911.811
       911.811
       911.812
       911.813
       911.814
       911.815
       911.816
       911.817
       911.818
       911.819
        911.82
       911.821
       911.822
       911.823
       911.823
       911.824
       911.825
       911.825
       911.825
       911.825
       911.825
       911.825
       911.824
       911.823
       911.822
       911.821
        911.82
       911.818
       911.816
       911.813
       911.811
       911.808
       911.806
       911.803
         911.8
       911.797
       911.795
       911.793
       911.792
       911.791
       911.792
       911.794
       911.798
       911.804
       911.813
       911.825
       911.841
       911.862
       911.889
       911.922
       911.963
       912.013
       912.074
       912.147
       912.235
        912.34
       912.464
        912.61
        912.78
       912.977
       913.204
       913.463
       913.759
       914.094
       914.473
         914.9
        915.38
       915.922
       916.523
       917.144
       917.749
       918.338
       918.908
        919.46
       919.994
       920.512
       921.013
       921.499
       921.969
       922.425
       922.868
       923.299
       923.718
       924.125
       924.521
       924.904
       925.275
       925.635
       925.986
        926.33
       926.667
       926.994
       927.308
       927.607
       927.893
       928.167
        928.43
       928.678
       928.909
       929.117
       929.293
       929.438
       929.554
       929.633
       929.641
       929.579
       929.444
       929.235
       928.949
       928.586
       928.141
       927.611
       926.993
       926.285
       925.484
       924.588
       923.595
       922.506
       921.318
       920.031
       918.653
         917.2
       915.678
       914.091
       912.442
       910.737
       908.975
       907.159
       905.293
        903.38
        901.43
       899.469
       897.527
       895.613
       893.733
       891.896
       890.111
       888.386
       886.734
       885.163
        883.67
       882.253
       880.911
       879.643
       878.446
        877.32
       876.265
       875.278
       874.358
       873.503
       872.712
       871.982
       871.313
       870.703
       870.151
       869.656
       869.218
       868.834
       868.505
        868.23
        868.01
       867.846
        867.74
       867.699
       881.506
       881.505
       881.505
       881.504
       881.504
       881.504
       881.505
       881.505
       881.506
       881.506
       881.507
       881.508
       881.508
       881.509
        881.51
       881.511
       881.512
       881.513
       881.514
       881.515
       881.516
       881.517
       881.518
       881.519
        881.52
        881.52
       881.521
       881.521
       881.521
       881.521
       881.521
       881.521
        881.52
       881.519
       881.518
       881.517
       881.515
       881.514
       881.511
       881.509
       881.507
       881.504
       881.501
       881.498
       881.495
       881.492
        881.49
       881.488
       881.486
       881.485
       881.486
       881.487
       881.491
       881.497
       881.505
       881.517
       881.532
       881.553
       881.578
       881.611
       881.651
         881.7
       881.791
       881.894
       882.012
       882.137
       882.281
       882.446
       882.635
       882.851
       883.097
       883.369
       883.677
       884.025
        884.42
       884.862
       885.353
       885.904
       886.518
       887.159
       887.787
       888.397
       888.987
       889.536
       890.067
        890.58
       891.048
         891.5
       891.938
       892.373
       892.794
       893.208
       893.631
       894.043
       894.445
        894.84
       895.223
       895.596
        895.95
       896.295
       896.614
        896.91
       897.186
       897.426
        897.65
       897.862
       898.059
       898.238
       898.425
       898.602
       898.748
       898.864
       898.978
       899.053
        899.06
       899.001
       898.877
       898.687
       898.414
       898.063
       897.639
       897.128
       896.525
       895.804
       894.985
       894.128
       893.235
       892.525
       891.589
       890.436
       889.151
       887.747
       886.269
       884.716
       883.069
       881.365
       879.606
       877.809
       876.024
       874.217
       872.369
       870.506
       868.661
       866.843
       865.005
       863.194
       861.435
       859.748
       858.109
       856.542
        855.05
       853.646
       852.335
       851.096
        849.93
       848.817
       847.773
       846.754
       845.778
       844.866
       844.019
       843.237
       842.516
       841.853
       841.259
       840.726
        840.25
       839.827
       839.452
       839.132
       838.873
       840.826
       840.719
       838.558
        851.25
        851.25
        851.25
        851.25
        851.25
        851.25
       851.251
       851.251
       851.252
       851.252
       851.253
       851.254
       851.254
       851.255
       851.256
       851.257
       851.258
       851.259
        851.26
       851.261
       851.262
       851.263
       851.264
       851.265
       851.265
       851.266
       851.266
       851.267
       851.267
       851.267
       851.267
       851.266
       851.266
       851.265
       851.264
       851.262
        851.26
       851.258
       851.256
       851.254
       851.251
       851.248
       851.245
       851.241
       851.238
       851.235
       851.232
       851.229
       851.227
       851.225
       851.225
       851.226
       851.228
       851.232
       851.239
       851.249
       851.263
       851.282
       851.305
       851.335
       851.372
       851.418
       851.537
       851.667
       851.813
       851.954
       852.114
       852.296
         852.5
       852.731
       852.992
       853.272
       853.588
       853.943
       854.349
         854.8
       855.294
       855.847
       856.457
       857.111
       857.769
       858.404
       859.017
       859.564
       860.093
       860.602
       861.038
       861.458
       861.863
       862.278
       862.679
       863.077
       863.505
       863.921
       864.331
       864.739
       865.134
        865.52
       865.878
       866.224
       866.526
       866.791
       867.029
        867.21
       867.371
       867.523
       867.652
       867.763
       867.907
       868.052
       868.168
       868.256
       868.367
       868.442
       868.448
       868.394
       868.283
       868.116
       867.857
        867.52
       867.119
       866.629
       866.042
       865.311
       864.474
       863.658
       862.868
       862.539
       861.858
        860.84
        859.65
       858.296
       856.861
        855.34
       853.694
       851.989
       850.231
        848.45
       846.742
       845.039
       843.291
       841.524
       839.772
       838.047
       836.249
       834.462
       832.727
       831.079
        829.45
       827.887
       826.396
       825.004
       823.722
       822.513
       821.377
       820.276
       819.244
       818.193
       817.159
        816.19
       815.288
       814.453
       813.679
       812.964
       812.327
       811.756
        811.24
       810.779
       810.357
       809.989
        809.69
       813.765
       813.658
       809.368
        821.04
        821.04
        821.04
       821.041
       821.041
       821.041
       821.041
       821.042
       821.042
       821.043
       821.044
       821.045
       821.045
       821.046
       821.047
       821.048
       821.049
        821.05
       821.051
       821.052
       821.053
       821.054
       821.055
       821.055
       821.056
       821.057
       821.057
       821.057
       821.057
       821.057
       821.057
       821.056
       821.056
       821.055
       821.053
       821.052
        821.05
       821.047
       821.045
       821.042
       821.039
       821.035
       821.032
       821.028
       821.024
        821.02
       821.016
       821.012
       821.009
       821.006
       821.004
       821.003
       821.004
       821.006
       821.011
       821.018
       821.029
       821.044
       821.064
        821.09
       821.123
       821.163
       821.307
       821.463
       821.632
       821.788
       821.962
       822.156
       822.373
       822.615
       822.887
       823.172
       823.491
       823.849
        824.26
       824.715
       825.207
       825.758
       826.361
       827.019
       827.699
       828.359
       828.996
       829.543
       830.071
       830.578
       830.982
       831.371
       831.745
        832.14
       832.522
       832.905
       833.338
        833.76
       834.178
       834.598
       835.007
       835.406
       835.768
       836.116
       836.402
       836.635
       836.835
       836.958
       837.056
       837.148
       837.211
       837.254
       837.355
       837.467
       837.555
       837.614
       837.722
       837.798
       837.807
        837.76
       837.664
        837.52
       837.277
       836.957
        836.58
       836.111
       835.543
       834.803
       833.951
       833.178
       832.491
       832.546
       832.122
       831.242
       830.146
        828.84
       827.447
       825.959
       824.312
       822.605
       820.846
       819.079
       817.446
       815.845
       814.194
        812.52
        810.86
       809.226
       807.467
       805.702
        803.99
       802.378
        800.76
         799.2
       797.709
       796.328
       795.075
       793.896
       792.789
         791.7
       790.679
       789.595
       788.504
       787.478
        786.52
       785.632
       784.804
       784.036
       783.356
       782.745
        782.19
       781.688
       781.218
       780.801
       780.461
       786.665
       786.557
       780.132
       790.871
       790.871
       790.871
       790.871
       790.872
       790.872
       790.872
       790.873
       790.874
       790.874
       790.875
       790.876
       790.877
       790.877
       790.878
       790.879
        790.88
       790.881
       790.882
       790.883
       790.884
       790.885
       790.886
       790.886
       790.887
       790.887
       790.888
       790.888
       790.888
       790.887
       790.887
       790.886
       790.885
       790.884
       790.883
       790.881
       790.878
       790.876
       790.873
        790.87
       790.866
       790.862
       790.857
       790.853
       790.848
       790.843
       790.838
       790.833
       790.828
       790.823
       790.819
       790.816
       790.814
       790.814
       790.816
       790.819
       790.826
       790.837
       790.852
       790.872
       790.898
       790.931
       791.098
       791.277
       791.469
       791.635
        791.82
       792.024
        792.25
       792.501
        792.78
       793.066
       793.385
       793.741
       794.154
       794.609
       795.096
        795.64
       796.235
       796.882
       797.574
       798.264
       798.926
       799.473
       800.001
       800.507
        800.88
       801.238
       801.582
       801.959
       802.321
        802.69
       803.129
       803.556
       803.983
       804.417
       804.839
       805.252
        805.62
        805.97
       806.239
       806.441
       806.604
       806.669
       806.705
       806.737
       806.735
        806.71
       806.766
       806.848
       806.906
       806.938
       807.044
        807.12
       807.135
       807.098
       807.018
         806.9
       806.675
       806.372
       806.021
       805.576
       805.027
       804.279
       803.413
       802.684
       802.102
       802.542
       802.376
       801.634
       800.633
       799.376
       798.025
       796.568
        794.92
       793.211
       791.449
       789.694
       788.134
       786.632
       785.077
       783.495
       781.925
        780.38
       778.657
       776.913
       775.223
       773.649
       772.039
       770.482
       768.991
       767.621
       766.397
       765.247
       764.169
       763.091
       762.081
       760.964
       759.815
       758.731
       757.717
       756.775
       755.894
       755.072
       754.347
       753.696
         753.1
       752.556
       752.036
        751.57
       751.187
       759.526
       759.416
        750.85
       760.737
       760.737
       760.737
       760.738
       760.738
       760.738
       760.739
       760.739
        760.74
       760.741
       760.741
       760.742
       760.743
       760.744
       760.745
       760.746
       760.747
       760.748
       760.748
       760.749
        760.75
       760.751
       760.752
       760.752
       760.753
       760.753
       760.753
       760.753
       760.753
       760.753
       760.752
       760.751
        760.75
       760.749
       760.747
       760.745
       760.742
       760.739
       760.736
       760.732
       760.727
       760.723
       760.717
       760.712
       760.706
       760.699
       760.693
       760.686
       760.679
       760.672
       760.666
        760.66
       760.655
       760.651
       760.649
       760.648
        760.65
       760.655
       760.663
       760.676
       760.695
       760.719
       760.907
       761.106
       761.318
       761.493
       761.686
       761.898
        762.13
       762.387
        762.67
       762.954
        763.27
       763.621
       764.032
       764.484
       764.961
       765.497
       766.081
       766.716
        767.41
       768.121
       768.807
       769.355
       769.883
       770.388
       770.731
       771.058
       771.373
       771.731
       772.075
        772.43
       772.876
       773.309
       773.745
       774.193
        774.63
       775.058
       775.431
       775.785
       776.037
       776.209
       776.335
       776.342
       776.317
       776.291
       776.223
        776.13
       776.143
       776.194
       776.225
       776.229
        776.33
       776.411
       776.434
       776.408
       776.346
       776.255
        776.05
       775.765
       775.442
       775.021
       774.492
       773.737
       772.859
       772.175
       771.699
       772.525
       772.618
       772.015
        771.11
         769.9
       768.591
       767.166
       765.515
       763.801
       762.036
       760.291
       758.803
       757.399
       755.938
       754.447
       752.967
        751.51
       749.821
       748.097
        746.43
       744.892
       743.291
       741.736
       740.244
       738.885
        737.69
       736.568
        735.52
       734.453
       733.454
       732.304
       731.096
       729.954
       728.882
       727.886
       726.949
       726.072
       725.301
       724.609
        723.97
       723.383
       722.813
       722.295
       721.869
       732.347
       732.237
       721.522
       730.634
       730.634
       730.634
       730.635
       730.635
       730.636
       730.636
       730.637
       730.637
       730.638
       730.639
       730.639
        730.64
       730.641
       730.642
       730.643
       730.644
       730.645
       730.646
       730.646
       730.647
       730.648
       730.648
       730.649
       730.649
        730.65
        730.65
        730.65
       730.649
       730.649
       730.648
       730.647
       730.646
       730.644
       730.642
       730.639
       730.636
       730.632
       730.628
       730.624
       730.619
       730.613
       730.607
         730.6
       730.592
       730.585
       730.576
       730.567
       730.558
       730.549
        730.54
       730.531
       730.522
       730.514
       730.506
         730.5
       730.496
       730.494
       730.495
         730.5
       730.509
       730.523
        730.73
       730.948
       731.178
        731.36
       731.559
       731.776
       732.012
       732.271
       732.556
       732.834
       733.144
       733.488
       733.894
        734.34
       734.805
       735.331
       735.903
       736.524
       737.205
       737.925
       738.639
       739.187
       739.716
       740.221
       740.534
       740.831
       741.116
       741.456
       741.782
       742.123
       742.576
       743.016
       743.462
       743.925
       744.377
       744.821
         745.2
       745.558
       745.793
       745.936
       746.026
       745.976
       745.891
       745.807
       745.674
       745.515
       745.483
       745.505
        745.51
       745.489
        745.59
       745.676
       745.705
       745.691
       745.649
       745.585
         745.4
       745.135
        744.84
       744.445
       743.937
       743.176
       742.286
       741.647
       741.278
       742.492
       742.844
        742.38
       741.571
        740.41
       739.143
       737.748
       736.094
       734.374
       732.604
       730.868
        729.45
       728.145
       726.779
       725.377
       723.985
       722.616
       720.962
       719.257
       717.611
       716.108
       714.516
       712.963
        711.47
       710.121
       708.955
       707.863
       706.843
       705.787
       704.799
       703.615
       702.348
       701.147
       700.018
       698.966
       697.973
       697.039
       696.221
       695.485
       694.802
        694.17
       693.547
       692.976
       692.505
        705.13
       705.019
       692.148
       700.557
       700.557
       700.558
       700.558
       700.558
       700.559
       700.559
        700.56
       700.561
       700.561
       700.562
       700.563
       700.564
       700.564
       700.565
       700.566
       700.567
       700.568
       700.569
       700.569
        700.57
       700.571
       700.571
       700.572
       700.572
       700.572
       700.572
       700.572
       700.571
       700.571
        700.57
       700.568
       700.567
       700.564
       700.562
       700.559
       700.555
       700.551
       700.546
       700.541
       700.535
       700.528
       700.521
       700.513
       700.504
       700.494
       700.484
       700.473
       700.461
       700.449
       700.436
       700.423
        700.41
       700.397
       700.385
       700.372
       700.361
       700.352
       700.344
       700.339
       700.337
       700.339
       700.565
         700.8
       701.045
       701.232
       701.435
       701.655
       701.892
       702.152
       702.436
       702.707
       703.008
       703.342
       703.741
       704.178
        704.63
       705.143
       705.701
       706.307
       706.973
       707.692
       708.424
       708.972
         709.5
       710.004
       710.287
       710.554
       710.809
       711.132
        711.44
       711.767
       712.228
       712.675
       713.131
        713.61
       714.079
       714.539
       714.926
       715.287
       715.507
        715.62
       715.676
       715.569
       715.427
       715.285
       715.088
       714.863
       714.789
       714.782
       714.762
       714.717
       714.821
       714.912
       714.948
       714.947
       714.925
        714.89
       714.726
       714.482
       714.216
       713.847
       713.361
       712.594
       711.691
       711.098
       710.836
       712.438
       713.051
       712.726
       712.014
       710.902
       709.676
       708.311
       706.652
       704.926
       703.151
       701.423
       700.075
       698.869
       697.597
       696.284
        694.98
       693.698
       692.078
       690.392
       688.766
       687.299
       685.715
       684.164
        682.67
       681.332
       680.195
       679.132
       678.141
       677.096
       676.119
       674.901
       673.575
       672.314
       671.126
       670.018
       668.967
       667.975
       667.108
       666.326
       665.596
       664.917
       664.238
       663.613
       663.096
       677.873
        677.76
       662.726
       670.502
       670.502
       670.502
       670.503
       670.503
       670.504
       670.504
       670.505
       670.505
       670.506
       670.507
       670.507
       670.508
       670.509
        670.51
       670.511
       670.511
       670.512
       670.513
       670.514
       670.514
       670.515
       670.515
       670.516
       670.516
       670.516
       670.516
       670.515
       670.515
       670.514
       670.513
       670.511
       670.509
       670.506
       670.503
         670.5
       670.496
       670.491
       670.486
       670.479
       670.472
       670.465
       670.456
       670.446
       670.436
       670.424
       670.412
       670.398
       670.384
       670.368
       670.352
       670.335
       670.317
       670.298
       670.279
       670.261
       670.242
       670.224
       670.206
       670.191
       670.177
       670.166
       670.408
       670.658
       670.918
       671.108
       671.313
       671.534
        671.77
       672.029
        672.31
       672.571
       672.861
       673.183
       673.573
       673.999
       674.435
       674.934
       675.476
       676.066
       676.715
       677.418
       678.156
       678.705
       679.234
       679.737
       679.989
       680.226
       680.451
       680.756
       681.046
       681.361
       681.829
       682.284
       682.751
       683.246
       683.732
       684.209
       684.604
        684.97
       685.175
       685.261
       685.282
       685.122
       684.922
       684.723
       684.464
       684.172
       684.056
       684.024
        683.98
       683.913
        684.02
       684.118
       684.162
       684.174
       684.173
       684.169
       684.027
       683.804
       683.567
       683.225
       682.761
       681.989
       681.073
       680.526
       680.372
       682.362
       683.236
       683.052
       682.436
       681.372
       680.187
       678.851
       677.187
       675.454
       673.672
       671.952
       670.674
       669.567
       668.389
       667.164
       665.948
       664.754
       663.169
       661.502
       659.897
       658.465
       656.889
        655.34
       653.846
        652.52
       651.412
       650.378
       649.417
       648.384
       647.417
       646.165
        644.78
       643.458
       642.211
       641.044
       639.935
       638.882
       637.963
       637.133
       636.354
       635.624
       634.888
       634.205
       633.641
       650.576
        650.46
       633.255
       640.463
       640.463
       640.464
       640.464
       640.465
       640.465
       640.466
       640.466
       640.467
       640.468
       640.468
       640.469
        640.47
        640.47
       640.471
       640.472
       640.473
       640.474
       640.474
       640.475
       640.475
       640.476
       640.476
       640.477
       640.477
       640.477
       640.476
       640.476
       640.475
       640.474
       640.472
        640.47
       640.468
       640.465
       640.462
       640.458
       640.453
       640.448
       640.441
       640.434
       640.426
       640.417
       640.407
       640.396
       640.384
        640.37
       640.355
       640.339
       640.321
       640.302
       640.282
        640.26
       640.237
       640.213
       640.187
       640.161
       640.134
       640.106
       640.079
       640.051
       640.025
       639.999
       640.256
       640.521
       640.793
       640.985
        641.19
       641.411
       641.645
         641.9
       642.177
       642.426
       642.703
        643.01
        643.39
       643.803
       644.222
       644.705
        645.23
       645.801
       646.433
       647.117
       647.849
        648.39
       648.917
       649.418
        649.64
       649.846
       650.041
       650.327
       650.599
         650.9
       651.377
        651.84
       652.318
       652.831
       653.334
        653.83
       654.233
       654.604
       654.796
       654.854
       654.843
        654.63
       654.374
       654.119
       653.798
       653.441
       653.285
       653.228
       653.162
       653.075
       653.186
        653.29
       653.346
       653.373
       653.394
        653.42
       653.301
         653.1
       652.893
       652.577
       652.136
       651.358
        650.43
       649.929
       649.881
        652.26
       653.396
       653.353
       652.833
       651.816
       650.671
       649.364
       647.695
       645.954
       644.165
       642.453
       641.245
       640.237
       639.153
       638.017
       636.889
       635.783
       634.233
       632.586
       631.001
       629.605
       628.039
       626.493
       624.999
       623.685
       622.608
       621.604
       620.673
       619.651
       618.695
        617.41
       615.965
       614.582
       613.274
       612.048
       610.878
       609.763
       608.789
       607.908
       607.076
       606.292
       605.495
       604.752
       604.137
       623.237
       623.118
       603.732
       610.437
       610.437
       610.438
       610.438
       610.439
       610.439
        610.44
        610.44
       610.441
       610.441
       610.442
       610.443
       610.444
       610.444
       610.445
       610.446
       610.446
       610.447
       610.448
       610.448
       610.449
       610.449
        610.45
        610.45
        610.45
       610.449
       610.449
       610.448
       610.447
       610.446
       610.444
       610.442
       610.439
       610.436
       610.432
       610.427
       610.422
       610.416
       610.409
       610.401
       610.392
       610.382
       610.371
       610.358
       610.344
       610.328
        610.31
       610.291
       610.271
       610.248
       610.223
       610.197
       610.168
       610.137
       610.105
       610.071
       610.035
       609.997
       609.958
       609.918
       609.877
       609.836
       610.108
       610.385
       610.669
       610.861
       611.065
       611.284
       611.514
       611.764
       612.035
       612.271
       612.533
       612.825
       613.191
       613.591
       613.991
       614.456
       614.963
       615.515
       616.127
        616.79
       617.501
       618.015
       618.545
       619.046
       619.236
        619.41
       619.574
       619.842
       620.095
       620.383
       620.868
       621.339
       621.829
        622.36
       622.881
       623.396
       623.809
       624.186
       624.366
       624.399
       624.356
       624.093
       623.782
       623.472
        623.09
       622.668
       622.474
       622.395
       622.309
       622.201
       622.318
        622.43
       622.498
       622.542
       622.586
       622.644
       622.547
       622.369
       622.192
       621.903
       621.484
         620.7
       619.759
       619.303
       619.361
       622.129
       623.527
       623.625
         623.2
       622.231
       621.126
       619.847
       618.172
       616.423
       614.627
       612.921
       611.786
       610.876
       609.886
        608.84
       607.801
       606.784
        605.27
       603.643
        602.08
       600.721
       599.164
       597.623
       596.131
       594.829
       593.784
       592.811
       591.911
       590.902
       589.958
       588.639
       587.133
       585.689
        584.32
       583.033
         581.8
        580.62
       579.589
       578.652
       577.764
       576.921
       576.058
       575.251
       574.581
       595.854
        595.73
       574.153
       580.419
       580.419
       580.419
        580.42
        580.42
       580.421
       580.421
       580.422
       580.422
       580.423
       580.424
       580.424
       580.425
       580.426
       580.426
       580.427
       580.428
       580.428
       580.429
        580.43
        580.43
        580.43
        580.43
        580.43
        580.43
        580.43
       580.429
       580.428
       580.427
       580.426
       580.424
       580.421
       580.418
       580.414
        580.41
       580.405
       580.399
       580.392
       580.385
       580.376
       580.366
       580.354
       580.342
       580.327
       580.311
       580.293
       580.273
       580.251
       580.227
         580.2
       580.171
        580.14
       580.105
       580.068
       580.028
       579.986
        579.94
       579.892
       579.841
       579.788
       579.733
       579.676
        579.96
       580.249
       580.544
       580.735
       580.937
       581.152
       581.377
        581.62
       581.883
       582.105
       582.351
       582.625
       582.978
       583.362
       583.742
       584.188
       584.675
       585.206
       585.798
       586.439
       587.126
       587.607
       588.122
       588.621
       588.778
       588.919
        589.05
       589.298
       589.532
       589.806
       590.298
       590.778
        591.28
        591.83
       592.371
       592.906
       593.329
       593.714
       593.882
       593.891
        593.82
       593.508
       593.142
        592.78
       592.338
       591.852
       591.622
       591.521
       591.417
       591.292
       591.417
        591.54
        591.62
        591.68
       591.748
       591.838
       591.765
       591.609
       591.463
       591.201
       590.803
       590.013
       589.058
       588.646
        588.81
       591.969
       593.628
       593.865
       593.535
       592.612
       591.546
       590.296
       588.614
       586.858
       585.054
       583.356
       582.292
       581.483
       580.587
       579.632
       578.682
       577.755
       576.277
       574.672
       573.133
       571.812
       570.266
        568.73
       567.241
       565.955
       564.942
       564.002
       563.135
        562.14
       561.207
       559.855
        558.29
       556.784
       555.353
       554.004
       552.705
       551.457
       550.365
       549.368
       548.418
       547.512
       546.577
       545.701
       544.971
       568.424
       568.294
       544.513
       550.404
       550.404
       550.404
       550.405
       550.405
       550.406
       550.406
       550.407
       550.407
       550.408
       550.409
       550.409
        550.41
       550.411
       550.411
       550.412
       550.412
       550.413
       550.413
       550.414
       550.414
       550.414
       550.415
       550.414
       550.414
       550.414
       550.413
       550.412
        550.41
       550.409
       550.406
       550.404
         550.4
       550.396
       550.392
       550.386
        550.38
       550.372
       550.364
       550.354
       550.343
        550.33
       550.316
         550.3
       550.282
       550.262
       550.239
       550.214
       550.187
       550.156
       550.123
       550.086
       550.046
       550.002
       549.955
       549.903
       549.848
       549.789
       549.726
       549.659
       549.588
       549.514
        549.81
       550.111
       550.415
       550.604
       550.803
       551.013
       551.232
       551.467
       551.721
       551.927
       552.155
       552.411
       552.748
       553.116
       553.475
       553.901
       554.367
       554.876
       555.446
       556.065
       556.728
       557.161
       557.648
       558.141
       558.262
       558.368
       558.465
       558.691
       558.905
       559.164
       559.665
       560.152
       560.668
       561.237
       561.799
       562.356
        562.79
       563.183
       563.341
       563.328
       563.231
       562.871
       562.453
       562.039
       561.537
        560.99
       560.726
       560.606
       560.485
       560.345
        560.48
       560.617
        560.71
       560.787
       560.879
       561.002
       560.954
       560.821
       560.705
       560.469
       560.092
       559.294
       558.324
       557.956
       558.225
       561.775
       563.695
       564.072
       563.835
       562.957
        561.93
       560.707
       559.018
       557.253
       555.442
       553.752
        552.76
       552.052
       551.253
       550.388
        549.53
       548.694
       547.254
       545.672
       544.158
       542.877
       541.345
       539.816
       538.332
       537.062
       536.084
       535.179
       534.346
       533.366
       532.448
       531.063
       529.439
       527.872
       526.377
       524.965
       523.599
       522.279
        521.12
       520.059
       519.041
       518.064
       517.051
       516.097
       515.302
       540.943
       540.804
       514.803
       520.387
       520.388
       520.388
       520.388
       520.389
       520.389
        520.39
        520.39
       520.391
       520.392
       520.392
       520.393
       520.393
       520.394
       520.395
       520.395
       520.396
       520.396
       520.397
       520.397
       520.397
       520.397
       520.397
       520.397
       520.397
       520.396
       520.395
       520.394
       520.392
        520.39
       520.388
       520.385
       520.381
       520.377
       520.372
       520.366
       520.359
       520.351
       520.342
       520.331
       520.319
       520.305
        520.29
       520.272
       520.252
        520.23
       520.205
       520.177
       520.146
       520.112
       520.074
       520.032
       519.986
       519.936
        519.88
        519.82
       519.755
       519.684
       519.609
       519.527
       519.441
       519.349
       519.657
       519.968
       520.281
       520.467
       520.661
       520.866
       521.077
       521.304
       521.548
       521.736
       521.946
       522.182
       522.503
       522.853
       523.189
       523.595
       524.039
       524.525
       525.073
       525.669
       526.308
       526.694
       527.138
       527.606
       527.688
       527.755
       527.815
       528.019
        528.21
       528.454
       528.962
       529.458
       529.987
       530.577
       531.161
        531.74
       532.186
       532.589
        532.74
       532.706
       532.586
       532.179
        531.71
       531.246
       530.686
        530.08
       529.783
       529.646
       529.511
       529.358
       529.506
        529.66
       529.767
       529.862
       529.979
       530.135
       530.111
       530.001
       529.916
       529.706
       529.349
       528.542
       527.556
        527.23
       527.602
       531.542
       533.725
        534.24
       534.096
       533.262
       532.273
       531.077
        529.38
       527.607
       525.788
       524.106
       523.189
       522.583
        521.88
       521.107
       520.341
       519.599
       518.199
       516.641
       515.154
       513.916
         512.4
       510.881
       509.404
       508.154
       507.213
       506.345
       505.548
       504.586
       503.683
       502.267
       500.585
       498.956
       497.398
       495.921
       494.485
        493.09
       491.861
       490.729
       489.634
       488.578
       487.478
       486.437
       485.568
       513.406
       513.256
       485.014
       490.365
       490.366
       490.366
       490.366
       490.367
       490.367
       490.368
       490.368
       490.369
       490.369
        490.37
        490.37
       490.371
       490.372
       490.372
       490.373
       490.373
       490.374
       490.374
       490.374
       490.375
       490.375
       490.375
       490.374
       490.374
       490.373
       490.372
       490.371
       490.369
       490.367
       490.364
       490.361
       490.357
       490.352
       490.347
        490.34
       490.333
       490.324
       490.314
       490.303
        490.29
       490.275
       490.258
       490.239
       490.218
       490.194
       490.166
       490.136
       490.102
       490.064
       490.021
       489.974
       489.922
       489.865
       489.802
       489.733
       489.658
       489.576
       489.487
       489.391
       489.288
       489.178
       489.498
       489.818
       490.139
       490.321
        490.51
       490.708
       490.911
       491.128
       491.361
       491.531
       491.722
       491.937
        492.24
       492.572
       492.885
       493.269
        493.69
       494.152
       494.677
       495.249
       495.863
       496.197
       496.587
       497.017
       497.052
       497.075
       497.097
       497.275
       497.443
        497.67
       498.184
       498.689
       499.233
       499.845
       500.453
       501.054
       501.514
       501.929
       502.072
       502.022
       501.881
        501.43
       500.911
       500.399
       499.783
       499.119
       498.792
        498.64
       498.493
       498.327
        498.49
       498.663
       498.785
       498.901
       499.045
       499.236
       499.238
       499.151
       499.095
       498.911
       498.573
       497.756
       496.751
       496.465
       496.939
       501.269
       503.713
       504.365
       504.313
       503.522
        502.57
       501.399
       499.695
       497.912
       496.086
       494.414
       493.573
       493.069
       492.464
       491.785
       491.114
       490.467
       489.109
       487.579
       486.121
       484.928
        483.43
       481.925
       480.458
        479.23
        478.33
       477.502
       476.744
       475.802
       474.916
       473.472
       471.733
       470.045
       468.423
       466.881
       465.372
       463.898
       462.593
       461.382
       460.202
       459.056
       457.857
       456.717
        455.76
       485.806
        485.64
       455.132
       460.333
       460.333
       460.334
       460.334
       460.334
       460.335
       460.335
       460.336
       460.336
       460.337
       460.337
       460.338
       460.339
       460.339
        460.34
        460.34
        460.34
       460.341
       460.341
       460.341
       460.342
       460.342
       460.341
       460.341
        460.34
        460.34
       460.338
       460.337
       460.335
       460.333
        460.33
       460.326
       460.322
       460.317
       460.311
       460.305
       460.297
       460.288
       460.277
       460.265
       460.252
       460.236
       460.218
       460.197
       460.174
       460.148
       460.119
       460.086
       460.049
       460.007
       459.961
       459.909
       459.851
       459.788
       459.717
       459.639
       459.554
       459.461
       459.359
       459.248
       459.129
           459
        459.33
        459.66
       459.988
       460.166
       460.349
        460.54
       460.733
        460.94
       461.161
       461.311
       461.482
       461.676
        461.96
       462.272
       462.561
       462.922
        463.32
       463.758
       464.259
       464.807
       465.394
       465.677
       466.013
       466.385
       466.348
       466.321
       466.305
       466.455
       466.597
       466.805
       467.325
       467.839
       468.399
       469.037
       469.668
       470.294
       470.768
       471.196
       471.336
       471.272
       471.111
       470.618
       470.053
       469.493
       468.824
       468.105
        467.75
       467.584
       467.427
       467.251
        467.43
       467.623
       467.765
       467.904
       468.077
       468.304
       468.332
       468.268
       468.243
       468.082
       467.763
       466.933
       465.908
       465.658
       466.232
       470.951
       473.654
       474.443
        474.48
       473.731
       472.815
       471.669
       469.956
       468.165
       466.332
       464.671
       463.907
       463.508
       463.004
       462.421
       461.846
       461.295
       459.982
       458.481
       457.057
       455.913
       454.437
       452.947
       451.495
       450.292
       449.436
       448.652
       447.937
       447.018
       446.153
       444.683
        442.89
       441.143
        439.46
       437.851
       436.269
       434.712
       433.324
       432.026
       430.751
       429.501
       428.187
        426.93
        425.87
       458.132
       457.946
       425.138
       430.286
       430.286
       430.287
       430.287
       430.287
       430.288
       430.288
       430.289
       430.289
        430.29
        430.29
       430.291
       430.291
       430.292
       430.292
       430.293
       430.293
       430.293
       430.294
       430.294
       430.294
       430.294
       430.293
       430.293
       430.292
       430.291
        430.29
       430.289
       430.287
       430.284
       430.281
       430.277
       430.273
       430.268
       430.262
       430.255
       430.247
       430.237
       430.226
       430.214
       430.199
       430.183
       430.164
       430.143
       430.118
       430.091
       430.059
       430.024
       429.984
       429.939
       429.889
       429.833
        429.77
         429.7
       429.622
       429.536
       429.441
       429.336
       429.221
       429.096
       428.959
       428.812
       429.153
       429.491
       429.826
       429.999
       430.176
       430.358
       430.542
       430.737
       430.945
       431.076
       431.225
       431.396
       431.662
       431.953
       432.217
       432.555
       432.929
       433.342
       433.819
       434.341
       434.903
       435.135
       435.418
       435.732
        435.61
       435.515
        435.44
       435.554
       435.665
       435.852
       436.376
       436.899
       437.478
       438.148
       438.804
       439.453
       439.943
       440.385
       440.526
       440.451
       440.271
       439.739
       439.131
       438.527
       437.807
       437.035
       436.653
       436.477
        436.31
       436.125
       436.323
       436.542
       436.703
       436.868
       437.073
       437.339
       437.393
       437.354
       437.358
       437.221
       436.918
       436.073
       435.024
       434.807
       435.477
       440.583
       443.544
       444.466
       444.592
       443.884
       443.001
       441.881
       440.159
       438.359
       436.521
       434.872
       434.187
       433.897
       433.496
       433.011
       432.535
       432.084
       430.817
        429.35
       427.961
       426.869
       425.419
       423.949
       422.514
       421.342
       420.534
       419.797
       419.129
       418.238
       417.398
       415.906
       414.063
       412.261
       410.517
       408.843
       407.185
       405.542
       404.066
       402.671
       401.287
       399.918
       398.468
       397.073
       395.885
       430.373
       430.161
        395.01
       400.219
        400.22
        400.22
       400.221
       400.221
       400.221
       400.222
       400.222
       400.223
       400.223
       400.224
       400.224
       400.225
       400.225
       400.225
       400.226
       400.226
       400.226
       400.227
       400.227
       400.227
       400.227
       400.226
       400.226
       400.225
       400.224
       400.223
       400.221
       400.219
       400.216
       400.213
       400.209
       400.205
         400.2
       400.194
       400.186
       400.178
       400.168
       400.157
       400.144
       400.129
       400.112
       400.092
        400.07
       400.045
       400.016
       399.983
       399.946
       399.904
       399.856
       399.803
       399.742
       399.675
       399.599
       399.514
        399.42
       399.315
       399.199
       399.072
       398.932
       398.779
       398.612
       398.963
        399.31
       399.652
       399.819
       399.989
       400.163
       400.335
       400.518
       400.713
       400.823
        400.95
       401.098
       401.343
       401.614
       401.852
       402.166
       402.515
       402.902
       403.354
       403.853
       404.389
       404.572
       404.806
       405.072
       404.875
       404.709
        404.57
       404.644
       404.722
       404.884
       405.408
       405.931
       406.514
       407.187
       407.853
       408.523
        409.03
        409.49
       409.637
       409.551
       409.356
       408.788
       408.141
       407.498
       406.729
       405.906
       405.501
       405.314
       405.139
       404.948
        405.17
       405.412
       405.597
       405.792
       406.033
        406.34
       406.424
       406.409
       406.442
       406.327
       406.038
       405.175
       404.098
       403.911
       404.672
       410.163
       413.378
       414.431
       414.642
       413.972
       413.124
       412.027
       410.297
       408.489
       406.647
       405.013
        404.41
       404.231
       403.936
       403.552
       403.178
        402.83
       401.613
       400.181
       398.832
       397.795
       396.375
       394.929
       393.517
       392.379
       391.624
        390.94
       390.325
       389.466
       388.656
       387.148
       385.259
       383.406
       381.606
       379.868
       378.134
       376.402
       374.832
        373.33
       371.823
       370.314
       368.704
        367.14
       365.791
       402.512
       402.267
       364.715
       370.129
        370.13
        370.13
        370.13
       370.131
       370.131
       370.131
       370.132
       370.132
       370.133
       370.133
       370.134
       370.134
       370.134
       370.135
       370.135
       370.135
       370.136
       370.136
       370.136
       370.136
       370.136
       370.135
       370.135
       370.134
       370.133
       370.132
        370.13
       370.128
       370.125
       370.122
       370.118
       370.114
       370.108
       370.102
       370.095
       370.086
       370.076
       370.065
       370.052
       370.036
       370.019
       369.999
       369.976
        369.95
        369.92
       369.886
       369.848
       369.804
       369.754
       369.698
       369.634
       369.562
       369.481
        369.39
       369.289
       369.175
       369.049
       368.909
       368.754
       368.585
       368.399
       368.761
       369.116
       369.463
       369.625
       369.786
       369.951
       370.112
       370.282
       370.463
       370.551
       370.655
       370.779
       371.004
       371.253
       371.464
       371.754
       372.077
       372.438
       372.865
       373.338
        373.85
       373.985
       374.175
         374.4
       374.137
        373.91
       373.717
       373.755
       373.801
       373.937
       374.456
       374.973
       375.546
       376.214
       376.882
       377.556
       378.063
       378.532
        378.67
       378.567
       378.357
       377.758
       377.082
       376.404
        375.59
       374.718
       374.289
       374.093
       373.911
       373.712
        373.95
       374.218
       374.442
       374.676
       374.958
       375.309
       375.424
       375.435
       375.496
       375.402
       375.123
       374.239
       373.128
       372.965
       373.813
       379.685
       383.151
        384.33
       384.623
       383.989
       383.172
       382.101
       380.362
       378.548
       376.704
       375.087
       374.568
       374.504
       374.318
       374.039
        373.77
       373.529
       372.365
       370.973
       369.666
       368.689
       367.303
       365.887
       364.502
       363.405
       362.709
       362.083
       361.526
       360.706
       359.932
       358.414
       356.486
       354.589
       352.737
        350.94
       349.133
       347.311
       345.641
       344.023
       342.376
       340.704
       338.902
       337.132
       335.577
       374.527
       374.241
       334.219
       340.011
       340.011
       340.011
       340.012
       340.012
       340.012
       340.013
       340.013
       340.013
       340.014
       340.014
       340.015
       340.015
       340.015
       340.016
       340.016
       340.016
       340.017
       340.017
       340.017
       340.017
       340.016
       340.016
       340.015
       340.015
       340.013
       340.012
        340.01
       340.008
       340.006
       340.002
       339.999
       339.994
       339.989
       339.983
       339.975
       339.967
       339.957
       339.945
       339.932
       339.917
       339.899
       339.879
       339.856
        339.83
       339.799
       339.765
       339.725
        339.68
       339.629
        339.57
       339.504
       339.429
       339.344
       339.248
       339.139
       339.018
       338.882
        338.73
       338.562
       338.376
       338.171
       338.543
       338.906
       339.259
       339.414
       339.567
       339.722
       339.871
       340.028
       340.194
       340.259
        340.34
       340.439
       340.643
       340.869
       341.053
       341.317
       341.614
       341.948
       342.349
       342.796
       343.282
       343.367
       343.518
       343.709
       343.388
       343.109
       342.871
       342.879
       342.897
       343.008
        343.52
       344.027
       344.593
       345.258
       345.923
       346.596
       347.101
       347.567
       347.686
       347.559
       347.319
       346.674
       345.959
       345.248
       344.388
       343.468
       343.017
        342.81
       342.624
       342.425
       342.686
       342.987
       343.243
       343.525
       343.849
       344.247
       344.397
       344.435
       344.524
       344.449
       344.178
       343.266
       342.117
       341.971
       342.897
       349.144
       352.856
       354.156
       354.528
       353.926
       353.141
       352.093
       350.347
       348.529
       346.685
       345.087
       344.657
        344.71
       344.637
       344.466
       344.306
       344.175
       343.069
        341.72
        340.46
       339.549
       338.202
       336.821
        335.47
       334.418
       333.788
       333.228
       332.735
       331.961
       331.232
       329.712
       327.754
        325.82
       323.926
       322.076
       320.201
       318.292
       316.519
       314.775
       312.971
       311.111
        309.08
       307.053
       305.231
        346.39
       346.055
       303.476
       309.859
       309.859
        309.86
        309.86
        309.86
       309.861
       309.861
       309.861
       309.862
       309.862
       309.862
       309.863
       309.863
       309.864
       309.864
       309.864
       309.864
       309.864
       309.865
       309.865
       309.864
       309.864
       309.864
       309.863
       309.862
       309.861
        309.86
       309.858
       309.856
       309.853
        309.85
       309.846
       309.842
       309.837
       309.831
       309.824
       309.815
       309.806
       309.794
       309.781
       309.766
       309.749
       309.729
       309.706
       309.679
       309.649
       309.614
       309.575
       309.529
       309.477
       309.417
       309.349
       309.272
       309.184
       309.083
        308.97
       308.841
       308.696
       308.533
       308.352
        308.15
       307.927
       308.309
       308.679
       309.038
       309.186
        309.33
       309.474
       309.611
       309.754
       309.904
       309.946
       310.003
       310.076
       310.258
        310.46
       310.616
       310.854
       311.123
       311.431
       311.803
       312.222
       312.686
       312.738
       312.859
       313.022
       312.649
       312.325
       312.047
       312.031
       312.026
       312.114
       312.618
       313.113
       313.667
       314.323
        314.98
       315.648
       316.141
       316.603
       316.711
       316.561
       316.289
       315.585
       314.806
       314.031
        313.12
       312.154
       311.685
       311.488
       311.317
       311.131
       311.425
       311.743
       312.034
       312.351
       312.712
       313.157
       313.345
       313.414
       313.532
       313.473
       313.206
       312.261
       311.065
       310.927
       311.922
       318.535
       322.485
       323.901
       324.346
       323.774
       323.019
       321.995
       320.244
       318.423
       316.583
       315.009
        314.67
       314.845
       314.888
       314.828
       314.781
       314.765
        313.72
       312.419
       311.211
       310.371
       309.069
       307.729
       306.418
        305.42
       304.861
       304.374
       303.954
       303.235
       302.559
       301.048
       299.071
       297.113
       295.187
       293.296
       291.362
       289.371
       287.497
       285.621
       283.645
       281.567
       279.264
       276.921
       274.751
       318.068
       317.675
       272.443
        279.67
        279.67
        279.67
       279.671
       279.671
       279.671
       279.672
       279.672
       279.672
       279.673
       279.673
       279.673
       279.674
       279.674
       279.674
       279.674
       279.675
       279.675
       279.675
       279.675
       279.675
       279.674
       279.674
       279.673
       279.672
       279.671
        279.67
       279.668
       279.666
       279.664
       279.661
       279.657
       279.653
       279.648
       279.642
       279.635
       279.627
       279.618
       279.607
       279.594
        279.58
       279.563
       279.543
       279.521
       279.495
       279.465
       279.431
       279.392
       279.346
       279.294
       279.235
       279.166
       279.088
       278.998
       278.894
       278.777
       278.643
        278.49
       278.318
       278.124
       277.907
       277.666
       278.057
       278.435
       278.799
       278.939
       279.074
       279.206
        279.33
       279.458
       279.592
       279.611
       279.642
       279.689
       279.847
       280.025
       280.153
       280.363
       280.603
       280.886
        281.24
       281.658
       282.125
       282.158
       282.257
       282.399
       281.978
       281.607
       281.287
       281.242
       281.206
       281.267
        281.76
       282.242
       282.782
       283.428
       284.073
        284.73
       285.207
        285.66
       285.752
       285.573
       285.266
       284.504
       283.652
       282.814
       281.839
       280.824
       280.341
        280.17
       280.024
        279.86
       280.189
       280.536
        280.84
       281.159
       281.543
       282.032
       282.273
       282.379
       282.526
       282.481
       282.212
       281.227
       279.974
       279.831
       280.881
        287.85
       292.029
       293.551
       294.064
       293.518
       292.792
       291.795
        290.04
       288.221
        286.39
       284.844
       284.601
       284.901
       285.064
       285.119
       285.188
       285.291
       284.312
       283.063
       281.914
       281.151
       279.902
        278.61
       277.346
       276.409
        275.93
       275.523
       275.184
        274.53
       273.918
       272.427
       270.445
       268.479
       266.538
        264.62
       262.643
       260.582
       258.615
       256.607
       254.449
       252.126
       249.505
       246.771
       244.151
       289.518
        289.06
       241.081
       249.438
       249.439
       249.439
       249.439
        249.44
        249.44
        249.44
        249.44
       249.441
       249.441
       249.441
       249.442
       249.442
       249.442
       249.442
       249.443
       249.443
       249.443
       249.443
       249.443
       249.443
       249.442
       249.442
       249.441
       249.441
        249.44
       249.438
       249.437
       249.435
       249.432
       249.429
       249.426
       249.422
       249.417
       249.412
       249.405
       249.398
       249.389
       249.378
       249.366
       249.352
       249.336
       249.318
       249.296
       249.271
       249.243
        249.21
       249.172
       249.128
       249.077
       249.018
       248.951
       248.872
       248.782
       248.678
       248.558
        248.42
       248.263
       248.082
       247.877
       247.646
       247.387
       247.788
       248.173
        248.54
       248.672
       248.796
       248.916
       249.026
       249.139
       249.256
       249.251
       249.257
       249.276
       249.411
       249.562
       249.659
       249.847
       250.077
       250.358
        250.72
       251.143
       251.614
       251.629
       251.711
       251.835
       251.368
       250.952
       250.588
        250.51
        250.44
       250.469
        250.95
       251.416
        251.94
       252.572
       253.203
       253.849
        254.31
       254.751
       254.812
       254.593
       254.246
       253.433
       252.521
       251.628
       250.596
       249.522
       249.027
       248.889
       248.781
       248.637
       248.999
       249.364
       249.657
        249.98
       250.397
        250.95
       251.221
       251.346
       251.516
       251.481
       251.206
       250.174
       248.852
       248.689
       249.774
       257.081
       261.474
       263.091
       263.664
        263.14
       262.443
       261.476
       259.722
       257.912
       256.095
       254.583
       254.442
       254.872
       255.158
       255.331
        255.52
       255.747
       254.839
       253.649
       252.564
       251.886
       250.697
       249.461
       248.252
       247.383
       246.991
       246.673
       246.425
       245.845
        245.31
       243.855
       241.885
       239.929
       237.994
       236.073
       234.074
       231.965
       229.921
       227.792
       225.449
       222.863
       219.878
       216.673
       213.477
       260.695
       260.166
       209.378
        219.16
        219.16
       219.161
       219.161
       219.161
       219.161
       219.162
       219.162
       219.162
       219.163
       219.163
       219.163
       219.163
       219.164
       219.164
       219.164
       219.164
       219.164
       219.164
       219.164
       219.164
       219.164
       219.163
       219.163
       219.162
       219.161
        219.16
       219.158
       219.156
       219.154
       219.152
       219.148
       219.145
        219.14
       219.135
       219.129
       219.122
       219.114
       219.104
       219.093
        219.08
       219.065
       219.048
       219.028
       219.005
       218.978
       218.947
        218.91
       218.869
        218.82
       218.764
       218.699
       218.623
       218.534
       218.431
       218.312
       218.173
       218.012
       217.825
       217.611
       217.367
        217.09
       217.501
       217.892
       218.262
       218.384
       218.496
       218.603
       218.698
       218.795
       218.895
       218.866
       218.846
       218.833
       218.948
       219.086
       219.179
       219.369
       219.601
       219.883
       220.249
       220.674
        221.15
       221.148
       221.213
       221.321
       220.811
       220.352
       219.944
       219.833
       219.728
       219.726
       220.191
       220.638
        221.14
       221.754
       222.368
       222.999
       223.439
       223.855
       223.877
       223.613
       223.236
       222.371
       221.405
       220.465
       219.391
       218.288
       217.818
        217.75
       217.692
       217.574
       217.951
       218.292
       218.569
       218.885
       219.318
        219.89
       220.172
       220.314
       220.507
       220.482
       220.199
       219.114
       217.712
       217.509
       218.603
        226.22
       230.806
       232.501
       233.123
       232.617
       231.951
       231.021
        229.28
       227.489
       225.694
       224.224
       224.192
       224.754
       225.163
       225.454
       225.766
       226.121
       225.289
       224.165
       223.154
       222.569
       221.449
       220.279
       219.135
       218.342
       218.045
       217.824
       217.675
        217.18
       216.735
       215.332
       213.395
       211.474
       209.572
       207.678
       205.689
       203.564
       201.474
       199.249
       196.736
       193.883
       190.501
       186.745
       182.829
       231.551
       230.948
       177.382
        188.83
        188.83
       188.831
       188.831
       188.831
       188.831
       188.832
       188.832
       188.832
       188.832
       188.833
       188.833
       188.833
       188.833
       188.833
       188.833
       188.834
       188.834
       188.834
       188.834
       188.833
       188.833
       188.833
       188.832
       188.832
       188.831
        188.83
       188.828
       188.827
       188.825
       188.822
       188.819
       188.816
       188.812
       188.808
       188.802
       188.796
       188.788
        188.78
        188.77
       188.758
       188.744
       188.729
       188.711
       188.689
       188.665
       188.636
       188.603
       188.565
        188.52
       188.467
       188.406
       188.334
        188.25
       188.151
       188.034
       187.897
       187.736
       187.547
       187.326
       187.071
       186.777
       187.197
       187.592
       187.964
       188.073
       188.172
       188.264
       188.343
       188.425
       188.508
       188.455
       188.416
       188.399
       188.517
       188.662
       188.754
       188.944
       189.175
       189.454
       189.819
       190.244
       190.722
       190.702
       190.753
       190.849
       190.301
       189.802
       189.354
       189.212
       189.074
       189.039
       189.487
       189.908
       190.383
       190.973
       191.566
       192.178
       192.592
       192.982
       192.963
       192.657
       192.238
       191.311
       190.296
        189.32
       188.202
       187.082
       186.666
       186.636
       186.602
       186.531
       186.943
       187.303
       187.565
       187.851
       188.257
       188.827
       189.114
       189.282
       189.509
       189.498
       189.208
       188.066
       186.575
       186.307
       187.373
       195.259
       200.006
       201.755
       202.412
       201.918
       201.287
       200.405
       198.692
       196.939
       195.185
       193.768
        193.85
       194.546
       195.078
       195.487
        195.92
       196.404
       195.653
       194.602
       193.675
       193.195
       192.156
       191.062
       189.992
       189.284
        189.09
       188.971
       188.929
        188.53
       188.189
       186.857
       184.978
       183.121
       181.286
       179.457
        177.52
       175.426
       173.338
       171.064
       168.423
       165.329
       161.545
       157.177
       152.392
       202.048
       201.374
       145.257
       158.444
       158.444
       158.444
       158.444
       158.445
       158.445
       158.445
       158.445
       158.446
       158.446
       158.446
       158.446
       158.446
       158.446
       158.447
       158.447
       158.447
       158.447
       158.447
       158.447
       158.447
       158.446
       158.446
       158.446
       158.445
       158.444
       158.443
       158.442
       158.441
       158.439
       158.437
       158.434
       158.432
       158.428
       158.424
       158.419
       158.414
       158.407
         158.4
       158.391
       158.381
       158.369
       158.356
        158.34
       158.321
       158.299
       158.274
       158.245
       158.211
        158.17
       158.123
       158.068
       158.003
       157.925
       157.833
       157.723
       157.592
       157.436
       157.248
       157.025
        156.76
        156.45
       156.878
       157.275
       157.644
       157.739
       157.822
       157.896
       157.957
       158.028
       158.107
       158.058
       158.028
        158.02
       158.144
       158.293
       158.382
       158.568
       158.793
       159.064
       159.423
       159.844
       160.321
       160.281
        160.32
       160.408
       159.827
       159.299
       158.818
       158.652
       158.484
       158.414
        158.84
        159.23
       159.672
        160.23
       160.793
       161.378
        161.76
       162.123
       162.065
        161.72
        161.26
       160.285
       159.233
       158.231
       157.105
       155.983
       155.563
        155.52
       155.499
        155.44
       155.901
        156.29
       156.563
       156.839
       157.242
       157.807
       158.091
       158.277
       158.539
       158.546
       158.254
       157.061
       155.472
       155.113
         156.1
       164.188
       169.048
       170.819
       171.492
       171.005
       170.417
         169.6
       167.939
       166.251
       164.565
       163.218
       163.419
       164.249
       164.899
       165.419
        165.97
       166.583
       165.917
       164.948
       164.116
       163.755
       162.811
       161.807
       160.822
       160.207
       160.121
       160.109
       160.179
       159.884
       159.662
       158.422
       156.629
       154.872
       153.146
       151.431
         149.6
       147.597
        145.58
       143.332
       140.643
       137.382
       133.247
       128.259
       122.486
       172.174
       171.434
       113.385
       127.996
       127.996
       127.997
       127.997
       127.997
       127.997
       127.998
       127.998
       127.998
       127.998
       127.998
       127.998
       127.998
       127.999
       127.999
       127.999
       127.999
       127.999
       127.999
       127.999
       127.999
       127.998
       127.998
       127.998
       127.997
       127.997
       127.996
       127.995
       127.994
       127.992
       127.991
       127.989
       127.986
       127.983
        127.98
       127.976
       127.972
       127.966
        127.96
       127.953
       127.944
       127.935
       127.923
        127.91
       127.894
       127.876
       127.855
        127.83
       127.801
       127.767
       127.727
        127.68
       127.623
       127.555
       127.474
       127.376
       127.256
       127.109
        126.93
        126.71
       126.441
       126.116
       126.549
       126.942
       127.304
       127.378
       127.447
       127.511
       127.579
       127.662
       127.758
       127.719
       127.698
       127.695
       127.825
       127.976
       128.058
       128.237
       128.451
       128.708
       129.052
       129.461
        129.93
        129.87
       129.899
       129.987
       129.385
       128.839
        128.34
       128.158
       127.965
       127.862
        128.26
       128.611
       129.009
       129.524
       130.044
        130.59
       130.932
       131.261
       131.167
       130.789
        130.31
       129.318
       128.256
       127.284
       126.187
       125.087
       124.686
       124.634
       124.589
       124.486
       124.934
       125.324
       125.598
       125.889
       126.301
       126.863
       127.145
       127.329
       127.613
       127.642
       127.364
       126.137
       124.463
       123.991
       124.825
       132.999
       137.894
       139.636
       140.305
       139.823
       139.295
       138.573
       137.002
        135.42
       133.839
       132.587
       132.913
       133.866
       134.621
       135.238
       135.895
       136.636
        136.06
       135.187
       134.466
       134.241
        133.41
       132.514
       131.629
       131.116
       131.139
       131.233
       131.413
       131.226
       131.135
       130.011
       128.339
       126.726
        125.16
       123.613
       121.952
       120.116
        118.26
       116.147
       113.539
       110.257
       105.918
       100.416
         93.63
       141.972
       141.179
        82.515
       97.4826
       97.4829
       97.4832
       97.4834
       97.4836
       97.4837
       97.4839
        97.484
       97.4841
       97.4843
       97.4844
       97.4845
       97.4846
       97.4847
       97.4848
       97.4848
       97.4849
       97.4849
       97.4849
       97.4848
       97.4847
       97.4846
       97.4843
        97.484
       97.4837
       97.4832
       97.4826
       97.4818
       97.4809
       97.4798
       97.4785
        97.477
       97.4751
        97.473
       97.4704
       97.4674
       97.4639
       97.4598
        97.455
       97.4494
       97.4429
       97.4353
       97.4265
       97.4162
       97.4041
       97.3901
       97.3736
       97.3543
       97.3316
       97.3048
       97.2731
       97.2353
       97.1899
       97.1352
       97.0684
       96.9863
       96.8842
       96.7559
       96.5935
       96.3863
        96.121
       95.7859
       96.2157
       96.5948
       96.9443
       97.0134
       97.0888
       97.1702
       97.2511
       97.3476
       97.4597
       97.4309
       97.4194
       97.4234
       97.5591
       97.7094
       97.7834
       97.9497
       98.1445
       98.3776
       98.6956
       99.0807
       99.5347
       99.4515
        99.472
       99.5681
        98.963
       98.4222
       97.9248
       97.7424
       97.5322
       97.3971
       97.7595
       98.0597
       98.3984
       98.8534
        99.312
       99.8022
       100.088
       100.374
       100.238
       99.8359
       99.3663
       98.4015
       97.4024
        96.508
       95.4972
       94.4541
       94.0772
        94.025
       93.9697
       93.8303
       94.2588
       94.6292
       94.8749
       95.1329
       95.4965
       96.0221
       96.2715
        96.436
       96.7205
       96.7883
       96.5618
       95.3529
       93.6456
       93.0614
       93.6445
       101.686
        106.48
       108.123
       108.759
       108.291
       107.852
       107.276
       105.856
       104.448
       103.031
       101.912
       102.364
       103.419
       104.247
       104.932
       105.671
       106.528
       106.054
       105.298
       104.711
       104.642
       103.947
       103.185
       102.422
        102.02
       102.149
       102.336
       102.615
        102.53
       102.576
       101.596
       100.088
       98.6722
       97.3245
       96.0096
       94.5919
       93.0087
       91.4197
       89.5816
       87.2388
       84.1786
       79.9342
       74.2289
       66.6328
       111.584
       110.766
        53.989
       66.8984
       66.8987
       66.8989
        66.899
       66.8992
       66.8993
       66.8994
       66.8995
       66.8996
       66.8997
       66.8997
       66.8998
       66.8999
       66.8999
          66.9
          66.9
       66.9001
       66.9001
          66.9
          66.9
       66.8999
       66.8998
       66.8997
       66.8995
       66.8992
       66.8989
       66.8985
        66.898
       66.8974
       66.8966
       66.8957
       66.8947
       66.8934
        66.892
       66.8902
       66.8882
       66.8858
        66.883
       66.8797
       66.8759
       66.8715
       66.8663
       66.8603
       66.8533
        66.845
       66.8354
       66.8241
       66.8109
       66.7953
       66.7768
       66.7548
       66.7284
       66.6966
       66.6578
       66.6099
       66.5498
       66.4729
       66.3725
       66.2401
       66.0627
        65.815
       65.4846
       65.9095
       66.2792
       66.6254
       66.6965
       66.7792
       66.8723
       66.9649
       67.0733
       67.2011
       67.1886
       67.1928
       67.2067
       67.3454
       67.4924
       67.5557
       67.7056
       67.8754
       68.0739
       68.3493
       68.6891
       69.1088
       68.9995
       69.0135
       69.1257
       68.5478
       68.0491
       67.5866
       67.4247
       67.2107
       67.0458
       67.3576
       67.5877
       67.8476
       68.2186
         68.59
       68.9972
       69.2063
       69.4308
       69.2603
       68.8839
       68.4842
       67.6254
       66.7639
       66.0099
       65.1243
       64.1654
       63.8343
       63.7921
       63.7008
       63.5084
       63.8848
        64.212
       64.3967
         64.59
       64.8813
       65.3336
        65.513
       65.6237
       65.8894
       65.9967
       65.8531
       64.7678
       63.1796
       62.5667
       62.7947
       70.2563
       74.6971
       76.1377
       76.7177
       76.2957
       76.0008
       75.6383
       74.4709
        73.345
       72.1924
       71.2704
       71.8375
       72.9385
       73.7854
        74.487
       75.2583
       76.1991
       75.8488
       75.2525
       74.8327
       74.9402
       74.4178
       73.8307
       73.2252
        72.948
       73.1655
       73.4162
       73.7595
       73.7549
       73.9319
        73.128
       71.8493
       70.7012
       69.6374
       68.6196
       67.5172
       66.2754
        65.066
       63.6582
       61.8131
       59.3197
        55.673
       50.4328
       42.7161
       81.3234
       80.5505
       30.0648
       36.2385
       36.2387
       36.2388
       36.2389
        36.239
       36.2391
       36.2391
       36.2392
       36.2392
       36.2393
       36.2393
       36.2393
       36.2394
       36.2394
       36.2394
       36.2394
       36.2395
       36.2395
       36.2395
       36.2394
       36.2394
       36.2393
       36.2393
       36.2392
        36.239
       36.2389
       36.2387
       36.2384
       36.2381
       36.2377
       36.2373
       36.2367
       36.2361
       36.2354
       36.2345
       36.2334
       36.2322
       36.2308
       36.2292
       36.2273
        36.225
       36.2224
       36.2193
       36.2158
       36.2116
       36.2067
        36.201
       36.1942
       36.1862
       36.1768
       36.1655
       36.1519
       36.1355
       36.1153
         36.09
       36.0576
       36.0143
       35.9523
       35.8661
       35.7501
       35.5868
       35.3266
       35.7186
        36.035
       36.3401
       36.4118
       36.5049
       36.6105
       36.7144
       36.8318
       36.9697
       36.9847
       37.0163
        37.049
       37.1855
       37.3242
        37.383
       37.5136
       37.6517
       37.8043
       38.0125
       38.2688
       38.6088
       38.4854
       38.4891
       38.6039
       38.1178
       37.7241
       37.3482
       37.2244
       37.0308
       36.8557
       37.0845
       37.2203
       37.3764
       37.6258
       37.8699
       38.1518
       38.2654
       38.4186
       38.2606
       37.9467
       37.6502
       36.9694
       36.3119
       35.7528
         35.07
       34.3018
       34.0449
       33.9848
       33.8527
       33.6106
        33.874
       34.0811
       34.1693
       34.2718
        34.461
        34.801
       34.9099
       34.9766
       35.2051
       35.3267
       35.3193
       34.5579
       33.3798
       32.9493
       32.8559
       38.7701
        42.325
       43.4354
       43.9594
       43.6958
       43.6247
       43.5534
       42.8047
       42.1316
       41.4176
       40.8282
       41.4492
       42.4658
       43.2416
       43.8907
       44.6087
       45.5322
       45.3663
       45.0244
       44.8309
       45.0985
       44.8043
        44.464
       44.0869
       43.9565
       44.2169
       44.4727
       44.8096
       44.8461
       45.0974
       44.5294
       43.5974
       42.8102
       42.0979
       41.4325
       40.7109
       39.8968
       39.1596
       38.3196
       37.2095
       35.6926
        33.362
       29.7818
       23.6919
       51.7798
       51.2189
       14.3323
       5.49813
       5.49813
       5.49813
       5.49813
       5.49813
       5.49813
       5.49813
       5.49813
       5.49813
       5.49813
       5.49813
       5.49813
       5.49813
       5.49813
       5.49813
       5.49813
       5.49813
       5.49813
       5.49813
       5.49813
       5.49813
       5.49813
       5.49813
       5.49813
       5.49813
       5.49813
       5.49813
       5.49813
       5.49813
       5.49813
       5.49813
       5.49813
       5.49813
       5.49813
       5.49813
       5.49813
       5.49813
       5.49813
       5.49813
       5.49813
       5.49813
       5.49813
       5.49813
       5.49813
       5.49813
       5.49813
       5.49813
       5.49813
       5.49813
       5.49813
       5.49813
       5.49813
       5.49813
       5.49813
       5.49813
       5.49813
       5.49813
       5.49813
       5.49813
       5.49813
       5.49813
       5.49813
        5.6721
       5.84765
        6.0231
       6.14205
       6.26099
       6.37992
       6.49617
       6.61241
       6.72829
       6.81134
       6.89438
       6.97775
       7.08557
       7.19336
       7.28167
       7.38439
       7.48712
       7.59001
       7.69997
       7.80992
       7.91617
       7.89281
       7.86944
        7.8409
       7.65167
       7.46244
       7.27623
       7.15489
       7.03354
       6.93836
       6.95817
       6.97798
       7.01578
       7.08259
        7.1494
       7.21621
        7.2311
       7.23245
       7.13304
       6.96095
         6.754
        6.4288
       6.08093
       5.73991
       5.36619
       4.98195
       4.73643
       4.56595
       4.40413
        4.2423
        4.2164
       4.20217
       4.18794
       4.20033
        4.2544
        4.3585
       4.42118
       4.48387
       4.59503
       4.69338
       4.77047
       4.69771
       4.58993
       4.80159
       5.34917
       7.44822
       8.84936
       9.59305
       10.1061
       10.3718
       10.6121
       10.8012
       10.8124
       10.8237
       10.8475
       10.9596
         11.42
       12.0296
        12.608
        13.157
       13.7015
        14.241
        14.482
       14.6306
       14.7791
       15.0001
       15.0663
       15.0934
       15.1024
       15.1737
       15.3444
       15.5152
        15.686
       15.7568
       15.8241
       15.6474
       15.3322
       15.0169
       14.7106
       14.4198
        14.129
       13.8393
       13.6042
       13.3938
       13.1827
       12.9693
       12.7161
       12.4628
        12.251
            24
            24
       12.2234
