160                           39.344                        
35                            39.344                        
34                            35.725                        
33                            32.552                        
32                            28.985                        
31                            24.125                        
30                            19.71                         
29                            16.083                        
28                            11.923                        
10                            50.829                        
9                             87.748                        
8                             88.491                        
7                             61.695                        
6                             46.456                        
5                             40.201                        
4                             33.669                        
3                             28.741                        
2                             22.285                        
1                             19.702                        
0                             19.462                        
