160                           96.758                        
35                            96.758                        
34                            96.84                         
33                            97.179                        
32                            97.571                        
31                            97.953                        
30                            98.305                        
29                            98.624                        
28                            98.907                        
27                            99.152                        
26                            99.36                         
25                            99.551                        
24                            99.711                        
23                            99.844                        
22                            99.94                         
21                            100.01                        
20                            100.05                        
19                            100.06                        
18                            100.07                        
17                            100.06                        
16                            100.03                        
15                            84.362                        
14                            76.806                        
13                            66.86                         
12                            53.895                        
11                            51.973                        
10                            28.935                        
9                             24.205                        
8                             24.334                        
7                             22.645                        
6                             22.415                        
5                             21.955                        
4                             21.508                        
3                             21.074                        
2                             20.651                        
1                             20.24                         
0                             19.838                        
