160                           105.94                        
35                            105.94                        
34                            106.44                        
33                            107.44                        
32                            108.68                        
31                            110.03                        
30                            111.43                        
29                            112.87                        
28                            114.34                        
27                            115.84                        
26                            117.34                        
25                            118.91                        
24                            120.44                        
23                            122.04                        
22                            123.61                        
21                            125.2                         
20                            126.79                        
19                            128.38                        
18                            129.96                        
17                            131.55                        
16                            133.13                        
15                            129.92                        
14                            131.83                        
13                            129.14                        
12                            128.39                        
11                            132.16                        
10                            13.736                        
9                             16.005                        
7                             29.897                        
6                             17.404                        
5                             18.101                        
4                             18.623                        
3                             18.593                        
2                             19.342                        
1                             18.938                        
0                             19.496                        
