29                            
0                             1.8447                        
1                             1.8586                        
2                             1.8724                        
3                             1.8863                        
4                             1.9001                        
5                             1.914                         
6                             1.9278                        
7                             1.9417                        
8                             1.9555                        
9                             1.9694                        
10                            1.9832                        
11                            1.9971                        
12                            2.0109                        
13                            2.0248                        
14                            2.0386                        
15                            2.0525                        
16                            2.0663                        
17                            2.0802                        
18                            2.0941                        
19                            2.1079                        
20                            2.1218                        
21                            2.1356                        
22                            2.1495                        
23                            2.1633                        
24                            2.1772                        
25                            2.191                         
26                            2.2049                        
27                            2.2187                        
28                            2.2326                        
29                            2.2464                        
30                            2.2603                        
31                            2.2542                        
32                            2.226                         
33                            2.1977                        
34                            2.1694                        
35                            2.1411                        
36                            2.1128                        
37                            2.0845                        
38                            2.0563                        
39                            2.028                         
40                            1.9997                        
41                            1.9559                        
42                            1.9024                        
43                            1.8564                        
44                            1.8392                        
45                            1.822                         
46                            1.8047                        
47                            1.7875                        
48                            1.7703                        
49                            1.7531                        
50                            1.7359                        
51                            1.7187                        
52                            1.7014                        
53                            1.6842                        
54                            1.667                         
55                            1.6498                        
56                            1.6229                        
57                            1.5657                        
58                            1.5085                        
59                            1.4513                        
60                            1.394                         
61                            1.3368                        
62                            1.2917                        
63                            1.2891                        
64                            1.2864                        
65                            1.2838                        
66                            1.2811                        
67                            1.2785                        
68                            1.2759                        
69                            1.2832                        
70                            1.2909                        
71                            1.2985                        
72                            1.3168                        
73                            1.3389                        
74                            1.3611                        
75                            1.3832                        
76                            1.357                         
77                            1.3292                        
78                            1.3014                        
79                            1.2926                        
80                            1.2853                        
81                            1.278                         
82                            1.272                         
83                            1.3048                        
84                            1.3376                        
85                            1.3704                        
86                            1.4032                        
87                            1.4247                        
88                            1.4119                        
89                            1.399                         
90                            1.3861                        
91                            1.4093                        
92                            1.4589                        
93                            1.5085                        
94                            1.5581                        
95                            1.5837                        
96                            1.5867                        
97                            1.5897                        
98                            1.5531                        
99                            1.4137                        
100                           1.2744                        
101                           1.2273                        
102                           1.1971                        
103                           1.1668                        
104                           1.1365                        
105                           1.1062                        
106                           1.0759                        
107                           1.0523                        
108                           1.0462                        
109                           1.0401                        
110                           1.034                         
111                           1.0279                        
112                           1.0218                        
113                           1.0156                        
114                           1.0095                        
115                           1.0034                        
116                           0.99067                       
117                           0.97221                       
118                           0.95376                       
119                           0.93531                       
120                           0.91686                       
121                           0.91061                       
122                           0.90814                       
123                           0.90567                       
124                           0.90157                       
125                           0.89545                       
126                           0.88933                       
127                           0.88321                       
128                           0.87709                       
129                           0.87097                       
130                           0.86485                       
131                           0.86855                       
132                           0.87795                       
133                           0.88735                       
134                           0.89676                       
135                           0.90616                       
136                           0.91556                       
137                           0.94626                       
138                           0.97933                       
139                           1.0124                        
140                           1.0455                        
141                           1.0785                        
142                           1.1116                        
143                           1.0827                        
144                           1.0442                        
145                           1.0168                        
146                           1.0009                        
147                           0.98495                       
148                           0.96903                       
149                           0.95311                       
150                           0.93719                       
151                           0.9296                        
152                           0.93857                       
153                           0.94755                       
154                           0.96455                       
155                           1.0076                        
156                           1.0506                        
157                           1.0839                        
158                           1.0768                        
159                           1.0698                        
160                           1.056                         
161                           1.0408                        
162                           1.0629                        
163                           1.0855                        
164                           1.1081                        
165                           1.1307                        
166                           1.1533                        
167                           1.1759                        
168                           1.1778                        
169                           1.1778                        
170                           1.1778                        
171                           0                             
172                           0                             
173                           1.1778                        
