       922.585
       922.581
       922.579
       922.577
       922.575
       922.573
       922.571
       922.568
       922.565
       922.562
       922.558
       922.554
       922.549
       922.543
       922.538
       922.531
       922.524
       922.517
       922.508
       922.499
       922.489
       922.478
       922.467
       922.454
        922.44
       922.426
        922.41
       922.393
       922.375
       922.355
       922.335
       922.313
       922.289
       922.264
       922.238
        922.21
        922.18
       922.149
       922.116
       922.082
       922.047
        922.01
       921.971
       921.932
       921.891
        921.85
       921.807
       921.765
       921.722
        921.68
       921.638
       921.597
       921.558
       921.522
       921.488
       921.459
       921.434
       921.415
       921.403
       921.399
       921.405
       921.422
       921.453
       921.498
       921.561
       921.644
       921.749
        921.88
       922.038
       922.226
       922.448
       922.705
       923.002
        923.34
       923.722
       924.153
       924.634
       925.168
       925.759
       926.411
       927.125
       927.903
       928.728
       929.525
       930.298
       931.048
       931.777
       932.485
       933.173
       933.842
       934.494
       935.127
       935.742
       936.338
       936.913
       937.469
       938.007
       938.528
       939.032
       939.521
       939.992
       940.443
       940.868
       941.269
       941.648
        942.01
       942.351
       942.666
       942.951
       943.198
       943.402
       943.567
       943.696
       943.794
       943.882
       943.888
       943.809
        943.64
       943.378
       943.019
       942.559
       941.995
       941.322
       940.536
       939.632
       938.608
       937.462
       936.193
       934.803
       933.298
       931.688
       929.982
       928.179
       926.287
        924.31
       922.253
        920.12
       917.912
       915.635
         913.3
       910.934
       908.566
       906.208
       903.871
       901.565
       899.302
       897.094
       894.948
       892.877
       890.888
       888.983
       887.162
       885.424
        883.77
         882.2
       880.715
       879.314
       877.997
       876.765
       875.615
       874.547
        873.56
       872.653
       871.826
       871.076
       870.405
        869.81
       869.293
       868.851
       868.486
       868.196
       867.984
        867.85
       867.798
       891.787
       891.786
       891.785
       891.783
       891.782
        891.78
       891.778
       891.775
       891.772
       891.769
       891.765
        891.76
       891.756
        891.75
       891.745
       891.738
       891.731
       891.724
       891.715
       891.706
       891.696
       891.685
       891.674
       891.661
       891.647
       891.633
       891.617
         891.6
       891.582
       891.562
       891.542
       891.519
       891.496
       891.471
       891.444
       891.416
       891.387
       891.355
       891.323
       891.288
       891.253
       891.216
       891.177
       891.137
       891.096
       891.055
       891.012
       890.969
       890.926
       890.883
       890.841
         890.8
        890.76
       890.723
       890.689
       890.659
       890.633
       890.613
         890.6
       890.595
         890.6
       890.616
       890.707
       890.813
       890.937
       891.061
       891.207
       891.378
       891.576
       891.804
       892.065
       892.351
       892.675
        893.04
        893.46
       893.926
       894.443
       895.018
        895.65
       896.342
         897.1
       897.925
       898.789
       899.582
       900.352
       901.098
       901.765
       902.411
       903.038
        903.67
       904.284
       904.889
       905.517
       906.126
        906.72
       907.306
       907.873
       908.424
        908.94
       909.435
       909.908
       910.344
       910.754
       911.134
       911.484
       911.818
       912.118
       912.389
       912.636
       912.847
        913.02
       913.153
       913.252
       913.325
       913.384
       913.372
        913.29
       913.118
       912.837
       912.459
       911.998
        911.44
       910.773
       909.965
       909.031
       907.998
       906.882
       905.718
         904.4
       902.934
       901.507
       899.892
       898.172
       896.344
       894.367
        892.31
        890.18
       888.007
       885.889
       883.767
       881.614
       879.457
       877.307
       875.177
       872.971
       870.775
       868.634
       866.559
       864.498
       862.506
       860.591
       858.783
       857.106
       855.513
       854.004
       852.544
       851.167
       849.812
        848.49
       847.251
       846.098
        845.03
       844.043
       843.136
        842.31
       841.563
       840.893
       840.299
       839.779
       839.335
       838.982
        840.96
       840.825
       838.578
       861.047
       861.047
       861.046
       861.045
       861.043
       861.042
       861.039
       861.037
       861.034
        861.03
       861.027
       861.022
       861.018
       861.012
       861.007
           861
       860.993
       860.986
       860.977
       860.968
       860.958
       860.947
       860.936
       860.923
       860.909
       860.895
       860.879
       860.862
       860.844
       860.824
       860.803
       860.781
       860.757
       860.732
       860.705
       860.677
       860.647
       860.616
       860.583
       860.548
       860.512
       860.474
       860.435
       860.395
       860.353
       860.311
       860.268
       860.224
       860.179
       860.135
       860.092
       860.049
       860.008
       859.969
       859.933
         859.9
       859.872
       859.849
       859.833
       859.825
       859.826
       859.837
       859.986
       860.151
       860.332
       860.493
       860.677
       860.885
       861.118
       861.382
       861.678
       861.987
       862.335
       862.724
       863.176
       863.674
       864.222
       864.833
       865.501
       866.229
       867.026
       867.891
       868.794
       869.583
       870.349
        871.09
       871.694
       872.278
       872.843
       873.437
       874.013
       874.589
        875.23
        875.85
       876.463
       877.078
       877.675
       878.255
       878.782
       879.284
       879.755
       880.177
       880.571
       880.928
        881.25
       881.555
       881.814
       882.039
       882.246
        882.42
       882.559
       882.659
       882.728
        882.77
       882.803
        882.78
       882.701
        882.53
       882.236
       881.843
       881.384
       880.838
        880.18
       879.356
       878.394
       877.356
       876.273
        875.22
       873.977
       872.554
        871.31
       869.789
       868.152
       866.387
       864.409
        862.35
       860.223
       858.082
       856.122
       854.211
       852.268
       850.317
       848.374
       846.448
        844.34
       842.209
       840.132
       838.124
       836.072
       834.076
       832.149
       830.354
       828.737
       827.205
       825.757
       824.321
       822.969
       821.574
       820.163
       818.835
       817.596
       816.449
       815.382
       814.394
       813.492
       812.669
       811.923
       811.253
       810.654
       810.131
       809.713
       813.888
       813.752
       809.299
       830.358
       830.358
       830.358
       830.357
       830.355
       830.353
       830.351
       830.349
       830.346
       830.342
       830.339
       830.334
        830.33
       830.324
       830.319
       830.312
       830.305
       830.298
       830.289
        830.28
        830.27
       830.259
       830.248
       830.235
       830.221
       830.207
       830.191
       830.174
       830.155
       830.136
       830.115
       830.092
       830.068
       830.043
       830.016
       829.987
       829.957
       829.925
       829.892
       829.857
        829.82
       829.781
       829.742
         829.7
       829.657
       829.614
       829.569
       829.523
       829.477
       829.431
       829.385
        829.34
       829.296
       829.254
       829.214
       829.178
       829.145
       829.118
       829.097
       829.083
       829.078
       829.083
       829.287
       829.506
       829.742
       829.937
       830.154
       830.395
       830.661
       830.956
       831.285
       831.613
        831.98
       832.389
       832.868
       833.395
       833.969
       834.612
       835.312
       836.071
       836.902
         837.8
       838.737
       839.525
       840.288
       841.024
       841.564
       842.084
       842.587
       843.142
       843.679
       844.226
       844.878
       845.511
       846.142
       846.785
       847.411
       848.021
       848.558
       849.066
       849.535
       849.942
       850.319
       850.653
       850.946
       851.221
       851.437
       851.616
        851.78
       851.916
        852.02
       852.085
        852.12
       852.126
       852.133
       852.112
       852.043
       851.879
       851.575
       851.172
        850.72
       850.188
       849.543
       848.704
        847.72
       846.679
       845.634
       844.694
        843.53
       842.152
       841.093
       839.666
       838.112
       836.411
       834.432
        832.37
       830.243
       828.134
        826.33
        824.63
       822.894
       821.147
       819.406
       817.683
        815.67
       813.601
       811.587
       809.647
       807.602
       805.599
       803.661
       801.877
        800.32
       798.848
        797.46
        796.05
       794.722
       793.287
       791.787
        790.37
       789.045
       787.818
        786.67
       785.603
       784.623
       783.725
       782.903
       782.155
       781.476
       780.873
       780.389
       786.769
       786.631
       779.964
       799.714
       799.714
       799.714
       799.713
       799.712
        799.71
       799.708
       799.706
       799.703
       799.699
       799.696
       799.691
       799.687
       799.682
       799.676
       799.669
       799.662
       799.655
       799.646
       799.637
       799.627
       799.617
       799.605
       799.592
       799.578
       799.564
       799.548
        799.53
       799.512
       799.492
       799.471
       799.448
       799.424
       799.399
       799.371
       799.342
       799.312
       799.279
       799.245
       799.209
       799.171
       799.132
        799.09
       799.048
       799.004
       798.958
       798.911
       798.863
       798.815
       798.766
       798.717
       798.668
        798.62
       798.574
       798.529
       798.488
       798.449
       798.416
       798.388
       798.366
       798.353
       798.349
       798.604
       798.875
       799.163
       799.388
       799.635
       799.907
       800.201
       800.525
       800.881
       801.226
       801.609
       802.033
       802.537
       803.087
       803.684
       804.355
       805.082
       805.869
       806.727
       807.648
       808.623
        809.41
       810.169
       810.898
       811.374
       811.829
       812.269
       812.784
       813.281
       813.798
       814.461
       815.104
       815.753
       816.425
        817.08
       817.718
       818.266
       818.779
       819.246
       819.636
       819.995
       820.307
        820.57
       820.815
       820.988
       821.118
       821.238
       821.336
       821.406
       821.435
       821.438
       821.411
       821.401
       821.377
       821.319
       821.165
       820.855
       820.445
       820.002
       819.488
       818.859
       818.011
       817.005
       815.966
       814.962
       814.139
       813.056
       811.724
       810.852
        809.52
        808.05
       806.412
       804.431
       802.366
       800.238
       798.159
        796.51
        795.02
       793.488
       791.943
       790.403
        788.88
        786.96
       784.952
           783
       781.128
       779.088
       777.078
       775.126
       773.354
       771.856
       770.444
       769.117
       767.731
       766.427
       764.953
       763.364
       761.858
       760.447
       759.139
       757.911
       756.763
       755.706
       754.731
       753.832
       753.006
       752.246
       751.561
        751.01
       759.602
       759.463
       750.574
       769.111
       769.111
       769.111
        769.11
       769.109
       769.107
       769.105
       769.103
         769.1
       769.096
       769.093
       769.089
       769.084
       769.079
       769.073
       769.067
        769.06
       769.052
       769.044
       769.035
       769.025
       769.014
       769.002
       768.989
       768.976
       768.961
       768.945
       768.927
       768.909
       768.889
       768.867
       768.845
        768.82
       768.794
       768.766
       768.737
       768.705
       768.672
       768.637
         768.6
       768.561
        768.52
       768.478
       768.433
       768.387
       768.339
        768.29
       768.239
       768.187
       768.135
       768.082
       768.029
       767.976
       767.924
       767.873
       767.825
        767.78
       767.738
       767.701
        767.67
       767.646
        767.63
       767.935
       768.256
       768.591
       768.845
       769.119
       769.417
       769.737
       770.086
       770.466
       770.823
       771.218
       771.655
       772.179
       772.749
       773.365
        774.06
       774.811
       775.622
       776.507
       777.456
       778.463
       779.241
       779.993
       780.713
       781.122
        781.51
       781.886
        782.36
       782.817
       783.302
       783.976
        784.63
       785.296
       785.996
       786.679
       787.347
       787.905
       788.421
       788.885
       789.258
         789.6
        789.89
       790.123
       790.337
       790.465
       790.547
       790.622
       790.681
       790.716
       790.711
       790.686
       790.633
       790.603
       790.575
       790.531
        790.39
       790.076
       789.662
       789.233
        788.74
        788.13
       787.274
        786.25
       785.215
       784.253
       783.551
       782.551
       781.266
       780.583
       779.346
       777.961
       776.387
       774.403
       772.334
       770.204
       768.154
       766.658
       765.375
       764.048
       762.704
       761.364
       760.039
       758.211
       756.263
       754.372
       752.566
       750.531
       748.512
       746.547
       744.786
       743.348
       741.995
       740.729
       739.368
       738.089
       736.575
       734.896
       733.301
       731.804
       730.415
       729.106
       727.877
       726.742
       725.689
       724.711
       723.805
       722.963
       722.195
       721.576
       732.388
       732.247
       721.128
       738.543
       738.543
       738.542
       738.542
        738.54
       738.539
       738.537
       738.535
       738.532
       738.529
       738.525
       738.521
       738.516
       738.511
       738.505
       738.499
       738.492
       738.484
       738.476
       738.467
       738.457
       738.446
       738.434
       738.422
       738.408
       738.393
       738.377
       738.359
       738.341
       738.321
       738.299
       738.276
       738.251
       738.224
       738.196
       738.166
       738.134
         738.1
       738.063
       738.025
       737.985
       737.943
       737.898
       737.852
       737.803
       737.753
         737.7
       737.646
       737.591
       737.534
       737.476
       737.418
       737.359
         737.3
       737.243
       737.186
       737.132
       737.081
       737.033
        736.99
       736.953
       736.924
       737.276
       737.643
       738.025
       738.303
       738.601
       738.923
       739.265
       739.636
       740.037
       740.403
       740.807
       741.252
       741.793
        742.38
       743.012
       743.727
       744.499
        745.33
        746.24
       747.215
       748.251
       749.015
       749.757
       750.467
       750.806
       751.127
       751.437
       751.869
       752.284
       752.737
       753.422
       754.085
       754.768
       755.496
       756.208
       756.904
       757.472
       757.992
       758.452
       758.809
       759.132
       759.401
       759.603
       759.786
        759.87
       759.901
       759.932
       759.952
       759.952
       759.911
       759.857
       759.783
        759.73
       759.704
       759.677
       759.552
       759.238
       758.824
        758.41
       757.941
       757.353
       756.492
       755.453
       754.423
       753.507
       752.926
       752.011
       750.776
       750.282
       749.142
       747.841
       746.331
       744.344
        742.27
       740.137
       738.115
       736.771
       735.694
        734.57
       733.428
       732.288
        731.16
       729.423
       727.533
       725.702
       723.961
        721.93
       719.903
       717.925
       716.174
       714.796
       713.503
       712.298
       710.962
       709.707
       708.154
       706.386
       704.701
       703.118
       701.648
       700.257
       698.946
       697.731
         696.6
       695.541
       694.554
       693.629
       692.776
       692.087
       705.126
       704.984
       691.626
       708.005
       708.005
       708.004
       708.004
       708.003
       708.001
       707.999
       707.997
       707.994
       707.991
       707.987
       707.983
       707.979
       707.974
       707.968
       707.962
       707.955
       707.947
       707.939
        707.93
        707.92
       707.909
       707.897
       707.884
       707.871
       707.856
       707.839
       707.822
       707.803
       707.782
       707.761
       707.737
       707.712
       707.685
       707.656
       707.625
       707.592
       707.557
        707.52
        707.48
       707.438
       707.394
       707.348
       707.299
       707.248
       707.194
       707.138
        707.08
        707.02
       706.959
       706.895
       706.831
       706.765
       706.699
       706.633
       706.567
       706.503
        706.44
        706.38
       706.324
       706.272
       706.227
       706.623
       707.035
        707.46
        707.76
        708.08
       708.422
       708.783
       709.173
       709.592
       709.964
       710.373
       710.823
       711.377
       711.978
       712.621
       713.354
       714.144
       714.993
       715.923
        716.92
       717.978
        718.73
        719.46
       720.157
       720.427
       720.678
       720.919
       721.309
       721.681
       722.102
       722.795
       723.469
       724.168
       724.924
       725.664
       726.389
       726.966
       727.488
       727.944
       728.284
       728.592
       728.838
       729.009
       729.161
       729.201
        729.18
       729.168
        729.15
       729.115
       729.039
       728.964
       728.865
       728.788
       728.765
       728.759
       728.653
       728.342
       727.929
       727.534
       727.091
       726.528
       725.664
       724.611
       723.589
       722.721
       722.263
       721.434
       720.249
       719.946
       718.903
       717.687
       716.241
       714.251
       712.171
       710.035
       708.038
       706.846
       705.975
       705.054
       704.114
       703.172
       702.242
       700.594
       698.761
        696.99
       695.314
       693.287
       691.252
        689.26
        687.52
       686.202
        684.97
       683.825
       682.515
       681.286
       679.693
       677.835
       676.061
        674.39
       672.839
       671.365
       669.971
       668.676
       667.464
       666.324
       665.254
       664.242
       663.303
       662.543
       677.817
       677.673
       662.068
       677.492
       677.492
       677.492
       677.491
        677.49
       677.489
       677.487
       677.484
       677.482
       677.479
       677.475
       677.471
       677.466
       677.461
       677.456
        677.45
       677.443
       677.435
       677.427
       677.418
       677.408
       677.397
       677.385
       677.373
       677.359
       677.344
       677.327
        677.31
        677.29
        677.27
       677.248
       677.224
       677.198
        677.17
       677.141
       677.109
       677.075
       677.039
       677.001
        676.96
       676.916
        676.87
       676.821
        676.77
       676.716
       676.659
       676.599
       676.537
       676.472
       676.405
       676.335
       676.264
       676.191
       676.116
        676.04
       675.964
       675.888
       675.813
       675.739
       675.667
       675.599
       675.535
       675.975
       676.428
       676.893
       677.213
       677.552
       677.912
       678.289
       678.695
       679.129
       679.504
       679.914
       680.366
        680.93
       681.541
       682.194
       682.941
       683.744
       684.608
       685.556
       686.572
       687.648
       688.385
         689.1
       689.782
       689.979
       690.159
       690.332
       690.677
       691.005
       691.392
       692.094
       692.777
       693.492
       694.276
       695.044
       695.798
       696.384
       696.908
       697.361
       697.685
       697.977
       698.202
       698.341
       698.461
       698.456
       698.384
       698.329
       698.274
       698.206
       698.097
       698.001
        697.88
       697.782
       697.755
       697.775
       697.692
       697.388
        696.98
       696.606
       696.191
       695.654
       694.789
       693.724
       692.712
       691.891
       691.558
       690.817
       689.683
       689.572
       688.627
       687.497
       686.114
       684.121
       682.034
       679.894
       677.923
       676.882
       676.215
       675.499
       674.759
       674.015
       673.282
       671.723
       669.948
       668.236
       666.624
       664.602
       662.559
       660.553
       658.825
       657.566
       656.396
       655.314
        654.03
       652.826
       651.194
       649.247
       647.383
       645.625
       643.991
       642.434
       640.956
       639.578
       638.284
        637.06
       635.904
       634.804
       633.776
       632.944
       650.461
       650.315
       632.452
           647
           647
       646.999
       646.999
       646.998
       646.996
       646.995
       646.992
        646.99
       646.987
       646.983
       646.979
       646.975
        646.97
       646.964
       646.958
       646.951
       646.944
       646.935
       646.926
       646.917
       646.906
       646.894
       646.881
       646.867
       646.852
       646.836
       646.818
       646.799
       646.778
       646.755
       646.731
       646.705
       646.677
       646.647
       646.614
       646.579
       646.542
       646.502
        646.46
       646.414
       646.366
       646.315
       646.261
       646.203
       646.143
       646.079
       646.012
       645.942
       645.869
       645.792
       645.713
       645.631
       645.547
       645.461
       645.373
       645.285
       645.195
       645.106
       645.017
       644.931
       644.847
       645.327
        645.82
       646.324
       646.661
       647.015
       647.391
       647.782
       648.199
       648.646
        649.02
        649.43
        649.88
       650.451
       651.069
       651.727
       652.485
       653.299
       654.174
       655.137
       656.169
       657.262
       657.976
       658.674
        659.34
       659.462
       659.569
       659.671
        659.97
       660.253
       660.605
       661.316
       662.007
       662.739
        663.55
       664.347
       665.129
       665.723
        666.25
         666.7
       667.008
       667.286
       667.489
       667.597
       667.685
       667.635
       667.513
       667.416
       667.325
       667.226
       667.086
       666.971
       666.825
       666.701
       666.679
        666.73
       666.673
       666.376
       665.975
       665.624
        665.24
       664.732
       663.866
       662.791
       661.788
       661.018
       660.811
       660.158
       659.076
       659.158
       658.312
       657.267
       655.948
       653.951
       651.857
       649.712
       647.766
       646.876
       646.413
         645.9
       645.361
       644.816
        644.28
        642.81
       641.092
       639.439
       637.892
       635.874
       633.823
       631.804
       630.088
       628.891
       627.783
       626.764
       625.507
        624.33
        622.66
       620.623
       618.669
       616.824
       615.107
       613.466
       611.902
        610.44
       609.061
        607.75
       606.505
       605.313
       604.194
       603.287
       623.054
       622.906
       602.775
       616.523
       616.523
       616.523
       616.522
       616.521
        616.52
       616.518
       616.516
       616.513
        616.51
       616.507
       616.503
       616.498
       616.494
       616.488
       616.482
       616.475
       616.468
        616.46
       616.451
       616.441
        616.43
       616.418
       616.406
       616.392
       616.377
        616.36
       616.342
       616.323
       616.302
       616.279
       616.254
       616.228
       616.199
       616.168
       616.135
       616.099
       616.061
        616.02
       615.975
       615.928
       615.878
       615.824
       615.767
       615.706
       615.642
       615.573
       615.501
       615.426
       615.346
       615.262
       615.175
       615.084
        614.99
       614.892
       614.792
       614.689
       614.584
       614.478
       614.371
       614.265
       614.159
       614.677
       615.208
       615.748
         616.1
       616.468
       616.856
       617.258
       617.686
       618.141
       618.512
       618.917
       619.363
       619.938
       620.559
        621.22
       621.985
       622.807
        623.69
       624.663
       625.707
       626.812
       627.495
       628.178
       628.827
       628.873
       628.905
       628.934
       629.186
       629.423
       629.739
       630.458
       631.157
       631.905
       632.744
       633.569
       634.379
        634.98
        635.51
       635.957
       636.252
       636.515
       636.696
       636.774
       636.832
       636.736
       636.565
       636.427
       636.302
       636.173
       636.006
       635.872
       635.708
        635.57
        635.55
       635.627
       635.596
       635.309
       634.916
        634.59
       634.238
       633.759
       632.895
        631.81
       630.819
       630.099
       630.019
       629.455
       628.425
       628.702
       627.955
       626.996
       625.741
       623.738
       621.637
       619.486
       617.565
       616.825
       616.568
       616.257
       615.919
       615.572
       615.234
       613.854
       612.193
       610.598
       609.116
       607.104
       605.045
       603.014
       601.311
       600.177
       599.133
       598.178
       596.949
         595.8
       594.092
       591.967
       589.923
       587.991
       586.191
       584.463
       582.812
       581.264
       579.796
       578.395
       577.058
        575.77
       574.555
        573.57
       595.597
       595.444
       573.033
       586.057
       586.057
       586.057
       586.056
       586.055
       586.054
       586.052
        586.05
       586.047
       586.044
       586.041
       586.037
       586.033
       586.028
       586.023
       586.017
        586.01
       586.003
       585.995
       585.986
       585.976
       585.965
       585.954
       585.941
       585.927
       585.912
       585.895
       585.877
       585.858
       585.837
       585.814
       585.789
       585.762
       585.733
       585.701
       585.667
        585.63
       585.591
       585.548
       585.502
       585.453
       585.401
       585.344
       585.284
        585.22
       585.151
       585.078
       585.001
       584.919
       584.833
       584.742
       584.646
       584.545
        584.44
        584.33
       584.216
       584.098
       583.977
       583.853
       583.726
       583.598
       583.468
       584.023
       584.589
       585.164
       585.528
       585.908
       586.306
       586.716
       587.151
       587.613
       587.977
       588.376
       588.814
        589.39
       590.011
       590.671
        591.44
       592.266
       593.154
       594.134
       595.183
        596.29
       596.946
       597.611
        598.24
       598.207
       598.162
       598.117
       598.321
        598.51
       598.789
       599.515
       600.223
       600.987
       601.853
       602.707
       603.545
       604.154
       604.687
       605.132
       605.414
       605.663
       605.823
        605.87
       605.898
       605.757
       605.538
       605.362
       605.204
       605.045
       604.854
        604.71
       604.532
       604.381
       604.359
       604.465
       604.462
       604.186
       603.803
       603.503
       603.185
       602.737
       601.876
       600.782
       599.802
       599.133
       599.179
       598.705
        597.73
       598.202
       597.554
       596.682
        595.49
       593.482
       591.372
       589.215
       587.316
       586.728
       586.677
       586.568
        586.43
       586.283
       586.143
       584.853
       583.249
       581.714
       580.297
       578.291
       576.225
       574.183
       572.494
       571.425
       570.446
       569.557
       568.358
       567.238
       565.494
       563.281
       561.149
       559.129
       557.245
       555.431
        553.69
       552.052
       550.494
       548.997
       547.563
       546.174
       544.859
        543.79
       568.085
       567.927
       543.222
       555.596
       555.597
       555.596
       555.596
       555.595
       555.594
       555.592
        555.59
       555.587
       555.585
       555.581
       555.577
       555.573
       555.568
       555.563
       555.557
       555.551
       555.544
       555.536
       555.527
       555.517
       555.507
       555.495
       555.482
       555.469
       555.453
       555.437
       555.419
       555.399
       555.378
       555.355
        555.33
       555.302
       555.273
       555.241
       555.206
       555.168
       555.127
       555.084
       555.036
       554.985
        554.93
       554.871
       554.808
        554.74
       554.668
        554.59
       554.507
       554.419
       554.326
       554.226
       554.121
       554.011
       553.894
       553.772
       553.643
        553.51
       553.371
       553.227
       553.079
       552.928
       552.773
       553.363
       553.963
       554.569
       554.944
       555.333
       555.739
       556.154
       556.594
       557.059
       557.414
       557.803
        558.23
       558.805
       559.423
       560.079
        560.85
       561.677
       562.565
       563.549
       564.603
       565.714
       566.334
       566.972
       567.577
       567.462
       567.338
       567.216
        567.37
       567.512
       567.753
       568.486
       569.202
       569.981
       570.876
       571.758
       572.624
       573.241
       573.777
       574.221
       574.492
       574.728
       574.866
       574.883
       574.882
       574.697
       574.432
       574.219
       574.032
       573.848
       573.639
       573.486
       573.296
       573.133
       573.109
       573.246
       573.272
       573.009
       572.637
       572.365
       572.081
       571.665
       570.807
       569.705
       568.738
        568.12
       568.295
       567.912
       566.989
       567.657
       567.109
       566.322
       565.193
       563.179
       561.061
       558.897
       557.021
       556.584
       556.737
       556.831
       556.894
       556.946
       557.005
       555.805
       554.259
       552.784
       551.433
       549.433
       547.362
        545.31
       543.637
       542.634
       541.723
       540.902
       539.736
       538.647
       536.868
       534.569
       532.349
       530.242
       528.274
       526.372
        524.54
        522.81
       521.155
       519.559
       518.021
       516.525
       515.102
       513.943
       540.516
        540.35
       513.334
       525.137
       525.137
       525.137
       525.136
       525.136
       525.134
       525.133
       525.131
       525.128
       525.126
       525.122
       525.119
       525.115
        525.11
       525.105
       525.099
       525.093
       525.085
       525.078
       525.069
       525.059
       525.049
       525.038
       525.025
       525.011
       524.996
        524.98
       524.962
       524.942
       524.921
       524.898
       524.872
       524.845
       524.815
       524.782
       524.747
       524.708
       524.666
       524.621
       524.572
       524.519
       524.462
       524.401
       524.334
       524.263
       524.186
       524.104
       524.016
       523.922
       523.821
       523.714
       523.599
       523.478
       523.349
       523.214
       523.071
        522.92
       522.763
       522.599
       522.429
       522.253
       522.071
       522.694
       523.326
       523.963
       524.345
       524.741
       525.152
       525.571
       526.012
       526.479
       526.822
       527.198
       527.612
       528.181
       528.794
       529.443
       530.212
       531.037
       531.924
       532.908
       533.963
       535.074
       535.647
       536.255
       536.833
       536.634
       536.428
       536.228
       536.331
       536.423
       536.626
       537.366
       538.089
       538.885
       539.807
       540.717
       541.611
       542.236
       542.777
       543.223
       543.482
       543.705
       543.822
       543.811
       543.779
       543.552
       543.244
       542.997
       542.785
        542.58
       542.357
       542.198
       541.999
       541.827
       541.806
       541.969
       542.026
       541.778
       541.418
       541.175
       540.927
       540.544
        539.69
        538.58
       537.626
        537.06
       537.364
       537.072
       536.202
       537.065
       536.616
       535.915
       534.849
       532.829
       530.701
       528.529
       526.676
       526.389
       526.747
       527.043
       527.307
       527.559
       527.819
       526.709
       525.221
       523.806
       522.523
        520.53
       518.455
       516.394
        514.74
       513.806
       512.965
       512.216
       511.084
       510.029
       508.218
       505.834
       503.528
       501.335
       499.283
       497.293
       495.367
       493.541
       491.786
       490.084
       488.433
       486.821
       485.282
       484.022
       512.884
       512.708
       483.358
       494.674
       494.674
       494.674
       494.673
       494.672
       494.671
        494.67
       494.668
       494.665
       494.663
        494.66
       494.656
       494.652
       494.648
       494.642
       494.637
       494.631
       494.624
       494.616
       494.608
       494.598
       494.588
       494.577
       494.564
       494.551
       494.536
        494.52
       494.502
       494.482
       494.461
       494.438
       494.412
       494.384
       494.354
       494.321
       494.285
       494.246
       494.203
       494.157
       494.106
       494.052
       493.993
       493.929
       493.859
       493.785
       493.704
       493.617
       493.523
       493.423
       493.315
       493.199
       493.076
       492.944
       492.803
       492.654
       492.495
       492.328
       492.151
       491.966
       491.772
        491.57
        491.36
       492.015
       492.677
       493.342
       493.731
       494.131
       494.545
       494.964
       495.405
       495.871
       496.199
       496.559
       496.957
       497.519
       498.123
       498.762
       499.527
       500.347
       501.228
        502.21
       503.262
       504.368
       504.885
       505.453
       506.003
       505.717
       505.427
       505.147
       505.198
       505.239
       505.404
       506.151
       506.882
       507.693
       508.644
       509.582
       510.504
       511.138
       511.685
       512.133
       512.381
        512.59
       512.689
       512.648
       512.587
       512.319
        511.97
       511.694
       511.458
       511.236
       511.006
       510.845
       510.641
       510.461
       510.439
       510.625
       510.724
       510.494
       510.148
       509.934
       509.723
       509.373
       508.523
       507.406
       506.466
       505.952
       506.385
       506.184
       505.367
       506.425
       506.075
       505.458
       504.455
       502.428
       500.289
       498.108
       496.278
       496.141
       496.703
       497.202
       497.666
       498.119
       498.579
        497.56
       496.131
       494.778
       493.563
       491.579
       489.502
       487.435
       485.803
       484.941
       484.173
       483.498
       482.404
       481.386
       479.546
       477.081
       474.691
       472.414
       470.279
         468.2
       466.179
       464.253
       462.391
       460.574
       458.803
       457.063
       455.394
       454.022
       485.183
       484.992
       453.282
       464.202
       464.202
       464.202
       464.201
         464.2
       464.199
       464.198
       464.196
       464.194
       464.191
       464.188
       464.185
       464.181
       464.176
       464.172
       464.166
        464.16
       464.153
       464.146
       464.138
       464.128
       464.118
       464.107
       464.095
       464.082
       464.067
       464.051
       464.033
       464.014
       463.993
        463.97
       463.944
       463.916
       463.886
       463.852
       463.816
       463.776
       463.733
       463.685
       463.634
       463.578
       463.517
        463.45
       463.378
         463.3
       463.216
       463.124
       463.026
       462.919
       462.804
        462.68
       462.547
       462.405
       462.252
       462.089
       461.915
        461.73
       461.533
       461.326
       461.107
       460.878
       460.639
       461.324
       462.014
       462.706
       463.099
       463.501
       463.916
       464.333
       464.772
       465.232
       465.543
       465.886
       466.264
       466.815
       467.408
       468.035
       468.792
       469.604
       470.478
       471.455
       472.501
       473.598
       474.049
       474.566
       475.084
       474.705
       474.328
       473.968
       473.965
       473.956
       474.082
       474.837
       475.575
       476.402
       477.381
       478.347
       479.298
       479.941
       480.495
       480.947
       481.185
       481.382
        481.46
       481.391
       481.301
       480.996
       480.608
       480.305
       480.051
       479.816
       479.584
       479.426
       479.221
       479.039
       479.022
       479.242
       479.375
       479.161
       478.829
       478.644
       478.469
       478.153
       477.307
       476.182
       475.256
       474.795
       475.358
       475.246
       474.481
       475.735
       475.483
       474.951
        474.01
       471.974
       469.823
       467.632
       465.822
       465.835
       466.602
       467.304
        467.97
       468.623
       469.283
       468.355
       466.985
       465.695
       464.551
       462.578
       460.501
       458.432
       456.823
       456.037
       455.346
        454.75
       453.699
       452.722
       450.857
       448.314
       445.843
       443.486
       441.269
       439.101
       436.983
       434.953
       432.978
       431.038
       429.133
       427.251
       425.435
       423.933
       457.403
       457.194
       423.087
       433.716
       433.716
       433.716
       433.716
       433.715
       433.714
       433.712
       433.711
       433.709
       433.706
       433.703
         433.7
       433.696
       433.692
       433.687
       433.682
       433.676
        433.67
       433.662
       433.654
       433.645
       433.636
       433.625
       433.613
         433.6
       433.586
        433.57
       433.552
       433.533
       433.512
       433.489
       433.464
       433.436
       433.405
       433.372
       433.335
       433.295
       433.251
       433.203
        433.15
       433.093
        433.03
       432.962
       432.887
       432.806
       432.718
       432.623
       432.519
       432.407
       432.285
       432.153
       432.011
       431.858
       431.693
       431.516
       431.326
       431.124
       430.907
       430.677
       430.433
       430.176
       429.905
       430.619
       431.337
       432.053
       432.448
        432.85
       433.263
       433.677
       434.109
       434.563
       434.854
       435.175
       435.532
       436.069
       436.648
       437.259
       438.006
       438.808
       439.672
       440.643
       441.683
       442.771
        443.16
       443.611
        444.07
       443.589
       443.125
       442.685
       442.628
       442.566
       442.657
       443.421
       444.166
       445.007
       446.013
       447.008
       447.988
       448.642
       449.204
       449.661
       449.889
       450.074
       450.133
       450.034
       449.917
       449.575
       449.152
       448.826
       448.558
       448.319
       448.088
       447.939
        447.74
       447.565
       447.564
       447.817
       447.981
       447.781
       447.461
       447.306
       447.167
       446.884
       446.042
        444.91
       443.996
       443.587
       444.279
       444.258
       443.545
       444.993
       444.839
       444.391
       443.511
       441.465
       439.301
       437.099
       435.308
        435.47
       436.441
       437.345
       438.212
       439.065
       439.926
       439.089
       437.779
       436.554
       435.483
       433.524
       431.449
        429.38
         427.8
       427.094
       426.486
       425.973
       424.969
       424.039
       422.154
       419.538
       416.992
       414.558
       412.262
       410.007
       407.791
       405.653
       403.559
       401.484
       399.431
       397.387
       395.401
       393.745
       429.532
       429.299
       392.752
       403.212
       403.212
       403.212
       403.212
       403.211
        403.21
       403.209
       403.207
       403.205
       403.203
         403.2
       403.197
       403.193
       403.189
       403.185
        403.18
       403.174
       403.168
       403.161
       403.153
       403.144
       403.135
       403.125
       403.113
         403.1
       403.086
       403.071
       403.054
       403.035
       403.014
       402.992
       402.967
       402.939
       402.908
       402.875
       402.838
       402.798
       402.753
       402.705
       402.651
       402.593
       402.529
       402.459
       402.382
       402.299
       402.208
       402.108
           402
       401.882
       401.754
       401.615
       401.465
       401.301
       401.125
       400.934
       400.729
       400.508
       400.271
       400.018
       399.748
       399.462
       399.159
         399.9
       400.643
       401.382
       401.777
       402.177
       402.586
       402.993
       403.417
       403.862
        404.13
       404.427
       404.759
        405.28
       405.842
       406.435
       407.168
       407.958
        408.81
       409.772
       410.807
       411.891
       412.226
       412.617
       413.019
       412.435
       411.871
       411.337
       411.218
       411.097
       411.142
       411.904
       412.652
       413.502
       414.532
        415.56
        416.57
       417.236
       417.808
       418.271
        418.49
       418.663
       418.701
       418.572
       418.429
       418.052
       417.596
        417.25
       416.974
       416.736
       416.517
       416.385
         416.2
       416.039
        416.06
       416.349
       416.542
       416.354
       416.046
       415.919
       415.816
       415.566
       414.728
       413.587
       412.686
       412.328
       413.149
       413.217
       412.555
       414.199
       414.141
       413.777
       412.957
       410.901
       408.723
       406.507
       404.733
       405.042
       406.214
       407.319
       408.386
        409.44
       410.502
       409.757
       408.509
        407.35
       406.355
       404.412
       402.344
       400.279
       398.731
       398.111
       397.591
       397.168
       396.217
       395.339
       393.441
        390.76
       388.145
       385.639
        383.27
        380.93
       378.616
       376.369
       374.147
       371.926
       369.707
       367.478
       365.293
       363.448
       401.553
        401.29
       362.245
       372.685
       372.685
       372.685
       372.685
       372.684
       372.683
       372.682
        372.68
       372.678
       372.676
       372.673
        372.67
       372.667
       372.663
       372.659
       372.654
       372.649
       372.643
       372.636
       372.629
        372.62
       372.611
       372.601
        372.59
       372.578
       372.564
       372.549
       372.533
       372.515
       372.494
       372.472
       372.447
        372.42
        372.39
       372.357
        372.32
        372.28
       372.235
       372.186
       372.133
       372.073
       372.008
       371.937
       371.859
       371.773
       371.679
       371.577
       371.464
       371.342
       371.208
       371.063
       370.904
       370.731
       370.543
        370.34
       370.119
       369.881
       369.623
       369.347
       369.051
       368.735
       368.399
       369.166
       369.932
       370.692
       371.085
       371.481
       371.884
       372.281
       372.695
       373.127
       373.369
        373.64
       373.945
       374.446
       374.988
       375.558
       376.276
       377.051
       377.889
       378.837
       379.869
       380.958
       381.251
       381.598
       381.957
       381.275
       380.617
       379.992
       379.806
       379.617
       379.595
       380.336
       381.067
       381.916
       382.962
       384.005
       385.039
       385.717
       386.299
       386.774
       386.986
       387.145
       387.159
       386.999
       386.828
       386.417
       385.931
       385.571
       385.291
       385.066
       384.869
       384.763
       384.601
       384.462
       384.515
       384.842
       385.059
       384.881
       384.582
       384.483
       384.416
       384.199
       383.365
       382.215
       381.325
       381.019
       381.968
       382.124
       381.511
       383.349
       383.389
       383.107
       382.346
       380.278
       378.085
       375.854
       374.095
       374.548
        375.92
       377.224
        378.49
       379.744
       381.007
       380.354
       379.168
       378.079
       377.162
       375.239
        373.18
       371.124
       369.614
       369.086
       368.659
       368.333
       367.444
       366.626
       364.723
       361.984
       359.309
       356.741
       354.306
       351.887
       349.478
       347.119
       344.764
       342.383
       339.978
       337.534
       335.112
       333.032
       373.447
       373.147
       331.534
        342.13
        342.13
        342.13
       342.129
       342.129
       342.128
       342.127
       342.125
       342.123
       342.121
       342.119
       342.116
       342.113
       342.109
       342.105
       342.101
       342.095
        342.09
       342.084
       342.077
       342.069
        342.06
       342.051
        342.04
       342.028
       342.015
       342.001
       341.985
       341.967
       341.948
       341.926
       341.902
       341.875
       341.846
       341.813
       341.777
       341.737
       341.692
       341.643
       341.589
        341.53
       341.464
       341.392
       341.312
       341.225
       341.129
       341.024
       340.908
       340.782
       340.644
       340.492
       340.326
       340.145
       339.947
       339.731
       339.496
       339.241
       338.963
       338.664
       338.341
       337.995
       337.624
       338.417
       339.205
       339.983
       340.372
       340.761
       341.155
        341.54
       341.941
       342.358
       342.571
       342.812
       343.087
       343.567
       344.087
       344.628
       345.326
       346.085
       346.911
       347.858
       348.891
       349.986
       350.237
       350.549
       350.876
       350.106
        349.36
       348.646
       348.393
       348.133
       348.047
       348.767
       349.478
       350.314
       351.362
       352.405
       353.446
       354.117
       354.699
       355.169
       355.375
       355.517
       355.503
       355.306
       355.105
        354.66
       354.148
       353.782
       353.512
       353.313
       353.143
       353.072
       352.943
       352.838
       352.938
       353.291
       353.527
       353.357
        353.07
           353
       352.969
       352.785
       351.954
       350.795
       349.915
       349.658
       350.734
       350.977
       350.412
       352.444
        352.58
        352.38
       351.678
       349.598
       347.388
        345.14
       343.393
       343.987
       345.557
       347.057
       348.519
       349.971
       351.435
       350.874
       349.751
       348.732
       347.898
       345.998
       343.954
       341.911
       340.445
       340.015
       339.691
       339.469
       338.649
       337.902
       336.003
       333.219
       330.495
       327.875
       325.384
       322.896
       320.398
       317.929
       315.436
       312.884
        310.27
       307.577
       304.869
       302.492
       345.187
       344.842
       300.578
       311.541
       311.541
       311.541
       311.541
        311.54
        311.54
       311.538
       311.537
       311.535
       311.534
       311.531
       311.529
       311.526
       311.522
       311.519
       311.514
        311.51
       311.504
       311.498
       311.492
       311.484
       311.476
       311.467
       311.457
       311.446
       311.434
        311.42
       311.405
       311.388
       311.369
       311.348
       311.325
       311.299
        311.27
       311.238
       311.203
       311.163
        311.12
       311.071
       311.017
       310.958
       310.892
       310.819
       310.739
        310.65
       310.553
       310.446
       310.328
       310.199
       310.056
         309.9
       309.728
        309.54
       309.333
       309.106
       308.858
       308.586
        308.29
       307.968
       307.619
       307.241
       306.836
       307.651
       308.459
       309.255
       309.637
       310.016
       310.398
       310.769
       311.154
       311.553
       311.733
       311.941
       312.184
       312.642
       313.142
       313.671
       314.365
       315.122
       315.947
       316.899
       317.933
       319.023
       319.232
        319.51
       319.806
        318.95
       318.117
       317.316
       316.998
       316.669
        316.52
       317.213
       317.895
       318.711
        319.75
       320.793
       321.842
       322.499
       323.056
       323.495
       323.662
       323.777
       323.724
       323.484
       323.248
       322.764
       322.227
       321.866
       321.627
       321.472
       321.339
       321.313
       321.227
       321.159
         321.3
       321.675
       321.936
        321.78
       321.507
       321.468
       321.474
       321.324
       320.497
       319.327
       318.456
       318.246
       319.447
       319.775
       319.256
       321.482
       321.712
       321.595
       320.953
       318.861
       316.633
       314.367
       312.629
       313.362
       315.124
       316.815
       318.469
       320.115
       321.779
       321.309
       320.249
       319.303
       318.554
       316.682
       314.658
       312.635
        311.22
       310.896
       310.682
       310.573
       309.833
       309.166
       307.285
       304.468
        301.71
       299.055
       296.524
       293.979
       291.404
       288.832
       286.201
       283.467
       280.621
       277.639
       274.588
       271.833
        316.74
       316.343
       269.341
       280.915
       280.915
       280.915
       280.915
       280.914
       280.914
       280.913
       280.911
        280.91
       280.908
       280.906
       280.904
       280.901
       280.898
       280.894
        280.89
       280.886
       280.881
       280.876
       280.869
       280.863
       280.855
       280.847
       280.837
       280.827
       280.815
       280.802
       280.788
       280.772
       280.754
       280.734
       280.712
       280.687
        280.66
       280.629
       280.594
       280.555
       280.512
       280.465
       280.411
       280.352
       280.287
       280.214
       280.134
       280.045
       279.947
       279.839
        279.72
       279.588
       279.443
       279.284
       279.107
       278.913
       278.699
       278.463
       278.203
       277.917
       277.604
        277.26
       276.884
       276.476
       276.035
       276.872
       277.697
       278.507
        278.88
       279.248
       279.613
       279.966
       280.333
       280.716
       280.869
       281.058
       281.284
       281.735
       282.228
       282.751
        283.44
       284.191
       285.013
       285.965
       286.998
       288.088
       288.253
       288.495
        288.76
       287.816
       286.898
       286.014
       285.634
        285.24
       285.029
       285.696
       286.348
       287.138
        288.16
       289.194
       290.235
       290.864
       291.387
       291.778
       291.879
       291.927
       291.813
        291.52
        291.24
       290.703
       290.143
         289.8
       289.615
       289.535
       289.455
       289.482
       289.457
       289.435
       289.591
       289.989
        290.28
       290.144
       289.892
       289.888
       289.936
        289.82
       288.996
       287.815
       286.952
       286.786
       288.109
       288.519
       288.044
       290.461
       290.786
       290.752
       290.171
       288.067
       285.823
       283.537
       281.806
       282.672
        284.62
       286.494
       288.333
       290.168
        292.03
       291.648
       290.652
       289.781
       289.122
       287.283
       285.285
       283.289
       281.933
       281.723
       281.628
       281.643
       280.992
        280.42
        278.57
       275.738
       272.965
       270.295
       267.745
       265.165
       262.531
       259.869
       257.107
       254.188
        251.09
       247.779
       244.316
       241.081
       288.069
       287.614
       237.796
       250.246
       250.246
       250.246
       250.246
       250.246
       250.245
       250.244
       250.243
       250.241
        250.24
       250.238
       250.236
       250.233
       250.231
       250.227
       250.224
        250.22
       250.215
        250.21
       250.205
       250.199
       250.192
       250.184
       250.175
       250.166
       250.155
       250.143
        250.13
       250.115
       250.098
       250.079
       250.058
       250.035
       250.008
       249.979
       249.945
       249.908
       249.866
        249.82
       249.767
       249.709
       249.644
       249.572
       249.493
       249.404
       249.306
       249.198
       249.078
       248.946
         248.8
       248.639
        248.46
       248.262
       248.042
       247.799
        247.53
       247.232
       246.903
        246.54
       246.138
       245.699
       245.222
       246.079
       246.916
       247.739
       248.102
       248.458
       248.813
       249.162
       249.528
       249.911
       250.055
       250.228
       250.437
       250.878
        251.36
        251.87
        252.55
       253.292
       254.104
       255.051
        256.08
       257.169
       257.292
       257.497
        257.73
       256.702
       255.704
       254.742
       254.306
       253.851
        253.58
       254.223
       254.846
       255.606
       256.605
       257.613
       258.626
       259.214
       259.697
       260.035
       260.059
       260.029
        259.84
       259.474
       259.126
       258.566
       258.033
       257.723
       257.585
       257.561
       257.557
       257.654
       257.655
       257.643
       257.798
       258.224
       258.549
       258.447
       258.227
       258.265
       258.355
       258.276
       257.455
       256.262
       255.404
       255.281
       256.722
       257.209
       256.773
        259.38
       259.799
       259.849
        259.33
       257.218
       254.959
       252.655
       250.928
       251.919
       254.044
        256.09
       258.104
       260.121
       262.175
        261.88
       260.948
       260.154
       259.591
       257.792
       255.828
       253.867
       252.579
       252.493
       252.525
       252.673
       252.124
       251.659
       249.859
       247.031
       244.268
       241.609
       239.068
       236.482
       233.817
       231.091
       228.215
       225.117
       221.758
       218.081
       214.133
       210.298
       259.132
       258.615
       205.953
       219.529
        219.53
        219.53
       219.529
       219.529
       219.529
       219.528
       219.527
       219.526
       219.524
       219.522
       219.521
       219.518
       219.516
       219.513
        219.51
       219.506
       219.502
       219.498
       219.493
       219.487
       219.481
       219.474
       219.466
       219.457
       219.448
       219.437
       219.425
       219.411
       219.396
       219.378
       219.359
       219.337
       219.312
       219.284
       219.252
       219.217
       219.176
       219.131
        219.08
       219.023
        218.96
       218.889
        218.81
       218.723
       218.626
       218.519
         218.4
       218.268
       218.123
       217.961
       217.782
       217.583
       217.361
       217.114
       216.837
       216.531
       216.191
       215.811
       215.382
       214.914
       214.403
       215.283
       216.144
       216.989
       217.354
       217.714
       218.075
       218.423
       218.787
       219.167
       219.297
       219.454
       219.643
       220.071
       220.537
       221.028
       221.692
       222.416
       223.213
       224.148
       225.171
       226.257
       226.335
       226.504
       226.711
       225.605
       224.535
       223.505
       223.021
        222.51
       222.183
       222.804
       223.396
       224.123
       225.089
       226.054
       227.025
       227.561
       227.991
        228.27
       228.218
       228.111
       227.841
       227.415
       227.043
         226.5
       225.985
        225.71
       225.607
       225.637
       225.697
       225.839
       225.855
       225.833
        225.98
       226.419
       226.776
       226.716
       226.524
       226.601
       226.734
       226.692
       225.876
       224.672
       223.818
       223.732
       225.285
       225.843
       225.439
       228.232
       228.743
       228.879
       228.429
       226.315
       224.049
       221.729
       220.002
       221.111
       223.398
       225.601
       227.773
       229.958
       232.196
       231.983
       231.115
       230.404
       229.945
       228.196
       226.277
       224.363
       223.152
       223.198
       223.367
       223.658
       223.222
        222.88
       221.147
       218.349
       215.626
       213.012
       210.517
       207.964
       205.308
       202.556
       199.602
       196.351
       192.737
       188.673
       184.173
       179.603
       229.894
       229.312
       173.886
        188.76
       188.761
       188.761
        188.76
        188.76
        188.76
       188.759
       188.758
       188.757
       188.756
       188.754
       188.753
       188.751
       188.749
       188.746
       188.743
        188.74
       188.737
       188.733
       188.728
       188.723
       188.718
       188.712
       188.705
       188.697
       188.689
       188.679
       188.668
       188.656
       188.642
       188.627
       188.609
       188.589
       188.566
        188.54
        188.51
       188.476
       188.438
       188.394
       188.345
        188.29
       188.228
       188.159
       188.082
       187.996
       187.901
       187.796
       187.679
        187.55
       187.406
       187.247
       187.069
       186.872
       186.652
       186.404
       186.121
       185.811
       185.467
       185.082
       184.651
       184.175
       183.649
       184.565
       185.456
       186.321
       186.686
       187.044
       187.404
       187.749
       188.108
       188.484
       188.597
       188.735
       188.901
       189.311
       189.755
        190.22
        190.86
        191.56
       192.332
       193.248
       194.257
       195.337
       195.371
       195.508
       195.694
        194.52
       193.392
       192.306
       191.785
       191.227
       190.853
       191.453
       192.012
       192.699
       193.625
        194.54
       195.457
        195.92
       196.275
       196.482
       196.355
       196.171
       195.854
       195.417
       195.077
       194.548
       194.044
       193.785
       193.713
       193.775
       193.871
       194.041
       194.082
       194.067
       194.208
       194.652
       195.028
       194.965
       194.786
       194.899
       195.076
       195.075
       194.266
       193.052
       192.201
        192.15
       193.807
       194.424
        194.04
        197.01
       197.609
       197.833
       197.461
       195.359
       193.098
       190.774
       189.051
       190.266
       192.694
       195.027
       197.332
       199.664
       202.074
       201.936
       201.131
       200.509
       200.167
       198.481
       196.623
        194.77
       193.648
       193.835
       194.145
       194.585
       194.272
       194.069
       192.428
       189.689
        187.04
       184.515
       182.114
       179.644
       177.051
       174.331
       171.356
       168.005
       164.176
       159.736
       154.642
       149.208
       200.328
       199.682
       141.804
       157.934
       157.934
       157.934
       157.934
       157.934
       157.933
       157.933
       157.932
       157.931
        157.93
       157.929
       157.927
       157.926
       157.924
       157.922
        157.92
       157.917
       157.914
       157.911
       157.907
       157.903
       157.898
       157.893
       157.887
        157.88
       157.873
       157.865
       157.855
       157.845
       157.833
       157.819
       157.803
       157.785
       157.765
       157.741
       157.714
       157.682
       157.646
       157.605
       157.558
       157.505
       157.445
       157.378
       157.303
        157.22
       157.127
       157.025
       156.911
       156.785
       156.646
       156.492
       156.317
       156.125
       155.912
       155.672
        155.41
       155.122
         154.8
       154.434
       154.017
       153.541
       153.002
       153.948
        154.86
        155.74
       156.097
       156.447
         156.8
       157.137
       157.489
       157.857
        157.95
       158.067
       158.209
       158.598
       159.015
       159.447
       160.054
       160.717
       161.451
       162.337
       163.324
       164.393
       164.382
       164.492
       164.668
       163.441
       162.272
       161.149
       160.609
       160.019
       159.605
       160.187
       160.708
       161.346
        162.22
       163.074
       163.929
       164.309
       164.578
       164.708
       164.511
       164.289
       163.975
       163.551
       163.235
       162.712
       162.208
       161.976
       161.947
       162.072
       162.174
        162.33
       162.376
        162.37
       162.484
       162.903
       163.258
       163.174
       163.004
        163.16
       163.383
       163.424
        162.63
       161.412
       160.569
       160.547
       162.295
       162.954
       162.572
       165.702
       166.381
       166.697
       166.416
       164.348
       162.122
        159.82
       158.112
       159.418
       161.953
       164.376
       166.775
       169.223
       171.784
        171.71
       170.968
       170.444
       170.235
       168.634
        166.86
       165.087
       164.066
       164.398
       164.851
       165.442
       165.258
       165.209
       163.683
       161.039
       158.511
       156.127
       153.877
       151.555
       149.097
       146.487
       143.577
       140.218
       136.265
       131.519
       125.848
        119.46
       170.446
       169.737
       110.137
       127.045
       127.045
       127.045
       127.045
       127.045
       127.045
       127.044
       127.044
       127.043
       127.042
       127.041
        127.04
       127.039
       127.037
       127.035
       127.033
       127.031
       127.029
       127.026
       127.023
        127.02
       127.016
       127.012
       127.007
       127.002
       126.995
       126.989
       126.981
       126.972
       126.962
       126.951
       126.937
       126.922
       126.904
       126.883
       126.858
        126.83
       126.796
       126.758
       126.713
       126.662
       126.605
        126.54
       126.467
       126.387
       126.298
         126.2
       126.088
       125.967
       125.836
       125.693
       125.535
       125.369
       125.189
       124.988
       124.765
       124.513
       124.225
       123.889
       123.495
       123.028
       122.478
       123.445
       124.364
       125.245
       125.584
       125.918
       126.256
        126.58
       126.922
       127.281
       127.356
       127.451
       127.567
       127.931
       128.317
       128.707
        129.27
       129.884
       130.567
       131.405
       132.354
       133.401
       133.343
       133.433
       133.614
       132.357
       131.174
       130.043
       129.509
       128.907
       128.464
       129.027
       129.504
       130.081
       130.885
       131.661
       132.439
       132.732
       132.916
       132.985
       132.758
       132.561
       132.276
       131.873
       131.583
       131.067
       130.549
       130.317
       130.313
       130.441
       130.552
       130.741
       130.772
       130.724
       130.784
       131.162
        131.49
       131.376
        131.21
       131.392
       131.654
       131.741
       130.971
       129.767
       128.939
       128.942
       130.761
       131.438
       131.028
        134.29
       135.034
       135.445
       135.277
       133.282
       131.139
       128.903
       127.234
       128.614
       131.209
       133.663
       136.094
       138.605
       141.285
       141.263
       140.586
       140.175
       140.124
       138.637
        136.98
       135.317
       134.413
        134.89
       135.476
       136.207
       136.151
       136.268
       134.886
        132.38
       130.031
       127.852
       125.824
       123.726
       121.488
       119.088
       116.364
        113.14
       109.225
       104.341
        98.229
        90.904
       140.315
       139.551
       79.6813
       96.0884
       96.0886
       96.0888
       96.0888
       96.0886
       96.0884
       96.0881
       96.0877
       96.0871
       96.0865
       96.0858
       96.0849
       96.0839
       96.0828
       96.0815
         96.08
       96.0784
       96.0765
       96.0745
       96.0722
       96.0696
       96.0667
       96.0635
       96.0598
       96.0557
        96.051
       96.0458
       96.0398
        96.033
       96.0252
       96.0162
       96.0057
       95.9934
       95.9786
       95.9609
       95.9395
       95.9137
       95.8833
       95.8479
       95.8062
        95.757
       95.7021
       95.6403
       95.5682
        95.491
       95.4084
       95.3189
       95.2201
       95.1227
       95.0206
       94.9108
       94.7915
       94.6631
       94.5223
       94.3652
       94.1875
       93.9834
       93.7433
       93.4544
       93.0995
       92.6554
       92.0974
       93.0705
       93.9729
       94.8324
       95.1398
       95.4484
       95.7657
       96.0723
       96.3997
       96.7493
       96.8072
       96.8857
       96.9791
       97.3183
        97.668
       98.0097
       98.5179
       99.0658
       99.6745
       100.439
       101.324
        102.33
       102.219
       102.295
         102.5
       101.246
       100.095
       99.0009
       98.5085
       97.9211
       97.4655
       98.0076
       98.4264
       98.9219
       99.6313
       100.294
       100.976
       101.186
       101.312
        101.36
       101.138
        100.97
       100.724
       100.356
       100.104
       99.6086
       99.0919
       98.8445
       98.8124
       98.8983
       98.9877
       99.1503
       99.1344
       99.0152
       99.0389
        99.393
       99.7087
       99.5736
       99.3965
       99.5877
        99.878
       100.016
       99.2939
        98.134
       97.3466
       97.3693
       99.2266
       99.8884
       99.4075
        102.74
       103.518
       104.021
       104.001
       102.147
       100.178
       98.0924
       96.5111
       97.9391
       100.519
       102.914
       105.283
       107.769
       110.511
       110.528
        109.93
       109.656
       109.792
       108.468
       106.985
        105.48
       104.716
       105.325
       106.014
       106.855
       106.908
       107.195
       105.989
       103.684
        101.59
       99.6949
       97.9671
       96.1761
       94.2542
       92.1829
       89.7969
       86.9063
       83.2866
       78.5817
       72.3708
       64.3611
       110.112
       109.314
       51.8014
       65.0597
       65.0599
         65.06
         65.06
         65.06
       65.0598
       65.0596
       65.0593
        65.059
       65.0586
       65.0581
       65.0575
       65.0568
        65.056
       65.0552
       65.0542
       65.0531
       65.0519
       65.0505
       65.0489
       65.0472
       65.0452
       65.0431
       65.0406
       65.0378
       65.0347
       65.0311
        65.027
       65.0224
        65.017
       65.0108
       65.0035
       64.9946
       64.9838
       64.9702
       64.9525
       64.9294
       64.9026
       64.8713
       64.8334
       64.7834
        64.732
       64.6769
       64.6158
       64.5592
       64.5019
       64.4413
       64.3771
       64.3109
       64.2416
       64.1675
       64.0873
       64.0002
       63.9045
       63.7966
       63.6727
       63.5274
       63.3512
       63.1308
       62.8439
       62.4545
       61.9082
       62.8526
       63.6932
       64.4941
       64.7531
       65.0279
       65.3186
       65.6021
       65.9104
       66.2495
       66.3012
       66.3755
       66.4558
       66.7706
       67.0808
       67.3681
       67.8081
       68.2707
       68.7781
       69.4304
       70.2046
       71.1313
       70.9607
       71.0237
       71.2693
       70.0805
       69.0379
       68.0498
       67.6474
       67.1136
       66.6661
       67.1723
       67.5116
        67.901
       68.4861
       69.0265
       69.5948
       69.7235
       69.8118
       69.8501
       69.6408
       69.5026
       69.2979
       68.9756
       68.7711
       68.3143
       67.8199
       67.5666
       67.4817
       67.5055
       67.5383
       67.6292
       67.5459
       67.3749
       67.3684
       67.6976
       67.9666
       67.7909
       67.5735
       67.7308
       68.0218
       68.2142
       67.5893
       66.5518
       65.8635
       65.9035
       67.7272
       68.3285
       67.7338
       70.9989
       71.7492
       72.3241
       72.4928
       70.9026
       69.2684
       67.4991
       66.1123
       67.5425
       69.9838
       72.1864
       74.3492
       76.6619
       79.3501
       79.4059
       78.9254
       78.8202
       79.1771
       78.0964
       76.8859
       75.6272
       75.0375
       75.7387
       76.4651
       77.3457
        77.465
       77.9002
       76.9166
       74.9097
       73.1781
       71.6616
       70.3155
       68.9146
        67.406
       65.7873
       63.9109
       61.6021
       58.6376
       54.6259
       49.0022
       41.0407
       80.1815
       79.4144
       28.6978
       33.9536
       33.9538
       33.9539
       33.9539
       33.9539
       33.9538
       33.9537
       33.9536
       33.9534
       33.9532
       33.9529
       33.9526
       33.9523
       33.9519
       33.9515
        33.951
       33.9504
       33.9498
       33.9491
       33.9483
       33.9475
       33.9465
       33.9454
       33.9441
       33.9427
       33.9411
       33.9393
       33.9373
       33.9349
       33.9322
        33.929
       33.9252
       33.9205
       33.9145
       33.9064
       33.8938
       33.8712
       33.8482
       33.8234
       33.7958
       33.7656
        33.738
         33.71
       33.6806
       33.6517
       33.6225
        33.592
         33.56
       33.5268
       33.4923
       33.4559
       33.4161
       33.3726
       33.3242
       33.2688
       33.2046
       33.1281
       33.0336
       32.9112
       32.7403
       32.4786
       32.0232
       32.8418
       33.5256
       34.1924
       34.3993
       34.6423
       34.9051
        35.162
       35.4422
       35.7608
       35.8314
       35.9276
       36.0178
       36.3034
       36.5708
       36.8041
       37.1589
       37.5164
        37.894
       38.3792
        38.959
        39.707
       39.4993
       39.5418
       39.8024
       38.8155
        38.019
        37.252
       36.9833
       36.5578
       36.1634
       36.5761
       36.8004
       37.0559
         37.48
       37.8567
       38.2811
       38.3377
       38.3943
       38.4275
       38.2502
       38.1493
       37.9921
       37.7286
       37.5735
       37.1874
       36.7582
       36.5144
       36.3804
       36.3237
       36.2644
       36.2752
       36.1559
       35.9526
       35.8912
        36.121
       36.3014
       36.0984
       35.8526
       35.9537
       36.1856
       36.3762
       35.9042
       35.1266
       34.6416
       34.7041
       36.2842
       36.7879
       36.1567
       38.9635
       39.5929
       40.1803
       40.5501
        39.461
       38.4403
       37.2955
       36.3565
       37.6829
       39.7514
       41.5706
       43.3359
       45.2319
        47.581
       47.7368
       47.4955
       47.6021
       48.1541
       47.4636
       46.7024
        45.864
       45.5186
       46.2027
       46.8376
       47.6123
       47.7318
       48.2192
       47.5326
       46.0239
       44.8136
       43.7773
       42.8778
       41.9344
        40.925
       39.8706
       38.6674
       37.2008
       35.3206
       32.7208
       28.8706
       22.6917
       51.1337
       50.5676
       13.7345
       2.76522
       2.76522
       2.76522
       2.76522
       2.76522
       2.76522
       2.76522
       2.76522
       2.76522
       2.76522
       2.76522
       2.76522
       2.76522
       2.76522
       2.76522
       2.76522
       2.76522
       2.76522
       2.76522
       2.76522
       2.76522
       2.76522
       2.76522
       2.76522
       2.76522
       2.76522
       2.76522
       2.76522
       2.76522
       2.76522
       2.76522
       2.76522
       2.76522
       2.76522
       2.76522
       2.76522
       2.76522
       2.76522
       2.76522
       2.76522
       2.76522
       2.76522
       2.76522
       2.76522
       2.76522
       2.76522
       2.76522
       2.76522
       2.76522
       2.76522
       2.76522
       2.76522
       2.76522
       2.76522
       2.76522
       2.76522
       2.76522
       2.76522
       2.76522
       2.76522
       2.76522
       2.76522
       3.11177
       3.46147
       3.81097
       4.04792
       4.28486
       4.52177
       4.75333
       4.98489
       5.21573
       5.38116
       5.54659
       5.71267
       5.92744
       6.14221
       6.35212
       6.59075
       6.82939
       7.06835
       7.32139
       7.57444
        7.8201
       7.80755
         7.795
       7.77215
        7.4292
       7.08626
       6.74933
       6.54161
        6.3339
       6.17829
       6.25176
       6.32523
       6.43451
       6.60161
        6.7687
       6.93579
       6.99946
       7.03616
       7.03982
       6.97094
        6.8926
       6.77849
        6.6192
       6.46178
       6.23692
       5.99112
         5.783
       5.60083
       5.43588
       5.27094
       5.12649
       4.95871
       4.79094
       4.67619
       4.64446
       4.60923
       4.49128
       4.37333
       4.35194
       4.37841
        4.3991
       4.27436
       4.09447
        4.0329
       4.18792
       4.76437
       5.15124
       5.35953
       6.36049
        6.8688
       7.32644
        7.6822
       7.68361
       7.68502
       7.71147
       7.91373
       8.80996
       10.0032
        11.188
       12.3648
       13.5326
       14.6903
       15.2537
       15.6327
       16.0117
       16.4104
       16.4724
       16.4562
       16.4041
       16.4819
        16.822
       17.1622
       17.5023
       17.6435
       17.7788
         17.56
       17.0652
       16.5703
       16.0934
       15.6473
       15.2011
       14.7573
       14.3315
       13.9124
        13.492
       13.0691
       12.6354
       12.2017
       11.8504
            24
            24
       11.8087
