160                           99.766                        
35                            99.766                        
34                            97.725                        
33                            94.651                        
32                            91.123                        
31                            87.439                        
30                            83.688                        
29                            79.596                        
28                            75.41                         
27                            71.125                        
26                            66.741                        
25                            62.342                        
24                            58.04                         
23                            53.715                        
22                            49.328                        
21                            44.954                        
20                            40.581                        
19                            36.145                        
18                            31.839                        
17                            27.576                        
16                            23.339                        
15                            23.45                         
14                            22.817                        
13                            24.861                        
12                            26.305                        
11                            25.181                        
10                            81.671                        
9                             122.81                        
8                             130.8                         
7                             74.782                        
6                             61.61                         
5                             52.581                        
4                             44.644                        
3                             37.446                        
2                             30.805                        
1                             23.983                        
0                             17.421                        
