       921.218
       921.214
       921.211
        921.21
       921.208
       921.207
       921.205
       921.203
         921.2
       921.198
       921.195
       921.191
       921.188
       921.184
       921.179
       921.174
       921.168
       921.162
       921.155
       921.148
        921.14
       921.131
       921.122
       921.111
         921.1
       921.088
       921.075
       921.061
       921.046
        921.03
       921.013
       920.994
       920.974
       920.953
       920.931
       920.907
       920.882
       920.856
       920.828
       920.799
       920.769
       920.737
       920.705
       920.671
       920.636
       920.601
       920.565
       920.528
       920.492
       920.456
       920.421
       920.387
       920.355
       920.325
       920.298
       920.275
       920.256
       920.244
       920.238
        920.24
       920.252
       920.275
       920.311
       920.361
       920.429
       920.516
       920.626
        920.76
       920.921
       921.112
       921.336
       921.596
       921.894
       922.234
       922.617
       923.048
        923.53
       924.065
       924.658
        925.31
       926.027
       926.812
       927.619
       928.402
       929.162
       929.901
       930.618
       931.316
       931.994
       932.654
       933.296
       933.922
        934.53
        935.12
       935.691
       936.243
       936.778
       937.297
       937.801
        938.29
       938.764
       939.219
       939.651
        940.06
       940.448
       940.821
       941.175
       941.506
        941.81
       942.079
       942.307
       942.498
       942.653
       942.772
       942.829
       942.806
       942.698
       942.504
       942.219
       941.841
       941.366
        940.79
       940.108
       939.316
        938.41
       937.387
       936.246
       934.985
       933.605
       932.112
       930.513
       928.821
       927.037
       925.165
       923.212
       921.183
       919.078
       916.902
        914.66
       912.361
        910.03
        907.69
       905.363
       903.059
       900.788
       898.559
       896.383
        894.27
       892.232
       890.277
       888.406
       886.618
       884.913
       883.291
       881.753
       880.297
       878.925
       877.637
        876.43
       875.305
       874.261
       873.295
       872.408
       871.599
       870.866
       870.209
       869.628
       869.121
       868.689
       868.331
       868.047
       867.839
       867.707
       867.656
       890.481
        890.48
       890.479
       890.478
       890.476
       890.475
       890.473
       890.471
       890.468
       890.466
       890.463
       890.459
       890.456
       890.452
       890.447
       890.442
       890.436
        890.43
       890.423
       890.416
       890.408
       890.399
        890.39
       890.379
       890.368
       890.356
       890.343
       890.329
       890.314
       890.298
        890.28
       890.262
       890.242
       890.221
       890.199
       890.175
        890.15
       890.123
       890.096
       890.066
       890.036
       890.004
       889.971
       889.937
       889.903
       889.867
       889.831
       889.794
       889.757
       889.721
       889.685
       889.651
       889.618
       889.588
        889.56
       889.536
       889.517
       889.504
       889.497
       889.498
       889.509
        889.53
       889.623
       889.731
       889.855
       889.981
       890.128
       890.301
       890.499
       890.727
       890.989
       891.274
       891.598
       891.963
       892.381
       892.846
        893.36
       893.933
       894.563
       895.253
        896.01
       896.834
       897.682
       898.462
       899.219
       899.953
       900.612
       901.251
       901.872
       902.496
       903.103
       903.702
       904.322
       904.924
       905.512
       906.092
       906.654
       907.201
       907.715
       908.211
       908.683
       909.122
       909.536
       909.919
       910.274
       910.614
       910.925
       911.208
       911.474
       911.708
       911.906
       912.067
       912.199
       912.293
       912.324
       912.283
       912.174
       911.978
       911.679
       911.285
       910.811
       910.243
       909.568
       908.756
       907.821
       906.796
       905.692
       904.572
       903.286
       901.844
       900.416
       898.811
       897.104
       895.293
        893.34
        891.31
       889.209
       887.066
       884.973
       882.874
       880.741
       878.598
       876.466
       874.355
       872.176
       870.009
       867.895
       865.849
       863.822
       861.865
       859.985
        858.21
       856.563
       854.998
       853.517
       852.085
       850.736
       849.409
       848.117
       846.907
       845.781
       844.739
       843.775
       842.889
       842.084
       841.356
       840.704
       840.126
        839.62
       839.187
       838.843
       840.815
       840.683
       838.446
       859.802
       859.801
       859.801
         859.8
       859.799
       859.797
       859.795
       859.793
       859.791
       859.788
       859.785
       859.782
       859.778
       859.774
       859.769
       859.764
       859.759
       859.753
       859.746
       859.738
        859.73
       859.722
       859.712
       859.702
       859.691
       859.679
       859.665
       859.651
       859.636
        859.62
       859.603
       859.584
       859.564
       859.543
        859.52
       859.496
       859.471
       859.445
       859.416
       859.387
       859.356
       859.324
       859.291
       859.256
       859.221
       859.184
       859.147
       859.109
       859.072
       859.034
       858.997
       858.961
       858.927
       858.895
       858.865
       858.839
       858.818
       858.801
       858.792
        858.79
       858.797
       858.814
       858.961
       859.123
       859.301
       859.462
       859.644
        859.85
       860.082
       860.343
       860.637
       860.945
        861.29
       861.677
       862.125
       862.619
       863.162
       863.768
        864.43
       865.153
       865.943
         866.8
       867.689
       868.466
        869.22
       869.949
       870.549
       871.129
       871.691
        872.28
       872.851
       873.422
       874.054
       874.667
       875.272
       875.879
       876.468
       877.043
       877.567
       878.068
       878.538
        878.96
       879.355
       879.711
       880.033
       880.342
       880.607
       880.842
       881.067
       881.265
       881.431
       881.562
       881.671
        881.74
       881.747
       881.694
       881.587
       881.394
       881.083
       880.678
       880.209
       879.652
       878.987
       878.159
       877.198
       876.173
       875.113
       874.136
       872.949
       871.559
       870.305
       868.787
       867.158
       865.407
       863.453
       861.422
       859.323
        857.21
       855.264
       853.363
       851.425
       849.476
       847.536
       845.616
       843.527
       841.419
       839.366
       837.384
       835.367
       833.406
       831.517
       829.755
       828.163
       826.655
       825.231
       823.823
       822.497
       821.131
       819.754
        818.46
       817.251
       816.133
       815.092
        814.13
       813.252
       812.454
        811.73
        811.08
       810.499
       809.991
       809.585
       813.746
       813.612
       809.179
       829.173
       829.173
       829.172
       829.171
        829.17
       829.169
       829.167
       829.165
       829.163
        829.16
       829.157
       829.154
        829.15
       829.146
       829.142
       829.136
       829.131
       829.125
       829.118
       829.111
       829.103
       829.094
       829.084
       829.074
       829.063
       829.051
       829.037
       829.023
       829.008
       828.992
       828.974
       828.955
       828.935
       828.914
       828.891
       828.867
       828.841
       828.814
       828.786
       828.756
       828.724
       828.691
       828.657
       828.622
       828.585
       828.548
       828.509
        828.47
       828.431
       828.391
       828.352
       828.314
       828.277
       828.241
       828.208
       828.179
       828.153
       828.133
       828.118
       828.111
       828.112
       828.123
        828.32
       828.533
       828.763
       828.954
       829.168
       829.405
       829.666
       829.957
        830.28
       830.606
       830.969
       831.374
       831.847
       832.367
       832.933
       833.567
       834.258
       835.009
        835.83
       836.719
       837.643
       838.414
       839.164
       839.887
       840.427
       840.947
       841.451
       842.003
       842.538
       843.082
       843.724
       844.348
        844.97
       845.603
        846.22
       846.821
       847.356
       847.862
       848.328
       848.732
       849.107
       849.436
       849.725
           850
        850.22
       850.406
       850.589
       850.751
       850.884
       850.984
       851.069
        851.11
       851.099
       851.037
       850.936
       850.749
       850.431
       850.018
       849.557
       849.016
       848.365
       847.523
        846.54
       845.518
       844.503
       843.674
       842.586
       841.253
       840.174
       838.745
       837.195
       835.503
       833.548
       831.514
       829.415
       827.331
       825.531
       823.827
       822.082
       820.324
       818.573
       816.841
        814.84
        812.79
       810.795
       808.878
       806.868
       804.903
       803.003
       801.253
       799.718
       798.266
       796.898
       795.513
        794.21
       792.806
       791.344
       789.964
       788.674
       787.479
       786.361
       785.322
       784.372
       783.502
       782.707
       781.984
       781.327
       780.743
       780.274
       786.629
       786.494
       779.857
       798.588
       798.589
       798.588
       798.588
       798.587
       798.585
       798.584
       798.582
       798.579
       798.577
       798.574
       798.571
       798.567
       798.563
       798.558
       798.553
       798.548
       798.541
       798.535
       798.527
       798.519
        798.51
       798.501
       798.491
       798.479
       798.467
       798.454
        798.44
       798.424
       798.408
        798.39
       798.371
       798.351
       798.329
       798.306
       798.281
       798.255
       798.228
       798.199
       798.168
       798.136
       798.102
       798.066
        798.03
       797.992
       797.952
       797.912
       797.871
       797.829
       797.787
       797.745
       797.703
       797.662
       797.623
       797.586
       797.551
        797.52
       797.493
       797.472
       797.457
        797.45
       797.452
       797.698
       797.959
       798.236
       798.456
       798.697
       798.962
        799.25
       799.567
       799.915
       800.255
       800.632
       801.051
       801.545
       802.087
       802.673
       803.332
       804.047
       804.821
       805.668
       806.583
       807.536
       808.305
       809.051
       809.768
       810.247
       810.706
       811.151
       811.665
       812.163
       812.678
       813.331
       813.965
       814.603
       815.263
       815.906
       816.535
       817.079
        817.59
       818.051
       818.438
       818.793
       819.093
       819.349
        819.59
       819.764
         819.9
        820.04
       820.164
       820.265
       820.331
        820.39
       820.401
       820.377
       820.312
        820.22
       820.045
       819.723
       819.306
       818.856
       818.334
       817.699
       816.847
       815.844
       814.828
       813.862
       813.181
       812.197
       810.923
        810.02
        808.68
       807.209
       805.577
        803.62
       801.582
       799.483
       797.427
       795.771
       794.261
       792.708
       791.139
       789.577
       788.031
       786.117
       784.122
       782.184
        780.33
       778.327
       776.356
       774.445
       772.707
       771.227
       769.832
       768.521
       767.159
       765.878
       764.435
       762.888
       761.423
       760.051
       758.779
       757.584
       756.468
       755.444
       754.503
       753.635
       752.838
       752.104
       751.442
       750.909
       759.467
        759.33
       750.481
       768.044
       768.044
       768.044
       768.043
       768.043
       768.041
        768.04
       768.038
       768.036
       768.033
        768.03
       768.027
       768.023
       768.019
       768.015
        768.01
       768.004
       767.998
       767.991
       767.984
       767.976
       767.967
       767.957
       767.947
       767.936
       767.923
        767.91
       767.896
        767.88
       767.864
       767.846
       767.826
       767.806
       767.784
        767.76
       767.735
       767.709
        767.68
        767.65
       767.619
       767.585
        767.55
       767.513
       767.475
       767.435
       767.394
       767.351
       767.307
       767.262
       767.217
       767.171
       767.125
        767.08
       767.035
       766.992
       766.951
       766.913
       766.878
       766.848
       766.824
       766.807
       766.798
        767.09
       767.397
       767.719
       767.964
        768.23
       768.519
        768.83
       769.169
        769.54
        769.89
       770.278
       770.706
       771.219
       771.778
        772.38
        773.06
       773.795
       774.589
       775.457
       776.388
       777.373
       778.139
        778.88
       779.589
       780.006
       780.403
       780.787
       781.264
       781.723
       782.209
       782.872
       783.516
        784.17
       784.856
       785.527
       786.182
       786.736
       787.251
       787.707
       788.075
       788.409
       788.683
       788.906
       789.112
        789.24
       789.324
       789.419
       789.506
       789.573
       789.605
       789.636
       789.617
        789.58
       789.516
       789.441
        789.28
       788.958
        788.54
       788.106
       787.604
       786.989
        786.13
       785.109
       784.102
       783.186
       782.659
        781.78
       780.566
       779.839
        778.59
       777.198
       775.626
       773.666
       771.624
       769.523
       767.493
        765.98
       764.664
       763.302
       761.921
       760.545
       759.185
       757.355
       755.416
       753.534
       751.743
       749.745
       747.767
       745.845
       744.117
       742.694
       741.354
         740.1
       738.762
       737.504
       736.022
        734.39
        732.84
       731.385
       730.035
       728.763
       727.569
       726.471
       725.457
       724.514
       723.643
        722.83
        722.09
       721.492
       732.259
        732.12
       721.052
       737.535
       737.535
       737.535
       737.534
       737.533
       737.532
        737.53
       737.529
       737.526
       737.524
       737.521
       737.518
       737.514
        737.51
       737.506
       737.501
       737.495
       737.489
       737.482
       737.475
       737.467
       737.458
       737.448
       737.438
       737.427
       737.414
       737.401
       737.386
       737.371
       737.354
       737.336
       737.316
       737.295
       737.273
       737.249
       737.223
       737.196
       737.167
       737.136
       737.103
       737.068
       737.032
       736.994
       736.953
       736.911
       736.867
       736.822
       736.775
       736.727
       736.677
       736.627
       736.576
       736.525
       736.474
       736.424
       736.375
       736.328
       736.284
       736.244
       736.209
       736.179
       736.156
       736.492
       736.842
       737.206
       737.474
       737.762
       738.073
       738.403
       738.762
       739.152
       739.509
       739.904
       740.339
       740.866
       741.439
       742.054
       742.751
       743.503
       744.314
       745.201
       746.153
       747.164
       747.919
       748.651
       749.351
       749.704
       750.038
        750.36
       750.797
       751.217
       751.674
       752.346
       752.999
       753.669
       754.382
       755.078
       755.761
       756.324
       756.842
       757.293
       757.642
       757.957
       758.205
       758.393
       758.565
       758.645
       758.677
       758.727
       758.776
       758.808
       758.806
       758.804
       758.751
       758.701
       758.651
       758.597
       758.456
       758.137
       757.721
       757.304
       756.827
       756.234
       755.369
       754.334
       753.338
       752.475
       752.103
       751.331
       750.177
       749.628
       748.469
       747.157
       745.644
       743.682
       741.635
       739.531
       737.527
       736.156
       735.033
       733.862
       732.668
       731.478
       730.302
       728.556
        726.67
       724.844
       723.116
       721.122
       719.138
       717.203
       715.486
       714.118
       712.836
       711.638
       710.324
       709.089
       707.569
       705.851
       704.215
       702.677
        701.25
       699.899
       698.626
       697.454
       696.365
       695.347
       694.399
       693.506
       692.685
       692.021
       705.004
       704.864
       691.568
       707.055
       707.055
       707.055
       707.054
       707.054
       707.053
       707.051
       707.049
       707.047
       707.045
       707.042
       707.039
       707.035
       707.031
       707.026
       707.021
       707.016
        707.01
       707.003
       706.996
       706.988
       706.979
       706.969
       706.959
       706.947
       706.935
       706.922
       706.907
       706.891
       706.874
       706.856
       706.836
       706.815
       706.792
       706.767
       706.741
       706.713
       706.683
       706.651
       706.617
       706.581
       706.543
       706.502
        706.46
       706.415
       706.369
        706.32
       706.269
       706.217
       706.163
       706.107
        706.05
       705.993
       705.935
       705.876
       705.819
       705.762
       705.708
       705.656
       705.607
       705.563
       705.525
       705.902
       706.293
       706.697
       706.985
       707.292
       707.621
       707.969
       708.344
       708.749
       709.111
       709.509
       709.947
       710.486
        711.07
       711.694
       712.404
        713.17
       713.995
       714.899
       715.869
       716.899
       717.642
       718.363
       719.052
       719.338
       719.607
       719.866
       720.263
       720.644
       721.069
        721.75
       722.412
       723.098
       723.836
        724.56
        725.27
       725.841
       726.362
       726.808
       727.139
       727.434
       727.656
       727.809
       727.946
       727.979
       727.958
       727.963
       727.975
       727.973
       727.936
       727.904
       727.825
       727.766
       727.724
       727.692
       727.572
       727.259
       726.849
       726.452
       726.002
       725.432
       724.565
       723.516
       722.533
       721.725
       721.509
       720.846
       719.753
       719.383
       718.316
       717.083
       715.631
       713.665
       711.613
       709.505
       707.524
       706.296
       705.366
       704.385
       703.379
       702.373
        701.38
       699.718
       697.885
       696.114
       694.447
       692.459
       690.467
        688.52
       686.815
       685.503
       684.277
       683.138
       681.847
       680.636
       679.077
       677.273
       675.552
       673.931
       672.425
       670.995
       669.643
       668.393
       667.228
       666.133
       665.107
       664.132
       663.229
       662.496
       677.705
       677.563
        662.03
         676.6
         676.6
         676.6
         676.6
       676.599
       676.598
       676.597
       676.595
       676.593
        676.59
       676.587
       676.584
       676.581
       676.577
       676.572
       676.567
       676.562
       676.556
       676.549
       676.542
       676.534
       676.525
       676.515
       676.505
       676.493
       676.481
       676.467
       676.453
       676.437
       676.419
       676.401
       676.381
       676.359
       676.336
        676.31
       676.283
       676.255
       676.224
        676.19
       676.155
       676.118
       676.078
       676.035
        675.99
       675.943
       675.893
       675.841
       675.786
       675.729
        675.67
       675.608
       675.545
        675.48
       675.414
       675.347
       675.279
       675.211
       675.145
       675.079
       675.016
       674.956
         674.9
       675.317
       675.746
       676.188
       676.493
       676.817
       677.161
       677.523
       677.912
        678.33
       678.693
       679.091
        679.53
       680.076
       680.667
       681.298
       682.019
       682.795
       683.631
       684.549
       685.534
       686.578
       687.307
       688.014
       688.689
       688.908
        689.11
       689.304
        689.66
       689.999
       690.393
       691.083
       691.753
       692.454
       693.219
       693.969
       694.705
       695.285
       695.808
       696.249
       696.562
       696.839
       697.035
       697.154
       697.255
       697.241
       697.165
       697.128
       697.103
       697.068
       696.997
       696.939
       696.839
       696.764
       696.733
       696.726
        696.63
       696.326
       695.922
       695.549
       695.127
       694.584
       693.715
       692.654
       691.685
       690.933
       690.876
       690.322
       689.292
       689.102
       688.127
       686.974
       685.581
       683.612
       681.553
       679.441
       677.485
       676.398
       675.659
       674.868
       674.049
       673.228
       672.419
        670.84
        669.06
       667.344
       665.738
       663.755
       661.756
       659.798
       658.104
       656.849
       655.681
         654.6
       653.333
       652.146
       650.549
        648.66
       646.853
       645.149
       643.563
       642.053
        640.62
       639.292
       638.049
       636.875
       635.767
       634.708
       633.719
       632.918
       650.358
       650.214
       632.435
       646.166
       646.166
       646.166
       646.165
       646.165
       646.163
       646.162
        646.16
       646.158
       646.156
       646.153
        646.15
       646.147
       646.143
       646.138
       646.133
       646.128
       646.122
       646.115
       646.108
         646.1
       646.091
       646.081
       646.071
       646.059
       646.047
       646.033
       646.018
       646.002
       645.985
       645.966
       645.946
       645.924
         645.9
       645.874
       645.846
       645.816
       645.784
        645.75
       645.713
       645.674
       645.632
       645.588
        645.54
        645.49
       645.437
       645.381
       645.322
       645.259
       645.194
       645.127
       645.056
       644.983
       644.908
       644.831
       644.752
       644.672
       644.592
       644.512
       644.432
       644.354
       644.279
       644.733
       645.199
       645.675
       645.996
       646.334
       646.692
       647.065
       647.465
       647.893
       648.253
       648.649
       649.085
       649.636
       650.232
       650.864
       651.593
       652.377
       653.221
        654.15
       655.147
       656.205
       656.911
       657.601
        658.26
       658.409
       658.543
       658.671
       658.983
       659.281
       659.642
        660.34
       661.018
       661.735
       662.526
       663.302
       664.066
       664.653
       665.179
       665.615
       665.911
       666.171
       666.342
       666.425
       666.491
       666.429
         666.3
        666.22
       666.159
       666.092
       665.989
       665.908
       665.791
       665.699
       665.678
       665.698
        665.63
       665.337
       664.943
       664.594
       664.203
       663.688
       662.819
       661.748
       660.794
       660.099
       660.202
       659.758
        658.79
       658.782
       657.899
       656.825
       655.492
       653.519
       651.453
       649.337
       647.404
       646.458
       645.911
       645.309
       644.678
       644.042
       643.418
       641.921
       640.194
       638.532
       636.988
        635.01
       633.005
       631.036
       629.355
       628.158
       627.048
       626.026
       624.785
       623.623
       621.988
       620.014
       618.121
       616.333
       614.668
       613.076
        611.56
       610.152
       608.828
       607.571
       606.379
       605.233
       604.157
       603.283
       622.963
       622.817
       602.781
       615.746
       615.746
       615.746
       615.746
       615.745
       615.744
       615.743
       615.741
       615.739
       615.737
       615.734
       615.731
       615.728
       615.724
       615.719
       615.714
       615.709
       615.703
       615.696
       615.689
       615.681
       615.672
       615.663
       615.652
       615.641
       615.628
       615.615
         615.6
       615.584
       615.566
       615.547
       615.526
       615.504
       615.479
       615.453
       615.425
       615.394
       615.361
       615.325
       615.287
       615.246
       615.202
       615.155
       615.105
       615.052
       614.995
       614.935
       614.871
       614.804
       614.732
       614.658
        614.58
       614.498
       614.413
       614.325
       614.234
       614.141
       614.046
        613.95
       613.853
       613.756
       613.659
       614.148
       614.648
       615.158
       615.492
       615.841
        616.21
       616.592
           617
       617.435
       617.791
       618.181
       618.611
       619.164
       619.761
       620.393
       621.126
       621.914
       622.762
       623.698
       624.703
        625.77
       626.445
        627.12
       627.762
       627.839
       627.903
       627.963
       628.232
       628.486
       628.814
       629.519
       630.206
       630.937
       631.754
       632.558
       633.348
       633.944
       634.472
       634.903
       635.183
       635.426
       635.571
        635.62
       635.652
       635.542
        635.36
       635.239
       635.144
       635.045
        634.91
       634.808
       634.678
       634.574
       634.557
        634.61
       634.572
       634.293
       633.911
       633.588
        633.23
       632.744
       631.876
       630.795
       629.857
        629.22
       629.483
       629.149
       628.245
       628.419
       627.629
       626.636
       625.361
       623.384
       621.312
        619.19
        617.28
       616.475
        616.12
       615.708
       615.264
       614.814
       614.373
       612.959
       611.286
       609.679
       608.196
       606.225
       604.214
       602.235
       600.567
       599.429
        598.38
       597.418
       596.204
       595.067
       593.396
       591.337
       589.358
       587.486
       585.741
       584.067
       582.466
       580.976
       579.568
       578.225
       576.945
       575.706
       574.539
        573.59
       595.518
       595.368
       573.064
       585.337
       585.337
       585.337
       585.337
       585.336
       585.335
       585.334
       585.332
        585.33
       585.328
       585.325
       585.322
       585.319
       585.315
       585.311
       585.306
       585.301
       585.295
       585.288
       585.281
       585.273
       585.264
       585.255
       585.244
       585.233
        585.22
       585.207
       585.192
       585.175
       585.158
       585.138
       585.117
       585.095
        585.07
       585.043
       585.014
       584.982
       584.948
       584.911
       584.872
       584.829
       584.783
       584.734
       584.681
       584.625
       584.564
       584.499
       584.431
       584.358
        584.28
       584.198
       584.112
       584.021
       583.926
       583.826
       583.723
       583.615
       583.505
       583.391
       583.275
       583.157
       583.038
        583.56
       584.093
       584.634
       584.978
       585.337
       585.714
       586.103
       586.516
       586.955
       587.304
       587.686
       588.106
       588.658
       589.253
       589.883
       590.617
       591.406
       592.255
       593.194
         594.2
       595.265
        595.91
       596.568
       597.192
       597.196
       597.187
       597.177
       597.401
       597.611
       597.905
       598.617
       599.312
       600.058
       600.901
       601.732
       602.549
       603.152
       603.684
       604.111
       604.376
       604.604
       604.723
       604.737
       604.736
       604.577
       604.345
       604.183
       604.056
       603.929
       603.764
       603.648
       603.503
       603.379
       603.373
       603.463
       603.459
       603.195
       602.826
       602.532
       602.207
       601.752
       600.886
       599.796
       598.874
       598.295
       598.718
       598.496
       597.657
       598.014
       597.316
       596.403
       595.188
       593.206
       591.126
       588.999
        587.11
       586.447
       586.285
       586.062
       585.805
        585.54
       585.285
       583.955
       582.334
       580.783
       579.363
       577.398
       575.383
       573.395
       571.742
       570.665
       569.677
       568.778
       567.592
       566.483
       564.776
       562.633
       560.569
       558.613
       556.787
       555.029
       553.342
       551.766
       550.271
       548.838
       547.464
       546.128
       544.864
       543.835
        568.02
       567.864
       543.278
       554.934
       554.934
       554.934
       554.933
       554.933
       554.932
        554.93
       554.929
       554.927
       554.925
       554.922
       554.919
       554.916
       554.912
       554.908
       554.903
       554.898
       554.892
       554.886
       554.879
       554.871
       554.862
       554.853
       554.842
       554.831
       554.818
       554.805
        554.79
       554.773
       554.755
       554.736
       554.715
       554.692
       554.666
       554.639
       554.609
       554.577
       554.542
       554.504
       554.463
       554.419
       554.371
       554.319
       554.263
       554.204
       554.139
        554.07
       553.997
       553.918
       553.834
       553.745
        553.65
       553.549
       553.443
       553.332
       553.214
       553.092
       552.964
       552.832
       552.696
       552.555
       552.412
       552.966
        553.53
         554.1
       554.453
       554.819
       555.202
       555.595
       556.011
       556.452
        556.79
       557.162
       557.571
       558.118
       558.709
       559.332
       560.064
       560.851
       561.698
       562.636
       563.643
       564.707
       565.311
       565.947
       566.548
       566.475
       566.392
        566.31
       566.487
       566.652
       566.911
        567.63
       568.332
       569.094
       569.964
       570.822
       571.665
       572.276
       572.812
       573.237
       573.488
         573.7
       573.794
       573.775
        573.74
       573.534
       573.252
       573.053
       572.896
       572.742
       572.553
       572.428
       572.273
       572.139
       572.136
       572.263
       572.292
       572.045
        571.69
       571.425
       571.135
       570.711
       569.847
       568.749
       567.844
       567.324
       567.908
       567.799
       567.024
       567.564
       566.958
       566.125
        564.97
       562.983
       560.895
       558.761
       556.894
       556.373
       556.403
       556.369
       556.299
       556.221
       556.151
       554.905
       553.338
       551.843
       550.487
        548.53
       546.512
       544.516
        542.88
       541.866
       540.941
       540.106
       538.951
       537.871
       536.131
       533.905
       531.757
       529.718
        527.81
       525.968
       524.192
       522.527
       520.941
       519.411
       517.938
       516.498
       515.131
       514.014
       540.466
       540.302
       513.416
       524.531
       524.531
       524.531
        524.53
        524.53
       524.529
       524.528
       524.526
       524.524
       524.522
        524.52
       524.517
       524.514
        524.51
       524.506
       524.501
       524.496
        524.49
       524.484
       524.477
       524.469
       524.461
       524.451
       524.441
        524.43
       524.417
       524.404
       524.389
       524.372
       524.354
       524.335
       524.313
        524.29
       524.265
       524.237
       524.207
       524.174
       524.138
       524.099
       524.056
        524.01
       523.961
       523.907
       523.848
       523.785
       523.717
       523.644
       523.565
       523.481
        523.39
       523.293
       523.189
       523.079
       522.962
       522.838
       522.706
       522.568
       522.423
       522.271
       522.113
       521.949
        521.78
       522.365
       522.958
       523.555
       523.915
       524.286
       524.673
       525.067
       525.484
       525.924
        526.25
       526.607
       527.002
       527.543
       528.126
        528.74
       529.467
       530.249
       531.091
       532.027
        533.03
       534.089
       534.645
        535.25
       535.826
       535.672
       535.512
       535.357
       535.486
       535.605
       535.828
       536.554
       537.264
       538.041
       538.938
       539.823
       540.693
       541.312
       541.852
       542.277
       542.516
       542.712
       542.782
        542.73
       542.661
       542.409
        542.08
       541.845
       541.661
       541.485
       541.275
       541.147
       540.986
       540.848
       540.851
       541.013
       541.075
       540.845
       540.504
       540.268
       540.013
       539.621
       538.761
       537.654
       536.767
       536.306
       537.053
       537.056
       536.345
       537.067
       536.553
         535.8
       534.704
       532.711
       530.615
       528.473
       526.628
       526.248
       526.471
       526.627
       526.744
       526.853
        526.97
       525.808
       524.296
       522.858
       521.566
       519.618
       517.599
       515.597
        513.98
       513.032
       512.174
       511.406
       510.283
       509.235
       507.463
       505.157
       502.926
       500.804
       498.816
       496.887
       495.021
       493.263
        491.58
       489.948
       488.368
       486.816
       485.336
       484.122
        512.85
       512.676
       483.469
       494.124
       494.124
       494.124
       494.124
       494.123
       494.122
       494.121
       494.119
       494.118
       494.115
       494.113
        494.11
       494.107
       494.103
       494.099
       494.095
        494.09
       494.084
       494.078
       494.071
       494.064
       494.055
       494.046
       494.036
       494.025
       494.012
       493.999
       493.984
       493.968
        493.95
        493.93
       493.909
       493.885
        493.86
       493.832
       493.801
       493.767
       493.731
       493.691
       493.647
         493.6
       493.548
       493.492
       493.431
       493.365
       493.293
       493.216
       493.132
       493.042
       492.945
        492.84
       492.728
       492.607
       492.479
       492.342
       492.196
       492.041
       491.878
       491.706
       491.525
       491.337
        491.14
       491.754
       492.374
       492.997
       493.361
       493.736
       494.125
       494.518
       494.932
        495.37
        495.68
       496.021
       496.398
        496.93
       497.503
       498.105
       498.825
         499.6
       500.433
       501.363
        502.36
       503.411
       503.909
       504.468
       505.019
       504.783
       504.543
       504.313
       504.393
       504.465
       504.653
       505.386
       506.103
       506.896
       507.819
       508.731
       509.629
       510.257
       510.803
       511.228
       511.455
       511.637
       511.682
       511.598
       511.495
       511.199
       510.826
       510.558
       510.349
       510.154
       509.929
       509.803
       509.643
       509.507
       509.522
       509.715
        509.81
       509.595
       509.269
       509.063
       508.843
       508.483
       507.625
       506.511
       505.641
       505.239
       506.149
       506.265
       505.617
       506.521
         506.1
       505.427
       504.389
       502.389
       500.282
       498.133
       496.309
       496.071
       496.486
       496.832
       497.137
       497.434
       497.739
       496.662
       495.205
       493.825
         492.6
       490.662
       488.643
       486.638
       485.043
       484.163
       483.374
       482.677
       481.591
       480.578
       478.777
       476.393
       474.082
       471.879
        469.81
       467.795
       465.836
       463.981
       462.195
       460.453
       458.756
       457.079
       455.474
       454.152
       485.166
       484.977
       453.422
       463.708
       463.708
       463.708
       463.708
       463.707
       463.706
       463.705
       463.704
       463.702
         463.7
       463.698
       463.695
       463.692
       463.688
       463.684
        463.68
       463.675
        463.67
       463.664
       463.657
        463.65
       463.641
       463.632
       463.622
       463.611
       463.599
       463.586
       463.571
       463.555
       463.537
       463.518
       463.496
       463.473
       463.447
       463.419
       463.388
       463.354
       463.317
       463.276
       463.231
       463.183
       463.129
       463.071
       463.008
       462.939
       462.864
       462.783
       462.694
       462.598
       462.495
       462.382
       462.261
       462.131
       461.991
       461.841
        461.68
       461.509
       461.327
       461.134
        460.93
       460.715
        460.49
       461.132
       461.778
       462.425
       462.792
       463.168
       463.555
       463.946
       464.356
       464.788
        465.08
       465.402
        465.76
       466.279
        466.84
       467.427
       468.137
       468.901
       469.725
       470.647
       471.635
       472.674
        473.11
       473.616
       474.125
       473.803
       473.478
       473.171
       473.202
       473.228
       473.381
        474.12
       474.846
       475.653
       476.603
       477.542
       478.468
       479.106
       479.658
       480.086
       480.302
        480.47
       480.492
       480.375
        480.24
       479.902
       479.486
       479.188
       478.958
       478.744
       478.513
       478.395
       478.241
       478.112
       478.144
        478.37
       478.496
       478.297
       477.985
       477.808
       477.624
       477.296
       476.441
       475.318
       474.465
       474.122
       475.195
       475.423
       474.838
       475.925
       475.595
       475.001
       474.022
       472.014
       469.896
       467.737
       465.933
       465.836
       466.444
       466.981
       467.475
        467.96
       468.454
       467.464
       466.063
       464.742
       463.584
        461.66
       459.643
       457.637
       456.067
       455.259
       454.545
       453.922
       452.876
       451.902
       450.077
       447.619
        445.23
       442.949
       440.801
       438.699
       436.645
       434.689
       432.794
       430.932
       429.105
        427.29
       425.542
       424.092
       457.404
       457.197
       423.259
       433.278
       433.278
       433.278
       433.278
       433.277
       433.277
       433.275
       433.274
       433.273
       433.271
       433.268
       433.266
       433.263
       433.259
       433.256
       433.251
       433.247
       433.241
       433.236
       433.229
       433.222
       433.214
       433.205
       433.195
       433.185
       433.173
        433.16
       433.145
       433.129
       433.112
       433.093
       433.071
       433.048
       433.022
       432.994
       432.963
       432.928
       432.891
        432.85
       432.804
       432.754
         432.7
        432.64
       432.575
       432.503
       432.425
        432.34
       432.247
       432.146
       432.036
       431.917
       431.787
       431.647
       431.496
       431.333
       431.157
       430.969
       430.768
       430.553
       430.325
       430.084
       429.829
       430.497
       431.168
       431.837
       432.205
       432.579
       432.964
        433.35
       433.753
       434.177
       434.449
       434.749
       435.084
       435.589
       436.134
       436.703
       437.402
       438.153
       438.964
       439.877
       440.856
       441.883
       442.259
       442.694
       443.148
       442.723
        442.31
       441.922
       441.905
       441.887
       442.007
       442.756
       443.487
       444.309
       445.284
       446.251
       447.205
       447.854
       448.416
       448.847
       449.052
       449.207
       449.206
       449.057
       448.891
       448.512
       448.056
       447.733
       447.486
       447.261
       447.032
       446.926
       446.782
       446.664
       446.716
       446.975
       447.133
        446.95
       446.653
       446.505
       446.356
        446.06
       445.208
       444.075
       443.238
       442.954
       444.189
       444.529
       444.006
       445.275
       445.038
       444.523
         443.6
       441.584
       439.454
       437.285
       435.499
       435.542
       436.342
        437.07
       437.755
       438.429
       439.112
       438.207
       436.864
       435.604
       434.517
       432.607
       430.595
       428.593
       427.051
        426.32
       425.684
       425.141
        424.14
       423.211
       421.366
       418.838
       416.377
       414.021
       411.797
        409.61
       407.459
       405.399
       403.387
       401.394
       399.423
        397.45
       395.536
       393.936
       429.552
       429.321
       392.955
        402.83
        402.83
        402.83
        402.83
       402.829
       402.828
       402.827
       402.826
       402.825
       402.823
       402.821
       402.818
       402.815
       402.812
       402.808
       402.804
         402.8
       402.795
       402.789
       402.783
       402.776
       402.768
        402.76
        402.75
        402.74
       402.728
       402.716
       402.701
       402.686
       402.669
        402.65
       402.629
       402.606
        402.58
       402.552
       402.521
       402.487
       402.449
       402.407
       402.361
       402.311
       402.255
       402.194
       402.127
       402.054
       401.973
       401.884
       401.787
       401.682
       401.566
        401.44
       401.302
       401.153
       400.991
       400.815
       400.625
        400.42
       400.199
       399.963
        399.71
       399.441
       399.156
       399.849
       400.542
       401.231
       401.598
        401.97
        402.35
       402.728
       403.122
       403.536
       403.784
        404.06
        404.37
       404.857
       405.384
       405.934
       406.617
       407.354
       408.151
       409.053
       410.022
       411.042
       411.364
       411.743
       412.138
       411.612
       411.107
       410.634
       410.554
       410.475
        410.55
       411.292
       412.025
       412.857
       413.855
       414.851
       415.837
       416.497
       417.069
       417.506
       417.703
       417.845
        417.82
       417.638
       417.442
       417.025
       416.531
       416.187
        415.93
       415.702
       415.481
       415.393
       415.265
       415.163
       415.238
       415.531
       415.722
       415.555
       415.272
       415.155
       415.041
       414.776
       413.925
       412.782
       411.961
       411.734
        413.13
        413.58
       413.119
       414.571
       414.425
       413.988
       413.122
       411.096
       408.954
       406.773
       405.003
       405.185
       406.178
       407.097
       407.971
       408.833
       409.705
       408.888
       407.603
       406.407
       405.393
       403.501
       401.498
       399.502
       397.994
       397.345
       396.793
       396.335
       395.386
       394.507
       392.649
       390.058
       387.531
       385.106
        382.81
        380.54
       378.293
       376.125
       373.989
       371.853
       369.719
       367.565
       365.455
        363.67
       401.594
       401.332
       362.481
       372.358
       372.358
       372.358
       372.358
       372.358
       372.357
       372.356
       372.355
       372.353
       372.351
       372.349
       372.347
       372.344
       372.341
       372.338
       372.334
        372.33
       372.325
        372.32
       372.314
       372.307
         372.3
       372.291
       372.282
       372.272
       372.261
       372.249
       372.235
        372.22
       372.203
       372.185
       372.164
       372.142
       372.116
       372.089
       372.058
       372.024
       371.986
       371.945
       371.899
       371.848
       371.791
       371.729
       371.661
       371.586
       371.503
       371.412
       371.311
       371.201
       371.081
       370.948
       370.804
       370.646
       370.473
       370.285
       370.081
       369.859
        369.62
       369.361
       369.083
       368.786
       368.469
       369.186
       369.901
       370.608
       370.972
       371.339
       371.712
        372.08
       372.463
       372.863
       373.086
       373.335
       373.616
       374.083
       374.589
       375.117
       375.781
       376.501
       377.282
       378.173
       379.129
       380.149
       380.428
       380.764
       381.116
       380.498
       379.905
       379.346
       379.202
       379.057
       379.068
       379.793
       380.508
       381.333
       382.342
       383.356
       384.362
       385.032
       385.613
       386.058
        386.25
        386.38
        386.33
       386.113
       385.886
       385.431
       384.904
       384.543
       384.283
       384.064
       383.858
       383.794
        383.69
       383.609
       383.712
        384.04
       384.263
       384.112
       383.844
       383.756
       383.677
       383.444
       382.594
        381.44
       380.631
       380.459
       382.016
       382.576
       382.176
       383.811
       383.754
       383.395
       382.585
       380.548
       378.392
       376.198
       374.444
       374.765
       375.948
       377.055
       378.117
       379.168
        380.23
         379.5
       378.275
       377.144
       376.207
       374.337
       372.347
       370.362
       368.893
       368.332
        367.87
       367.505
       366.614
       365.793
        363.93
       361.285
         358.7
       356.215
       353.853
       351.506
       349.165
       346.887
        344.62
       342.327
       340.011
       337.645
       335.302
       333.285
       373.509
       373.209
       331.803
       341.858
       341.858
       341.858
       341.858
       341.858
       341.857
       341.856
       341.855
       341.854
       341.852
        341.85
       341.848
       341.845
       341.843
       341.839
       341.836
       341.832
       341.827
       341.822
       341.816
        341.81
       341.803
       341.795
       341.787
       341.777
       341.766
       341.754
       341.741
       341.727
       341.711
       341.693
       341.673
       341.651
       341.626
       341.599
       341.569
       341.536
       341.498
       341.457
       341.411
        341.36
       341.304
       341.241
       341.172
       341.096
       341.011
       340.918
       340.815
       340.701
       340.577
       340.439
       340.288
       340.122
        339.94
       339.741
       339.523
       339.286
       339.027
       338.747
       338.444
       338.118
       337.768
       338.508
       339.242
       339.967
       340.326
       340.685
       341.049
       341.404
       341.773
       342.158
       342.352
       342.572
       342.821
       343.265
       343.748
       344.251
        344.89
        345.59
       346.355
       347.235
       348.192
       349.214
       349.451
       349.752
       350.073
       349.372
       348.698
       348.057
        347.85
       347.638
       347.589
       348.294
       348.989
         349.8
       350.811
        351.82
       352.828
       353.491
        354.07
       354.515
       354.696
       354.811
       354.731
       354.476
       354.215
       353.721
       353.162
       352.791
       352.538
       352.339
       352.159
        352.13
       352.059
       352.009
       352.145
       352.502
       352.756
       352.621
       352.368
       352.311
       352.267
       352.065
       351.216
       350.049
       349.253
       349.134
        350.85
       351.517
       351.175
       352.992
       353.025
       352.742
       351.988
       349.939
       347.767
       345.559
       343.821
       344.278
       345.649
       346.942
        348.19
       349.428
        350.68
       350.038
       348.873
        347.81
       346.953
        345.11
       343.136
       341.169
       339.745
       339.278
       338.914
       338.649
       337.825
       337.072
       335.213
       332.525
       329.894
       327.359
       324.943
       322.526
       320.097
       317.711
       315.308
       312.845
       310.322
       307.709
       305.084
       302.775
        345.27
       344.925
        300.88
       311.325
       311.325
       311.325
       311.325
       311.325
       311.324
       311.323
       311.322
       311.321
        311.32
       311.318
       311.316
       311.313
       311.311
       311.308
       311.304
       311.301
       311.296
       311.292
       311.286
        311.28
       311.274
       311.266
       311.258
       311.249
       311.239
       311.228
       311.215
       311.202
       311.186
       311.169
        311.15
       311.129
       311.105
       311.079
        311.05
       311.017
        310.98
        310.94
       310.894
       310.844
       310.788
       310.726
       310.656
       310.579
       310.494
       310.399
       310.294
       310.178
        310.05
       309.909
       309.752
        309.58
        309.39
       309.181
       308.951
       308.699
       308.422
       308.121
       307.792
       307.437
       307.054
       307.815
       308.567
       309.307
       309.658
       310.008
        310.36
       310.701
       311.053
        311.42
       311.584
        311.77
       311.982
         312.4
       312.859
        313.34
       313.972
       314.667
        315.43
       316.313
       317.273
        318.29
       318.486
       318.753
       319.045
       318.263
       317.509
       316.787
       316.518
       316.241
       316.132
       316.812
       317.478
       318.268
       319.267
       320.272
       321.285
       321.937
       322.497
       322.907
       323.054
       323.138
       323.019
       322.718
       322.417
        321.88
       321.289
       320.916
       320.685
       320.523
       320.381
       320.399
       320.373
       320.365
       320.539
       320.914
       321.196
       321.079
       320.844
       320.819
       320.811
       320.641
       319.792
       318.612
       317.826
        317.76
       319.631
       320.403
       320.116
       322.111
       322.233
       322.027
       321.328
       319.269
       317.082
       314.859
       313.133
       313.723
       315.278
       316.754
       318.183
       319.606
       321.048
       320.493
       319.391
       318.398
       317.625
       315.812
       313.862
       311.918
       310.545
       310.181
       309.923
       309.767
        309.02
       308.344
       306.502
       303.784
       301.121
       298.552
       296.096
       293.623
       291.116
       288.628
       286.088
       283.445
       280.692
       277.793
       274.828
       272.145
       316.844
       316.447
       269.675
       280.754
       280.755
       280.755
       280.754
       280.754
       280.754
       280.753
       280.752
       280.751
       280.749
       280.748
       280.746
       280.744
       280.741
       280.738
       280.735
       280.732
       280.728
       280.723
       280.718
       280.713
       280.707
         280.7
       280.692
       280.684
       280.675
       280.664
       280.652
       280.639
       280.625
       280.609
       280.591
       280.571
       280.548
       280.523
       280.495
       280.463
       280.428
       280.388
       280.344
       280.295
       280.239
       280.178
       280.109
       280.032
       279.946
       279.851
       279.745
       279.628
       279.498
       279.353
       279.193
       279.016
       278.819
       278.602
       278.362
       278.096
       277.804
       277.482
       277.129
       276.744
       276.327
       277.107
       277.876
       278.628
       278.969
       279.306
       279.644
       279.969
         280.3
       280.647
        280.78
       280.935
       281.126
       281.534
       281.986
       282.458
       283.088
       283.778
       284.536
       285.419
        286.38
       287.397
       287.552
       287.784
       288.045
        287.18
       286.346
       285.545
       285.218
       284.879
       284.712
       285.367
       286.003
       286.765
       287.744
       288.735
       289.743
       290.371
       290.901
       291.269
        291.35
       291.373
       291.189
       290.826
        290.48
       289.885
       289.258
       288.894
       288.708
       288.617
       288.524
       288.597
       288.634
       288.669
       288.859
       289.261
       289.577
       289.483
       289.271
       289.282
       289.313
       289.175
       288.325
        287.13
       286.352
       286.333
       288.357
        289.23
       288.994
       291.167
       291.375
       291.246
       290.604
       288.535
       286.334
       284.096
       282.379
       283.099
       284.834
       286.486
       288.092
       289.696
       291.325
       290.857
       289.817
       288.898
       288.213
       286.437
       284.516
       282.603
        281.29
       281.037
       280.893
       280.855
       280.196
       279.611
         277.8
       275.069
       272.392
       269.808
       267.333
       264.824
       262.258
        259.68
       257.009
       254.181
       251.178
       247.951
       244.576
       241.418
       288.194
       287.738
        238.16
       250.141
       250.141
       250.141
       250.141
       250.141
        250.14
        250.14
       250.139
       250.138
       250.136
       250.135
       250.133
       250.131
       250.129
       250.126
       250.124
        250.12
       250.117
       250.113
       250.108
       250.103
       250.098
       250.091
       250.084
       250.077
       250.068
       250.058
       250.048
       250.036
       250.022
       250.007
        249.99
       249.971
        249.95
       249.926
         249.9
        249.87
       249.836
       249.798
       249.755
       249.707
       249.654
       249.593
       249.525
       249.449
       249.364
        249.27
       249.164
       249.047
       248.916
        248.77
       248.608
       248.427
       248.226
       248.003
       247.754
       247.478
       247.171
       246.831
       246.455
       246.041
       245.588
       246.387
       247.169
       247.931
       248.257
       248.578
       248.901
        249.21
       249.529
        249.87
        249.99
       250.136
       250.316
       250.717
       251.158
       251.619
       252.241
       252.923
       253.673
       254.551
       255.509
       256.525
       256.639
       256.836
       257.066
       256.121
        255.21
       254.336
       253.956
       253.559
       253.335
       253.964
        254.57
       255.304
       256.262
        257.23
        258.21
       258.795
       259.287
       259.609
       259.622
        259.57
       259.312
        258.88
       258.476
       257.832
       257.208
       256.866
       256.719
       256.677
       256.649
       256.799
        256.87
       256.915
       257.106
       257.537
       257.889
       257.832
       257.654
       257.705
       257.776
        257.67
       256.819
       255.606
       254.832
       254.857
       257.027
       257.994
       257.805
       260.152
       260.446
       260.394
       259.812
       257.736
       255.523
       253.271
       251.563
       252.408
       254.314
       256.134
       257.909
       259.687
       261.501
       261.117
       260.141
       259.298
       258.709
       256.975
       255.092
       253.217
       251.973
        251.84
        251.82
       251.911
       251.351
        250.87
       249.107
       246.382
       243.716
       241.143
       238.676
       236.159
        233.56
       230.917
       228.131
       225.125
       221.859
       218.266
        214.41
       210.654
       259.277
       258.758
        206.34
        219.48
        219.48
        219.48
        219.48
        219.48
       219.479
       219.479
       219.478
       219.477
       219.476
       219.474
       219.473
       219.471
       219.469
       219.467
       219.464
       219.462
       219.458
       219.455
       219.451
       219.446
       219.441
       219.436
       219.429
       219.422
       219.414
       219.406
       219.396
       219.385
       219.373
       219.359
       219.344
       219.326
       219.307
       219.285
        219.26
       219.232
         219.2
       219.164
       219.124
       219.078
       219.026
       218.967
       218.901
       218.827
       218.744
        218.65
       218.546
        218.43
       218.299
       218.154
       217.992
       217.811
       217.608
       217.381
       217.128
       216.844
       216.526
       216.169
       215.772
       215.331
        214.84
       215.655
        216.45
       217.221
       217.538
       217.857
        218.18
        218.49
       218.813
       219.154
       219.261
       219.394
       219.558
       219.949
       220.377
       220.821
       221.429
       222.095
       222.831
       223.699
       224.651
       225.664
       225.737
       225.898
         226.1
       225.081
       224.101
       223.161
       222.735
       222.286
       222.008
       222.613
       223.189
       223.891
       224.819
       225.748
       226.685
       227.216
        227.66
        227.93
       227.873
       227.751
       227.415
       226.916
       226.467
       225.821
       225.211
       224.905
        224.79
       224.791
       224.839
       225.035
       225.118
       225.155
       225.339
       225.782
       226.166
       226.151
       226.001
       226.091
       226.203
        226.13
       225.278
       224.047
       223.273
       223.334
       225.643
       226.696
       226.544
        229.06
       229.437
       229.465
       228.948
       226.872
       224.655
       222.393
        220.69
       221.654
       223.721
       225.694
       227.622
       229.564
       231.556
       231.255
       230.343
       229.583
       229.097
       227.416
       225.582
       223.757
       222.591
       222.586
       222.698
       222.926
       222.477
       222.116
        220.42
       217.726
       215.099
       212.571
       210.148
       207.662
       205.069
       202.397
       199.531
        196.37
       192.848
       188.867
       184.459
       179.971
       230.056
       229.471
       174.288
       188.766
       188.766
       188.766
       188.766
       188.766
       188.766
       188.765
       188.764
       188.764
       188.763
       188.762
        188.76
       188.759
       188.757
       188.755
       188.753
        188.75
       188.747
       188.744
       188.741
       188.737
       188.732
       188.727
       188.722
       188.716
       188.709
       188.701
       188.693
       188.683
       188.672
        188.66
       188.646
       188.631
       188.613
       188.593
       188.571
       188.545
       188.516
       188.482
       188.444
       188.401
       188.351
       188.295
       188.232
        188.16
       188.079
       187.989
       187.887
       187.772
       187.645
       187.502
       187.342
       187.162
       186.961
       186.734
        186.48
       186.194
       185.871
       185.499
       185.084
       184.621
       184.104
       184.948
       185.768
       186.563
       186.886
       187.206
       187.527
       187.836
       188.158
       188.497
        188.59
       188.707
       188.853
       189.229
       189.639
       190.059
       190.646
        191.29
       192.003
       192.853
       193.793
         194.8
       194.831
       194.961
       195.142
       194.057
        193.02
       192.026
       191.565
       191.069
       190.744
       191.328
       191.871
       192.536
       193.425
       194.309
       195.196
       195.662
       196.034
        196.23
       196.103
       195.918
       195.517
       194.979
       194.544
       193.923
       193.328
        193.04
       192.954
       192.992
       193.074
       193.295
       193.402
       193.448
       193.626
       194.072
       194.473
       194.455
       194.316
       194.443
       194.597
        194.56
        193.71
       192.461
       191.684
       191.775
       194.209
       195.333
       195.204
        197.88
       198.336
       198.446
       198.003
       195.941
       193.736
       191.475
       189.783
       190.856
       193.065
       195.168
       197.229
       199.315
       201.474
       201.248
       200.401
        199.73
        199.36
       197.747
       195.977
       194.216
       193.139
       193.271
        193.52
       193.893
       193.564
       193.338
       191.731
       189.097
       186.545
       184.103
        181.77
       179.364
       176.832
       174.188
       171.298
       168.033
       164.294
       159.934
       154.929
       149.576
       200.505
       199.855
       142.206
       157.995
       157.995
       157.995
       157.995
       157.995
       157.995
       157.994
       157.994
       157.993
       157.992
       157.991
        157.99
       157.989
       157.987
       157.986
       157.984
       157.982
       157.979
       157.977
       157.974
        157.97
       157.967
       157.962
       157.958
       157.952
       157.947
        157.94
       157.933
       157.924
       157.915
       157.904
       157.892
       157.879
       157.864
       157.846
       157.826
       157.803
       157.777
       157.747
       157.712
       157.672
       157.626
       157.573
       157.513
       157.444
       157.367
       157.279
        157.18
        157.07
       156.946
       156.807
       156.652
       156.479
       156.282
       156.055
       155.806
       155.528
       155.212
       154.852
       154.447
       153.986
       153.464
       154.338
       155.179
        155.99
        156.31
       156.625
       156.942
       157.245
       157.563
       157.897
       157.974
       158.073
       158.198
       158.556
       158.943
       159.334
       159.891
       160.501
        161.18
       162.002
       162.921
       163.918
       163.906
       164.011
        164.18
       163.042
       161.964
       160.934
       160.452
       159.924
       159.558
       160.122
       160.629
       161.247
       162.089
       162.915
       163.744
       164.134
       164.429
       164.548
        164.35
       164.113
       163.691
       163.169
       162.762
       162.166
       161.573
       161.302
        161.25
       161.334
       161.428
        161.64
       161.757
       161.819
       161.974
       162.386
       162.763
       162.723
       162.589
       162.764
       162.963
       162.964
       162.121
       160.859
       160.081
        160.19
        162.73
       163.904
       163.777
       166.597
       167.125
       167.321
       166.966
        164.94
       162.774
       160.541
       158.874
       160.042
       162.364
       164.563
       166.721
       168.923
       171.231
       171.072
       170.289
       169.717
        169.48
       167.954
        166.27
       164.591
       163.616
       163.889
       164.278
       164.797
       164.595
       164.519
       163.026
       160.486
       158.053
       155.748
       153.563
         151.3
       148.897
       146.359
        143.53
       140.253
       136.384
       131.712
       126.125
       119.814
       170.629
       169.917
       110.519
       127.161
       127.162
       127.162
       127.162
       127.162
       127.161
       127.161
       127.161
        127.16
        127.16
       127.159
       127.158
       127.157
       127.156
       127.154
       127.153
       127.151
       127.149
       127.147
       127.144
       127.142
       127.139
       127.135
       127.131
       127.127
       127.122
       127.117
       127.111
       127.104
       127.096
       127.088
       127.078
       127.067
       127.054
       127.039
       127.022
       127.003
        126.98
       126.954
       126.922
       126.886
       126.844
       126.795
       126.738
       126.674
       126.601
       126.517
       126.422
       126.317
       126.199
       126.065
       125.918
       125.755
       125.572
       125.371
       125.153
       124.908
       124.627
       124.301
       123.919
       123.468
       122.939
       123.837
       124.688
       125.503
       125.809
       126.111
       126.416
        126.71
        127.02
       127.348
       127.409
       127.491
       127.595
       127.932
        128.29
       128.643
        129.16
       129.726
       130.357
       131.135
       132.018
       132.995
       132.939
       133.023
       133.195
       132.027
       130.934
       129.893
       129.413
        128.87
       128.474
       129.018
        129.48
        130.04
       130.817
       131.569
       132.325
       132.633
       132.851
         132.9
       132.659
       132.415
       132.034
       131.541
       131.161
       130.571
       129.975
        129.71
       129.663
        129.77
       129.852
       130.053
       130.177
        130.22
       130.339
       130.706
       131.062
       130.992
       130.863
       131.065
       131.303
       131.347
       130.522
       129.262
       128.486
         128.6
       131.217
       132.409
       132.252
       135.188
       135.773
        136.06
       135.817
       133.866
       131.786
       129.625
       128.004
       129.256
       131.647
       133.888
       136.088
       138.359
       140.786
       140.685
       139.973
       139.514
       139.433
       138.023
       136.457
       134.887
       134.028
       134.443
       134.962
       135.619
       135.543
       135.629
       134.277
       131.874
       129.616
       127.512
       125.542
       123.497
       121.307
       118.974
       116.325
       113.176
       109.338
       104.521
       98.4834
       91.2251
       140.496
       139.728
       80.0169
       96.2607
        96.261
       96.2611
       96.2611
       96.2611
       96.2609
       96.2607
       96.2604
         96.26
       96.2595
       96.2589
       96.2582
       96.2574
       96.2565
       96.2555
       96.2543
        96.253
       96.2516
       96.2499
       96.2481
        96.246
       96.2437
       96.2411
       96.2382
       96.2349
       96.2312
       96.2271
       96.2225
       96.2173
       96.2114
       96.2047
       96.1971
       96.1885
       96.1786
       96.1671
       96.1538
       96.1382
       96.1197
       96.0975
       96.0708
       96.0386
       96.0007
       95.9562
       95.9039
       95.8443
       95.7763
       95.6977
       95.6043
       95.5064
       95.4007
       95.2837
        95.165
       95.0372
       94.8962
       94.7404
       94.5663
       94.3671
       94.1339
       93.8543
       93.5122
       93.0863
       92.5536
       93.4594
        94.298
       95.0955
       95.3742
        95.655
       95.9443
       96.2236
        96.523
       96.8442
       96.8923
       96.9604
       97.0437
       97.3586
       97.6846
        97.994
       98.4609
       98.9664
       99.5298
        100.24
       101.063
       102.002
       101.896
       101.965
       102.158
       100.991
       99.9251
        98.915
       98.4694
       97.9348
       97.5221
       98.0432
       98.4499
       98.9326
       99.6198
        100.27
       100.926
       101.143
       101.297
       101.318
       101.075
       100.868
       100.529
       100.078
       99.7421
         99.18
       98.5896
       98.3063
       98.2319
       98.3022
       98.3642
       98.5548
       98.6187
       98.5719
        98.643
       99.0115
       99.3569
       99.2657
       99.1246
       99.3408
       99.6082
       99.7027
        98.922
       97.6967
       96.9428
       97.0484
       99.6892
       100.851
       100.615
       103.611
       104.227
       104.606
       104.511
       102.703
       100.798
       98.7899
       97.2633
       98.5738
       100.967
       103.167
       105.323
       107.585
       110.081
       110.027
         109.4
       109.078
       109.183
       107.934
       106.537
       105.122
       104.401
       104.945
       105.568
       106.334
       106.367
        106.62
        105.44
       103.234
       101.225
       99.3968
       97.7192
       95.9737
        94.093
       92.0808
       89.7622
       86.9388
       83.3876
       78.7386
        72.589
       64.6306
       110.276
       109.475
       52.0621
       65.2878
       65.2881
       65.2882
       65.2882
       65.2882
       65.2881
        65.288
       65.2878
       65.2875
       65.2872
       65.2868
       65.2863
       65.2858
       65.2852
       65.2845
       65.2837
       65.2828
       65.2819
       65.2807
       65.2795
       65.2781
       65.2765
       65.2748
       65.2728
       65.2706
       65.2682
       65.2654
       65.2622
       65.2587
       65.2547
       65.2502
        65.245
       65.2391
       65.2323
       65.2244
       65.2151
       65.2041
       65.1906
       65.1738
       65.1523
       65.1247
       65.0919
       65.0528
       65.0037
       64.9495
       64.8895
       64.8206
       64.7499
       64.6806
       64.6083
       64.5312
       64.4501
       64.3628
        64.267
       64.1606
       64.0393
       63.8977
       63.7277
       63.5153
       63.2402
       62.8686
        62.349
       63.2308
       64.0142
       64.7597
       64.9964
       65.2485
       65.5154
       65.7757
       66.0594
       66.3726
       66.4166
       66.4827
       66.5554
        66.849
       67.1399
          67.4
       67.8041
       68.2317
       68.7023
       69.3084
       70.0285
       70.8919
       70.7304
        70.788
        71.017
       69.9095
       68.9415
       68.0256
       67.6579
       67.1673
       66.7573
        67.241
       67.5699
       67.9496
       68.5179
       69.0371
       69.5851
       69.7214
       69.8314
       69.8409
       69.6089
       69.4368
        69.148
       68.7562
       68.4815
       67.9709
       67.4153
       67.1375
       67.0458
       67.0664
       67.0683
       67.1943
       67.1699
       67.0548
       67.0827
       67.4131
       67.7071
       67.5735
       67.3927
       67.5761
       67.8476
       68.0011
       67.3212
       66.2153
       65.5434
       65.6227
       68.1743
       69.2359
       68.8678
        71.802
       72.3993
       72.8597
       72.9564
       71.4119
       69.8361
       68.1387
       66.8072
       68.1353
       70.4151
       72.4503
       74.4303
       76.5463
       79.0077
       79.0028
        78.501
       78.3503
        78.671
       77.6576
        76.523
       75.3444
        74.792
       75.4298
       76.0939
        76.904
       77.0056
       77.4059
       76.4435
       74.5283
       72.8692
       71.4083
       70.1023
       68.7379
        67.262
       65.6936
       63.8751
       61.6234
       58.7167
       54.7495
       49.1717
       41.2408
       80.3098
       79.5424
        28.862
       34.2378
        34.238
       34.2381
       34.2381
       34.2381
        34.238
        34.238
       34.2379
       34.2377
       34.2376
       34.2374
       34.2371
       34.2369
       34.2366
       34.2362
       34.2358
       34.2354
       34.2349
       34.2343
       34.2337
        34.233
       34.2322
       34.2313
       34.2304
       34.2292
        34.228
       34.2266
        34.225
       34.2232
       34.2212
       34.2189
       34.2163
       34.2133
       34.2099
       34.2058
        34.201
       34.1952
       34.1879
       34.1781
       34.1636
       34.1384
       34.1121
       34.0825
       34.0473
       34.0168
       33.9856
        33.952
       33.9172
        33.882
       33.8456
       33.8073
       33.7669
       33.7233
       33.6754
       33.6213
       33.5586
       33.4843
       33.3929
       33.2747
       33.1117
       32.8631
       32.4319
       33.1995
       33.8386
        34.461
       34.6513
       34.8761
       35.1196
       35.3574
       35.6172
        35.913
       35.9768
       36.0659
       36.1491
       36.4167
       36.6689
       36.8806
       37.2076
       37.5391
       37.8894
       38.3405
       38.8799
       39.5766
       39.3799
       39.4178
       39.6599
       38.7385
       37.9963
       37.2816
        37.033
        36.638
       36.2721
       36.6629
       36.8781
       37.1249
       37.5327
       37.8994
       38.2958
       38.3592
       38.4289
       38.4363
       38.2412
       38.1151
       37.8921
        37.579
       37.3743
       36.9527
       36.4796
        36.228
       36.1001
       36.0369
       35.9556
       35.9967
       35.9203
       35.7575
       35.7201
       35.9467
       36.1478
       35.9836
       35.7775
        35.898
       36.1176
       36.2843
        35.776
       34.9461
       34.4724
        34.529
       36.6881
       37.5539
       37.1101
       39.6405
       40.1512
       40.6512
       40.9621
       39.9107
       38.9299
       37.8353
       36.9375
       38.1814
       40.1245
       41.8154
       43.4426
         45.19
       47.3555
       47.4631
       47.2047
       47.2707
       47.7844
       47.1424
       46.4328
       45.6514
        45.332
       45.9619
       46.5478
       47.2659
       47.3738
       47.8299
       47.1577
       45.7222
       44.5645
        43.568
       42.6972
       41.7811
       40.7958
       39.7808
       38.6228
       37.2002
       35.3645
       32.7975
       28.9796
       22.8124
       51.2068
       50.6416
       13.8081
       3.10564
       3.10564
       3.10564
       3.10564
       3.10564
       3.10564
       3.10564
       3.10564
       3.10564
       3.10564
       3.10564
       3.10564
       3.10564
       3.10564
       3.10564
       3.10564
       3.10564
       3.10564
       3.10564
       3.10564
       3.10564
       3.10564
       3.10564
       3.10564
       3.10564
       3.10564
       3.10564
       3.10564
       3.10564
       3.10564
       3.10564
       3.10564
       3.10564
       3.10564
       3.10564
       3.10564
       3.10564
       3.10564
       3.10564
       3.10564
       3.10564
       3.10564
       3.10564
       3.10564
       3.10564
       3.10564
       3.10564
       3.10564
       3.10564
       3.10564
       3.10564
       3.10564
       3.10564
       3.10564
       3.10564
       3.10564
       3.10564
       3.10564
       3.10564
       3.10564
       3.10564
       3.10564
       3.43069
        3.7587
       4.08652
       4.30877
       4.53101
       4.75323
       4.97042
       5.18762
       5.40414
       5.55931
       5.71447
       5.87025
        6.0717
       6.27315
        6.4679
       6.68961
       6.91132
       7.13333
       7.36855
       7.60377
       7.83206
       7.81817
       7.80428
       7.78071
       7.45691
       7.13311
       6.81496
         6.618
       6.42105
       6.27296
       6.33975
       6.40653
       6.50692
       6.66152
       6.81612
       6.97072
       7.02831
       7.06061
       7.05143
        6.9697
       6.87533
       6.73493
       6.55215
       6.37186
       6.12846
       5.86542
       5.65264
       5.47193
       5.30737
       5.14281
       5.01313
       4.86448
       4.71583
       4.61692
       4.59587
         4.578
       4.48255
        4.3871
       4.38222
       4.41764
       4.44536
        4.3271
       4.15619
       4.12865
       4.33257
       5.09868
       5.61189
       5.88687
       6.82705
       7.30514
        7.7357
       8.07071
       8.07334
       8.07598
       8.10211
       8.29313
       9.13508
       10.2556
       11.3649
       12.4635
       13.5536
       14.6343
       15.1575
       15.5079
       15.8582
       16.2347
       16.2972
       16.2864
        16.242
       16.3189
        16.638
        16.957
       17.2761
       17.4085
       17.5353
       17.3218
       16.8493
       16.3768
       15.9211
       15.4944
       15.0676
        14.643
       14.2409
       13.8478
       13.4535
       13.0567
       12.6454
       12.2342
       11.9003
            24
            24
       11.8603
