       915.795
       915.791
       915.789
       915.788
       915.788
       915.787
       915.787
       915.786
       915.786
       915.786
       915.785
       915.785
       915.784
       915.783
       915.782
       915.781
        915.78
       915.779
       915.777
       915.775
       915.773
       915.771
       915.768
       915.765
       915.762
       915.758
       915.754
       915.749
       915.744
       915.739
       915.732
       915.726
       915.718
        915.71
       915.701
       915.692
       915.682
       915.671
        915.66
       915.648
       915.635
       915.622
       915.608
       915.593
       915.579
       915.564
       915.549
       915.534
        915.52
       915.506
       915.493
       915.481
       915.472
       915.464
        915.46
       915.459
       915.462
       915.471
       915.486
       915.508
       915.538
       915.579
       915.631
       915.697
       915.778
       915.878
       915.998
       916.141
       916.309
       916.506
       916.734
       916.995
       917.293
       917.631
       918.012
        918.44
       918.918
        919.45
       920.041
       920.697
       921.412
       922.138
       922.842
       923.526
        924.19
       924.834
       925.461
        926.07
       926.662
       927.237
       927.797
       928.343
       928.875
       929.393
       929.895
       930.382
       930.853
       931.312
        931.76
       932.197
       932.622
       933.034
       933.427
       933.802
        934.16
       934.501
       934.827
       935.135
       935.419
       935.671
       935.886
       936.065
        936.21
       936.317
       936.354
       936.313
       936.192
       935.989
         935.7
       935.324
       934.858
       934.298
       933.639
        932.88
       932.017
       931.048
       929.971
       928.785
       927.489
       926.086
       924.585
           923
       921.335
       919.594
       917.782
       915.902
       913.958
       911.952
       909.887
       907.769
       905.615
       903.451
         901.3
       899.174
       897.084
       895.039
       893.048
        891.12
       889.267
       887.495
       885.805
       884.194
       882.663
       881.211
       879.836
       878.539
       877.318
       876.174
       875.106
        874.11
       873.187
       872.335
       871.553
       870.839
       870.193
       869.614
       869.101
       868.654
       868.271
       867.952
       867.699
       867.511
       867.391
       867.344
       885.303
       885.302
       885.301
       885.301
         885.3
         885.3
       885.299
       885.299
       885.299
       885.298
       885.298
       885.297
       885.296
       885.296
       885.295
       885.294
       885.293
       885.291
        885.29
       885.288
       885.286
       885.284
       885.281
       885.278
       885.275
       885.271
       885.267
       885.262
       885.257
       885.251
       885.245
       885.238
        885.23
       885.222
       885.214
       885.204
       885.194
       885.183
       885.172
        885.16
       885.147
       885.133
       885.119
       885.105
        885.09
       885.075
        885.06
       885.045
        885.03
       885.016
       885.003
       884.991
       884.981
       884.973
       884.968
       884.966
       884.969
       884.977
       884.991
       885.012
       885.041
       885.081
       885.174
       885.282
       885.405
       885.533
        885.68
       885.851
       886.046
       886.269
       886.524
       886.803
        887.12
       887.476
       887.882
       888.333
       888.832
       889.389
       890.004
       890.681
       891.425
       892.181
       892.914
       893.594
       894.255
       894.895
       895.478
       896.042
       896.591
       897.139
       897.672
       898.197
       898.736
       899.261
       899.775
        900.28
        900.77
       901.248
       901.702
       902.142
       902.557
       902.943
       903.307
       903.638
       903.945
       904.238
       904.508
       904.755
       904.998
       905.218
       905.403
       905.552
       905.684
       905.777
       905.804
       905.759
       905.644
       905.451
       905.163
       904.787
       904.333
       903.787
        903.14
       902.365
       901.479
        900.53
       899.527
       898.618
       897.507
       896.202
       894.827
       893.308
       891.701
       890.005
       888.193
       886.315
       884.374
       882.392
       880.438
       878.466
       876.455
       874.432
       872.421
       870.433
       868.406
       866.402
       864.453
       862.576
       860.734
       858.964
       857.271
       855.673
       854.184
       852.773
        851.44
        850.16
       848.957
       847.778
        846.64
       845.576
       844.586
       843.671
       842.826
        842.05
       841.349
       840.718
       840.153
       839.652
       839.211
       838.835
       838.533
        840.49
       840.369
       838.175
       854.866
       854.866
       854.865
       854.865
       854.865
       854.864
       854.864
       854.864
       854.863
       854.863
       854.862
       854.862
       854.861
       854.861
        854.86
       854.859
       854.858
       854.856
       854.855
       854.853
       854.851
       854.848
       854.846
       854.843
       854.839
       854.835
       854.831
       854.826
       854.821
       854.816
       854.809
       854.802
       854.795
       854.787
       854.778
       854.768
       854.758
       854.747
       854.735
       854.723
        854.71
       854.696
       854.681
       854.666
       854.651
       854.636
        854.62
       854.604
       854.588
       854.573
       854.559
       854.546
       854.535
       854.525
       854.519
       854.515
       854.516
       854.521
       854.533
       854.551
       854.577
       854.613
       854.746
       854.892
       855.054
       855.206
       855.378
       855.573
       855.791
       856.038
       856.314
       856.609
       856.939
        857.31
       857.735
       858.205
        858.72
       859.295
       859.928
       860.621
       861.383
       862.168
       862.932
        863.61
       864.269
       864.905
       865.444
       865.964
       866.469
        866.99
       867.496
           868
       868.547
        869.08
       869.605
       870.129
       870.638
       871.135
       871.595
       872.038
       872.442
       872.804
       873.138
       873.423
        873.68
       873.925
       874.138
       874.326
       874.527
       874.714
       874.869
       874.989
       875.109
       875.192
        875.21
       875.163
       875.055
       874.875
        874.59
       874.217
       873.777
       873.247
       872.614
       871.825
       870.918
       869.993
       869.066
       868.436
       867.513
       866.309
       865.063
       863.609
        862.06
       860.409
       858.597
       856.717
       854.778
       852.818
       850.972
       849.144
       847.274
       845.389
       843.514
       841.661
       839.696
       837.731
       835.822
       833.994
       832.163
       830.394
       828.697
       827.111
       825.663
       824.294
       823.003
        821.74
       820.552
       819.339
       818.132
       816.999
       815.943
       814.965
       814.057
       813.218
       812.461
       811.778
        811.16
       810.606
       810.106
        809.67
       809.319
       813.426
       813.305
       808.953
       824.477
       824.477
       824.477
       824.477
       824.477
       824.476
       824.476
       824.476
       824.475
       824.475
       824.475
       824.474
       824.473
       824.473
       824.472
       824.471
        824.47
       824.468
       824.467
       824.465
       824.463
        824.46
       824.458
       824.455
       824.451
       824.447
       824.443
       824.438
       824.433
       824.427
       824.421
       824.414
       824.406
       824.398
       824.389
       824.379
       824.368
       824.357
       824.345
       824.332
       824.318
       824.304
       824.289
       824.273
       824.257
       824.241
       824.224
       824.207
        824.19
       824.173
       824.157
       824.142
       824.129
       824.117
       824.108
       824.101
       824.099
         824.1
       824.108
       824.121
       824.142
       824.172
       824.341
       824.524
       824.722
       824.895
       825.088
       825.304
       825.542
       825.808
       826.104
       826.409
       826.749
       827.129
        827.57
       828.055
       828.581
        829.17
       829.814
       830.517
       831.289
       832.099
       832.896
       833.573
        834.23
       834.863
       835.358
       835.835
       836.297
       836.791
        837.27
       837.753
       838.308
       838.847
       839.384
       839.927
       840.455
       840.972
       841.439
       841.885
       842.278
       842.614
       842.919
       843.158
       843.366
       843.563
       843.719
       843.848
       844.007
       844.161
       844.287
       844.379
       844.488
       844.562
       844.573
       844.524
       844.426
       844.261
        843.98
       843.612
       843.189
       842.678
        842.06
        841.26
       840.334
       839.435
       838.586
       838.238
       837.505
       836.404
       835.287
       833.899
       832.408
         830.8
       828.988
       827.106
       825.166
       823.227
       821.485
       819.801
       818.069
        816.32
       814.579
        812.86
       810.955
       809.028
       807.157
       805.378
       803.555
       801.786
       800.084
       798.511
       797.104
       795.775
       794.525
       793.279
       792.108
       790.859
       789.583
       788.381
       787.258
       786.217
       785.246
       784.343
       783.531
       782.795
       782.123
       781.515
       780.955
       780.459
       780.058
       786.321
       786.198
       779.683
       794.131
       794.131
       794.131
       794.131
       794.131
       794.131
       794.131
        794.13
        794.13
        794.13
       794.129
       794.129
       794.128
       794.127
       794.127
       794.125
       794.124
       794.123
       794.121
       794.119
       794.117
       794.115
       794.112
       794.109
       794.106
       794.102
       794.097
       794.092
       794.087
       794.081
       794.074
       794.067
       794.059
       794.051
       794.041
       794.031
        794.02
       794.009
       793.996
       793.983
       793.968
       793.953
       793.938
       793.921
       793.904
       793.886
       793.868
       793.849
        793.83
       793.811
       793.793
       793.775
       793.759
       793.744
       793.731
        793.72
       793.713
       793.709
       793.711
       793.718
       793.732
       793.754
       793.957
       794.174
       794.404
       794.596
       794.808
       795.041
       795.296
       795.578
       795.889
       796.201
       796.549
       796.934
       797.386
       797.881
       798.414
       799.012
       799.664
       800.373
       801.147
       801.979
       802.808
       803.484
       804.139
       804.768
       805.219
       805.653
       806.072
       806.539
       806.991
       807.453
       808.016
       808.563
       809.111
       809.673
       810.221
       810.757
       811.231
       811.681
       812.062
       812.373
       812.647
       812.842
       812.999
       813.149
       813.249
       813.319
       813.435
       813.558
       813.656
       813.721
       813.822
       813.888
       813.892
       813.843
       813.756
       813.608
       813.334
       812.972
       812.568
       812.077
       811.476
       810.667
       809.725
       808.853
       808.085
       808.022
        807.48
       806.483
       805.495
       804.173
        802.74
       801.175
       799.361
       797.476
       795.535
       793.614
       791.976
       790.432
       788.839
       787.224
       785.617
        784.03
       782.183
       780.292
       778.458
       776.727
       774.912
       773.142
       771.436
       769.873
       768.507
       767.219
        766.01
       764.781
       763.626
       762.342
       760.997
       759.725
       758.535
        757.43
       756.395
       755.429
        754.56
        753.77
       753.044
       752.381
        751.76
       751.202
       750.749
       759.175
       759.051
       750.364
       763.823
       763.823
       763.823
       763.823
       763.823
       763.823
       763.823
       763.823
       763.822
       763.822
       763.822
       763.821
        763.82
        763.82
       763.819
       763.818
       763.816
       763.815
       763.813
       763.812
       763.809
       763.807
       763.804
       763.801
       763.797
       763.793
       763.789
       763.784
       763.778
       763.772
       763.766
       763.758
        763.75
       763.741
       763.732
       763.721
        763.71
       763.697
       763.684
        763.67
       763.655
       763.639
       763.622
       763.604
       763.586
       763.566
       763.546
       763.525
       763.504
       763.483
       763.462
        763.44
        763.42
       763.401
       763.383
       763.367
       763.354
       763.344
       763.338
       763.337
       763.342
       763.355
        763.59
       763.837
       764.099
       764.307
       764.534
       764.782
        765.05
       765.345
       765.669
       765.985
       766.335
       766.724
       767.182
       767.685
       768.221
       768.825
       769.481
       770.193
       770.973
       771.814
        772.67
       773.343
       773.995
       774.621
       775.028
       775.417
       775.793
       776.233
       776.657
       777.099
        777.67
       778.224
       778.784
       779.365
       779.933
       780.489
        780.97
       781.423
       781.793
       782.079
       782.324
       782.473
       782.583
       782.685
       782.728
       782.739
       782.813
       782.905
       782.975
       783.015
       783.109
       783.168
       783.166
        783.12
       783.045
       782.916
        782.65
       782.297
       781.913
       781.444
       780.862
       780.045
       779.087
       778.245
       777.559
       777.782
       777.434
       776.542
       775.684
       774.427
       773.051
       771.531
       769.715
       767.826
       765.882
       763.978
       762.442
       761.039
       759.583
       758.102
       756.626
       755.169
        753.38
       751.525
       749.727
       748.043
       746.236
       744.464
       742.752
       741.201
       739.875
       738.628
        737.46
       736.247
       735.109
        733.79
       732.374
       731.033
       729.775
       728.606
       727.507
       726.476
       725.549
       724.704
       723.922
       723.202
       722.519
       721.898
       721.392
       731.987
       731.862
       720.996
       733.547
       733.548
       733.548
       733.548
       733.548
       733.548
       733.548
       733.548
       733.547
       733.547
       733.547
       733.546
       733.545
       733.545
       733.544
       733.543
       733.541
        733.54
       733.538
       733.536
       733.534
       733.532
       733.529
       733.526
       733.522
       733.518
       733.513
       733.508
       733.503
       733.496
       733.489
       733.482
       733.473
       733.464
       733.454
       733.443
       733.431
       733.418
       733.404
       733.389
       733.373
       733.356
       733.338
       733.319
       733.299
       733.277
       733.255
       733.232
       733.208
       733.183
       733.158
       733.133
       733.108
       733.084
        733.06
       733.038
       733.018
           733
       732.986
       732.975
        732.97
        732.97
       733.235
       733.512
       733.802
       734.024
       734.263
       734.524
       734.803
       735.108
       735.442
       735.758
       736.108
       736.496
       736.959
       737.465
       738.001
       738.607
       739.265
       739.978
        740.76
       741.604
       742.478
        743.15
       743.799
        744.42
       744.782
       745.126
       745.458
       745.871
       746.268
       746.689
       747.267
       747.829
       748.401
       749.002
       749.589
       750.166
       750.654
       751.111
       751.469
        751.73
       751.947
       752.052
       752.114
       752.168
       752.155
       752.107
       752.139
       752.201
       752.245
        752.26
       752.347
       752.401
       752.395
       752.352
       752.292
       752.183
       751.928
       751.584
       751.223
       750.777
       750.216
       749.393
        748.42
       747.608
       747.006
       747.517
       747.362
       746.575
       745.849
       744.659
       743.341
       741.864
       740.045
       738.152
       736.204
       734.317
       732.883
        731.62
         730.3
        728.95
       727.605
       726.279
       724.546
       722.725
       720.964
       719.327
       717.527
       715.753
       714.036
       712.495
        711.21
       710.004
       708.877
       707.681
       706.559
       705.204
       703.719
       702.308
       700.981
       699.748
       698.583
       697.486
         696.5
       695.599
        694.76
       693.981
       693.233
       692.548
       691.987
        704.76
       704.633
       691.581
         703.3
         703.3
       703.301
       703.301
       703.301
       703.301
       703.301
         703.3
         703.3
         703.3
       703.299
       703.299
       703.298
       703.298
       703.297
       703.296
       703.294
       703.293
       703.291
       703.289
       703.287
       703.284
       703.282
       703.278
       703.275
        703.27
       703.266
        703.26
       703.255
       703.248
       703.241
       703.233
       703.224
       703.215
       703.204
       703.193
        703.18
       703.167
       703.152
       703.136
       703.119
       703.101
       703.081
        703.06
       703.038
       703.014
        702.99
       702.964
       702.937
       702.908
       702.879
        702.85
        702.82
       702.789
       702.759
        702.73
       702.701
       702.675
        702.65
       702.629
       702.611
       702.598
       702.891
       703.195
       703.511
       703.744
       703.995
       704.265
       704.552
       704.865
       705.205
       705.519
       705.866
        706.25
       706.715
       707.221
       707.754
       708.359
       709.016
       709.727
       710.507
       711.346
       712.237
       712.905
       713.549
       714.164
        714.48
       714.779
       715.066
       715.451
        715.82
        716.22
       716.806
       717.376
        717.96
        718.58
       719.188
       719.785
       720.282
       720.742
       721.089
       721.326
       721.514
       721.577
       721.591
       721.598
        721.53
       721.422
       721.413
       721.445
       721.464
       721.455
       721.537
       721.586
       721.578
        721.54
       721.497
        721.41
       721.166
       720.834
       720.496
       720.075
       719.536
       718.707
       717.722
       716.941
       716.422
       717.222
       717.263
       716.582
       715.988
       714.865
       713.605
       712.171
       710.349
        708.45
       706.498
       704.627
       703.295
       702.171
       700.987
       699.768
       698.554
       697.357
       695.681
       693.894
       692.169
       690.579
       688.785
        687.01
       685.287
       683.758
       682.513
       681.349
       680.264
       679.084
       677.979
       676.589
       675.033
       673.552
       672.156
       670.857
       669.625
       668.462
       667.415
       666.455
       665.556
       664.717
       663.903
       663.151
       662.536
        677.49
       677.362
       662.116
       673.076
       673.076
       673.077
       673.077
       673.077
       673.077
       673.077
       673.077
       673.076
       673.076
       673.076
       673.075
       673.074
       673.074
       673.073
       673.072
        673.07
       673.069
       673.067
       673.065
       673.063
        673.06
       673.057
       673.054
        673.05
       673.046
       673.041
       673.036
        673.03
       673.023
       673.016
       673.007
       672.998
       672.988
       672.977
       672.965
       672.952
       672.938
       672.923
       672.906
       672.887
       672.868
       672.847
       672.824
         672.8
       672.774
       672.746
       672.717
       672.686
       672.654
       672.621
       672.586
        672.55
       672.513
       672.476
       672.438
       672.401
       672.364
       672.328
       672.294
       672.263
       672.235
       672.554
       672.884
       673.224
       673.466
       673.725
       674.002
       674.296
       674.614
       674.958
       675.267
       675.608
       675.985
       676.449
       676.953
        677.48
       678.082
       678.735
       679.442
       680.219
       681.057
       681.951
       682.608
       683.245
       683.853
       684.122
       684.374
       684.615
       684.971
       685.312
        685.69
       686.284
       686.861
       687.458
       688.098
       688.727
       689.346
        689.85
       690.314
        690.65
       690.863
       691.024
       691.045
       691.013
       690.973
       690.849
       690.682
       690.632
       690.636
        690.63
       690.599
       690.675
       690.719
       690.712
       690.682
       690.657
       690.594
       690.363
       690.044
       689.731
       689.336
        688.82
       687.986
       686.989
        686.24
       685.807
       686.897
       687.134
        686.56
       686.098
       685.042
       683.841
       682.449
       680.623
       678.718
       676.761
       674.905
       673.674
        672.69
       671.641
       670.554
       669.469
       668.403
       666.783
       665.031
       663.341
         661.8
       660.012
       658.235
       656.507
        654.99
       653.787
       652.664
       651.621
       650.459
       649.371
       647.945
        646.32
       644.767
       643.302
       641.936
       640.637
       639.404
       638.295
       637.274
       636.314
       635.411
       634.528
       633.707
       633.035
       650.178
       650.048
         632.6
       642.871
       642.871
       642.871
       642.871
       642.871
       642.871
       642.871
       642.871
       642.871
       642.871
        642.87
        642.87
       642.869
       642.868
       642.867
       642.866
       642.865
       642.863
       642.862
        642.86
       642.857
       642.855
       642.852
       642.848
       642.844
        642.84
       642.835
        642.83
       642.823
       642.816
       642.809
         642.8
       642.791
       642.781
       642.769
       642.757
       642.743
       642.728
       642.711
       642.693
       642.674
       642.653
        642.63
       642.605
       642.579
        642.55
        642.52
       642.487
       642.453
       642.416
       642.378
       642.338
       642.295
       642.251
       642.206
       642.159
       642.112
       642.064
       642.016
       641.968
       641.922
       641.878
       642.221
       642.575
       642.937
       643.187
       643.452
       643.735
       644.032
       644.353
       644.699
           645
       645.334
       645.701
       646.161
        646.66
       647.178
       647.776
       648.422
       649.122
       649.894
       650.727
       651.617
       652.254
       652.885
       653.485
       653.705
       653.908
       654.103
       654.429
       654.741
       655.097
       655.698
       656.283
       656.892
       657.553
       658.203
       658.843
       659.356
       659.824
        660.15
       660.341
       660.474
       660.456
       660.376
        660.29
       660.112
       659.885
       659.795
       659.772
       659.743
       659.689
       659.761
       659.802
       659.797
       659.777
       659.772
       659.734
       659.519
       659.214
       658.927
        658.56
       658.067
        657.23
        656.22
       655.503
       655.156
       656.538
       656.972
       656.506
       656.177
       655.188
       654.044
       652.695
       650.864
       648.952
        646.99
       645.149
       644.019
       643.173
        642.26
       641.305
       640.351
       639.415
       637.851
       636.134
       634.481
       632.987
       631.207
       629.429
       627.697
       626.193
       625.032
       623.952
       622.952
       621.809
       620.737
       619.277
       617.581
       615.957
       614.422
       612.989
        611.62
       610.317
       609.143
       608.058
       607.032
       606.063
       605.107
       604.215
       603.483
       622.822
       622.689
       603.029
       612.679
       612.679
       612.679
        612.68
        612.68
        612.68
        612.68
       612.679
       612.679
       612.679
       612.679
       612.678
       612.677
       612.677
       612.676
       612.675
       612.673
       612.672
        612.67
       612.668
       612.666
       612.663
        612.66
       612.656
       612.652
       612.648
       612.643
       612.637
       612.631
       612.624
       612.616
       612.607
       612.597
       612.586
       612.575
       612.561
       612.547
       612.531
       612.514
       612.495
       612.474
       612.451
       612.427
         612.4
       612.371
        612.34
       612.307
       612.271
       612.232
       612.191
       612.147
       612.101
       612.052
           612
       611.946
        611.89
       611.832
       611.772
       611.711
       611.648
       611.586
       611.524
        611.89
       612.266
        612.65
       612.905
       613.174
        613.46
       613.759
       614.081
       614.426
       614.718
       615.041
       615.397
        615.85
       616.341
        616.85
       617.439
       618.077
       618.767
       619.532
       620.356
       621.233
       621.847
       622.468
       623.057
       623.226
        623.38
       623.527
       623.822
       624.104
       624.437
       625.045
       625.637
       626.259
       626.941
       627.613
       628.276
       628.797
       629.269
       629.586
       629.755
       629.864
       629.806
        629.68
       629.548
       629.315
        629.03
       628.901
       628.852
         628.8
       628.725
       628.794
       628.834
       628.832
       628.823
        628.84
        628.83
       628.631
       628.343
       628.083
       627.743
       627.275
       626.434
       625.412
       624.728
       624.467
        626.14
       626.773
       626.416
       626.219
       625.298
       624.211
       622.905
       621.069
       619.149
       617.181
       615.354
       614.326
       613.621
       612.843
        612.02
       611.198
       610.392
       608.885
       607.203
       605.587
       604.141
        602.37
       600.593
       598.858
       597.367
        596.25
       595.214
       594.259
       593.134
       592.081
       590.586
        588.82
       587.125
        585.52
       584.018
       582.578
       581.202
        579.96
       578.809
       577.714
       576.674
       575.641
       574.673
       573.878
        595.42
       595.283
       573.401
       582.496
       582.496
       582.497
       582.497
       582.497
       582.497
       582.497
       582.497
       582.496
       582.496
       582.496
       582.495
       582.495
       582.494
       582.493
       582.492
        582.49
       582.489
       582.487
       582.485
       582.483
        582.48
       582.477
       582.473
       582.469
       582.465
       582.459
       582.454
       582.447
        582.44
       582.432
       582.423
       582.413
       582.401
       582.389
       582.375
        582.36
       582.344
       582.325
       582.305
       582.283
       582.259
       582.233
       582.204
       582.173
       582.139
       582.103
       582.063
        582.02
       581.974
       581.925
       581.873
       581.816
       581.757
       581.694
       581.627
       581.558
       581.485
       581.409
       581.331
       581.251
        581.17
       581.559
       581.955
       582.358
       582.617
       582.889
       583.177
       583.476
       583.795
       584.138
       584.419
       584.728
       585.071
       585.515
       585.998
       586.493
       587.072
       587.699
       588.378
       589.132
       589.946
       590.813
        591.39
       591.994
       592.569
       592.685
       592.787
       592.883
       593.147
       593.397
       593.707
       594.322
       594.921
       595.556
        596.26
       596.954
        597.64
       598.169
       598.647
       598.956
       599.103
        599.19
       599.093
       598.921
       598.745
       598.457
       598.113
       597.948
       597.873
         597.8
       597.704
       597.771
       597.811
       597.814
       597.818
        597.86
        597.88
       597.699
       597.429
       597.197
       596.887
       596.443
       595.599
       594.565
       593.914
       593.738
       595.705
       596.536
       596.287
       596.224
       595.369
        594.34
       593.075
       591.234
       589.307
       587.331
       585.519
       584.594
       584.028
       583.387
       582.697
       582.007
       581.333
       579.883
       578.237
       576.659
       575.262
       573.502
       571.726
        569.99
       568.514
       567.443
       566.452
       565.543
       564.439
       563.405
       561.877
       560.042
       558.276
       556.599
       555.028
       553.515
       552.064
        550.75
       549.528
       548.359
       547.243
       546.128
        545.08
       544.216
       567.971
       567.827
       543.708
       552.318
       552.318
       552.318
       552.318
       552.318
       552.318
       552.318
       552.318
       552.318
       552.318
       552.317
       552.317
       552.316
       552.315
       552.314
       552.313
       552.312
        552.31
       552.309
       552.306
       552.304
       552.301
       552.298
       552.295
        552.29
       552.286
       552.281
       552.275
       552.268
       552.261
       552.252
       552.243
       552.233
       552.221
       552.208
       552.194
       552.178
       552.161
       552.142
       552.121
       552.098
       552.072
       552.044
       552.014
        551.98
       551.943
       551.904
        551.86
       551.813
       551.763
       551.708
       551.649
       551.585
       551.517
       551.445
       551.367
       551.286
         551.2
       551.109
       551.015
       550.916
       550.815
       551.224
        551.64
        552.06
       552.322
       552.596
       552.883
       553.179
       553.496
       553.834
       554.101
       554.396
       554.723
       555.157
       555.627
       556.107
       556.674
       557.288
       557.953
       558.694
       559.495
       560.349
        560.88
       561.455
       562.016
       562.076
       562.124
       562.169
       562.399
       562.617
       562.903
       563.524
       564.131
       564.779
       565.505
       566.222
       566.931
        567.47
       567.953
       568.255
       568.383
       568.449
       568.314
       568.097
       567.877
       567.534
       567.134
       566.932
       566.834
        566.74
       566.623
       566.687
       566.726
       566.736
       566.759
        566.83
       566.883
       566.723
       566.471
       566.269
       565.988
        565.57
       564.722
       563.676
       563.057
       562.967
       565.228
       566.258
       566.117
       566.186
       565.398
       564.426
       563.202
       561.355
        559.42
       557.439
       555.641
       554.819
       554.395
        553.89
       553.334
       552.776
       552.235
       550.844
       549.234
       547.695
        546.35
       544.601
       542.829
       541.093
       539.635
       538.611
       537.668
       536.807
       535.725
       534.713
       533.152
       531.248
       529.412
       527.664
       526.022
       524.436
       522.906
       521.517
       520.219
       518.971
       517.772
       516.568
       515.432
       514.494
       540.468
       540.316
       513.945
       522.139
       522.139
       522.139
       522.139
       522.139
       522.139
       522.139
       522.139
       522.139
       522.139
       522.138
       522.138
       522.137
       522.136
       522.136
       522.134
       522.133
       522.131
        522.13
       522.128
       522.125
       522.122
       522.119
       522.116
       522.111
       522.107
       522.101
       522.095
       522.089
       522.081
       522.073
       522.063
       522.053
       522.041
       522.028
       522.013
       521.997
       521.979
       521.959
       521.937
       521.912
       521.885
       521.856
       521.823
       521.788
       521.748
       521.706
       521.659
       521.607
       521.552
       521.491
       521.426
       521.355
       521.278
       521.196
       521.108
       521.014
       520.913
       520.807
       520.695
       520.578
       520.455
       520.884
       521.318
       521.755
       522.018
       522.291
       522.577
       522.869
       523.181
       523.513
       523.764
       524.042
       524.352
       524.773
       525.229
       525.692
       526.245
       526.843
       527.493
       528.219
       529.004
       529.839
       530.314
       530.851
       531.395
       531.398
        531.39
        531.38
       531.574
       531.759
       532.019
       532.647
       533.262
       533.924
       534.672
       535.413
       536.145
       536.695
       537.185
       537.481
       537.593
       537.639
       537.466
       537.206
       536.942
       536.545
        536.09
       535.854
       535.732
       535.618
        535.48
        535.54
        535.57
       535.589
       535.645
        535.75
       535.839
       535.701
       535.469
       535.298
       535.047
       534.654
       533.803
       532.744
       532.156
       532.152
       534.707
       535.935
       535.901
       536.103
        535.38
       534.465
       533.283
        531.43
       529.487
       527.499
       525.716
       524.998
       524.715
        524.35
       523.927
       523.504
       523.096
       521.765
       520.194
       518.695
       517.402
       515.667
       513.901
       512.168
        510.73
       509.756
       508.864
       508.053
       506.996
       506.007
       504.416
       502.445
       500.539
       498.721
       497.008
       495.345
       493.734
       492.265
       490.885
       489.551
       488.261
        486.96
       485.725
       484.703
       512.908
       512.745
         484.1
       491.955
       491.955
       491.955
       491.955
       491.955
       491.955
       491.955
       491.955
       491.955
       491.955
       491.954
       491.954
       491.953
       491.952
       491.952
        491.95
       491.949
       491.948
       491.946
       491.944
       491.941
       491.938
       491.935
       491.931
       491.927
       491.923
       491.917
       491.911
       491.904
       491.897
       491.888
       491.879
       491.868
       491.856
       491.842
       491.827
       491.811
       491.792
       491.771
       491.748
       491.723
       491.695
       491.664
        491.63
       491.592
        491.55
       491.504
       491.454
       491.399
       491.338
       491.272
         491.2
       491.122
       491.037
       490.944
       490.845
       490.738
       490.624
       490.502
       490.372
       490.234
       490.089
       490.537
       490.988
       491.441
       491.703
       491.974
       492.257
       492.544
       492.849
       493.173
       493.407
       493.666
       493.956
       494.363
       494.804
       495.248
       495.784
       496.365
       496.997
       497.707
       498.474
       499.289
        499.71
       500.196
       500.706
       500.647
       500.578
       500.511
       500.668
       500.817
       501.052
       501.686
       502.309
       502.986
       503.758
       504.523
       505.279
       505.839
       506.338
        506.63
       506.728
       506.754
       506.545
       506.243
       505.936
       505.487
       504.978
       504.709
       504.566
       504.434
       504.277
       504.334
       504.361
         504.4
       504.484
       504.624
       504.749
       504.635
       504.424
       504.283
       504.062
       503.694
       502.839
       501.766
        501.21
       501.289
       504.137
       505.563
       505.636
        505.97
       505.313
       504.454
       503.313
       501.453
       499.502
       497.508
        495.74
       495.127
       494.988
       494.762
       494.475
       494.186
       493.914
       492.644
       491.113
       489.657
       488.419
         486.7
       484.942
       483.215
         481.8
       480.879
       480.041
       479.283
       478.254
       477.291
       475.672
       473.637
       471.662
       469.775
        467.99
        466.25
       464.554
       463.001
       461.533
       460.103
       458.712
       457.301
       455.956
       454.838
       485.282
       485.105
       454.161
       461.761
       461.761
       461.761
       461.761
       461.762
       461.762
       461.762
       461.761
       461.761
       461.761
       461.761
        461.76
       461.759
       461.759
       461.758
       461.757
       461.755
       461.754
       461.752
        461.75
       461.747
       461.745
       461.741
       461.738
       461.734
       461.729
       461.724
       461.718
       461.711
       461.703
       461.694
       461.685
       461.674
       461.662
       461.648
       461.633
       461.616
       461.597
       461.575
       461.552
       461.526
       461.496
       461.464
       461.428
       461.389
       461.345
       461.296
       461.243
       461.183
       461.118
       461.047
       460.969
       460.883
       460.789
       460.688
       460.577
       460.457
       460.328
        460.19
       460.041
       459.883
       459.715
       460.181
       460.648
       461.115
       461.376
       461.644
       461.921
       462.202
       462.498
       462.813
       463.027
       463.267
       463.535
       463.926
        464.35
       464.773
       465.291
       465.854
       466.466
       467.157
       467.905
       468.699
       469.063
       469.487
       469.948
       469.818
       469.685
       469.557
       469.673
       469.785
       469.993
       470.635
       471.269
       471.962
       472.757
       473.546
       474.326
       474.898
       475.407
       475.698
       475.783
       475.792
       475.549
       475.205
       474.856
       474.357
       473.796
       473.496
       473.335
       473.186
       473.013
       473.072
       473.108
       473.167
       473.277
       473.452
       473.614
       473.524
       473.334
       473.224
       473.034
       472.691
        471.83
       470.743
       470.215
       470.377
       473.519
       475.142
       475.321
       475.786
       475.192
       474.389
       473.289
       471.422
       469.463
       467.462
       465.711
       465.204
       465.209
       465.123
       464.973
       464.821
       464.686
       463.479
       461.989
       460.578
       459.398
       457.698
       455.952
       454.233
       452.844
       451.981
         451.2
         450.5
       449.502
       448.569
       446.926
       444.829
       442.789
       440.833
       438.978
       437.159
       435.376
       433.733
       432.169
       430.633
       429.128
       427.593
        426.12
       424.889
       457.583
       457.386
       424.108
       431.553
       431.553
       431.553
       431.553
       431.553
       431.553
       431.553
       431.553
       431.553
       431.553
       431.552
       431.552
       431.551
        431.55
       431.549
       431.548
       431.547
       431.546
       431.544
       431.542
       431.539
       431.537
       431.533
        431.53
       431.526
       431.521
       431.516
        431.51
       431.503
       431.495
       431.487
       431.477
       431.466
       431.454
        431.44
       431.424
       431.407
       431.388
       431.366
       431.342
       431.315
       431.286
       431.252
       431.215
       431.174
       431.128
       431.077
        431.02
       430.958
       430.889
       430.812
       430.728
       430.635
       430.534
       430.422
       430.301
       430.168
       430.024
       429.869
       429.702
       429.523
       429.331
       429.814
       430.297
       430.776
       431.035
       431.298
       431.569
       431.841
       432.128
       432.431
       432.625
       432.843
       433.088
        433.46
       433.866
       434.266
       434.765
       435.307
       435.899
       436.571
       437.299
       438.072
       438.379
       438.744
       439.139
       438.919
       438.707
        438.51
       438.582
       438.655
       438.835
       439.487
       440.137
       440.848
       441.666
       442.477
       443.282
       443.867
       444.389
       444.681
       444.755
       444.748
       444.472
       444.088
       443.699
       443.152
       442.542
       442.213
       442.035
       441.872
       441.686
       441.751
       441.803
       441.885
       442.024
       442.235
       442.436
        442.37
       442.202
       442.123
       441.962
       441.643
       440.776
       439.672
       439.172
       439.415
       442.849
       444.668
        444.95
       445.544
       445.014
       444.265
       443.205
       441.331
       439.364
       437.357
       435.623
       435.224
       435.375
        435.43
       435.418
       435.404
       435.408
       434.266
        432.82
       431.456
       430.337
       428.659
       426.928
       425.222
       423.865
       423.063
       422.344
       421.705
       420.744
       419.845
       418.182
       416.027
       413.926
       411.905
        409.98
       408.082
        406.21
       404.473
       402.804
        401.15
       399.516
       397.836
       396.212
       394.844
       429.797
       429.574
       393.919
       401.325
       401.325
       401.325
       401.326
       401.326
       401.326
       401.326
       401.326
       401.325
       401.325
       401.325
       401.324
       401.324
       401.323
       401.322
       401.321
        401.32
       401.318
       401.317
       401.314
       401.312
       401.309
       401.306
       401.303
       401.299
       401.294
       401.289
       401.283
       401.276
       401.269
        401.26
        401.25
        401.24
       401.227
       401.214
       401.198
       401.181
       401.162
        401.14
       401.115
       401.088
       401.058
       401.024
       400.986
       400.943
       400.896
       400.843
       400.784
       400.718
       400.646
       400.565
       400.475
       400.376
       400.266
       400.146
       400.013
       399.869
        399.71
       399.538
       399.352
       399.151
       398.936
       399.435
       399.932
       400.424
       400.678
       400.935
       401.199
       401.461
       401.737
       402.027
       402.199
       402.393
       402.614
       402.966
       403.351
       403.727
       404.204
       404.725
       405.295
       405.947
       406.655
       407.407
       407.662
       407.974
       408.315
       408.001
       407.709
       407.444
       407.469
       407.499
       407.644
       408.287
       408.933
       409.643
       410.478
        411.31
       412.137
        412.74
       413.279
       413.574
       413.637
       413.617
       413.311
       412.889
       412.462
       411.869
       411.211
       410.856
       410.666
       410.492
       410.297
       410.375
       410.452
       410.558
       410.725
       410.973
       411.214
       411.173
       411.027
       410.979
       410.847
       410.551
       409.676
       408.552
       408.077
       408.398
       412.124
       414.138
       414.521
       415.243
       414.775
        414.08
       413.059
       411.178
       409.202
       407.189
       405.472
       405.181
       405.479
       405.678
       405.805
       405.932
       406.077
       405.002
       403.603
       402.289
       401.233
       399.581
        397.87
       396.181
       394.859
       394.125
       393.473
       392.902
       391.982
       391.123
       389.446
        387.24
       385.082
           383
       381.009
       379.034
        377.07
       375.233
       373.451
       371.666
       369.883
       368.034
       366.231
       364.692
       401.907
       401.653
       363.564
       371.074
       371.074
       371.074
       371.074
       371.074
       371.074
       371.074
       371.074
       371.074
       371.074
       371.074
       371.073
       371.072
       371.072
       371.071
        371.07
       371.069
       371.067
       371.065
       371.063
       371.061
       371.059
       371.056
       371.052
       371.048
       371.044
       371.039
       371.033
       371.026
       371.019
        371.01
       371.001
        370.99
       370.978
       370.965
       370.949
       370.932
       370.913
       370.891
       370.867
       370.839
       370.809
       370.774
       370.736
       370.692
       370.644
        370.59
       370.529
       370.461
       370.385
       370.301
       370.206
       370.101
       369.985
       369.856
       369.713
       369.556
       369.384
       369.195
        368.99
       368.768
       368.527
       369.042
       369.553
       370.056
       370.305
       370.555
        370.81
       371.061
       371.323
         371.6
       371.747
       371.916
        372.11
       372.442
       372.804
       373.155
       373.609
       374.106
       374.652
       375.283
       375.969
       376.703
       376.909
       377.177
       377.477
       377.083
       376.719
       376.388
       376.368
       376.353
       376.458
       377.087
       377.712
       378.411
       379.243
       380.078
       380.917
       381.527
       382.074
       382.369
       382.421
       382.392
       382.063
       381.605
       381.142
       380.503
         379.8
       379.423
       379.223
       379.043
       378.845
       378.943
       379.053
       379.185
       379.383
       379.669
        379.95
       379.936
       379.812
       379.794
       379.691
       379.416
       378.531
       377.385
        376.93
       377.326
        381.34
       383.545
       384.029
       384.877
       384.469
       383.826
       382.844
       380.955
        378.97
       376.952
       375.253
       375.071
       375.517
       375.862
       376.131
         376.4
       376.689
       375.682
       374.332
       373.072
       372.083
       370.463
       368.775
       367.109
       365.828
       365.166
       364.588
       364.091
        363.22
       362.407
       360.724
       358.473
       356.267
        354.13
       352.079
       350.029
       347.974
       346.035
        344.13
       342.199
       340.244
       338.195
       336.175
        334.42
       373.893
         373.6
       333.005
       340.794
       340.794
       340.794
       340.794
       340.794
       340.794
       340.794
       340.794
       340.794
       340.794
       340.794
       340.793
       340.793
       340.792
       340.791
        340.79
       340.789
       340.788
       340.786
       340.784
       340.782
       340.779
       340.776
       340.773
       340.769
       340.765
        340.76
       340.754
       340.748
       340.741
       340.733
       340.724
       340.713
       340.701
       340.688
       340.673
       340.656
       340.637
       340.616
       340.592
       340.565
       340.534
         340.5
       340.461
       340.418
       340.369
       340.314
       340.252
       340.182
       340.104
       340.017
       339.919
       339.809
       339.686
        339.55
       339.398
        339.23
       339.044
       338.839
       338.615
        338.37
       338.105
       338.635
       339.158
       339.671
       339.914
       340.156
         340.4
       340.638
       340.887
       341.147
       341.269
       341.411
       341.577
       341.886
       342.224
       342.547
       342.976
       343.448
        343.97
       344.577
       345.239
       345.952
       346.112
       346.346
       346.616
       346.154
       345.728
       345.338
       345.275
       345.216
       345.279
       345.893
       346.499
       347.186
       348.012
       348.844
       349.686
       350.283
       350.822
         351.1
       351.129
       351.086
       350.727
       350.235
       349.733
       349.051
       348.304
       347.908
       347.704
       347.525
       347.337
       347.472
       347.614
       347.772
       347.999
       348.322
       348.644
       348.658
       348.558
       348.571
       348.496
       348.241
       347.342
        346.17
       345.732
       346.198
       350.496
       352.889
       353.468
        354.44
        354.09
         353.5
       352.556
       350.659
       348.666
       346.643
       344.963
       344.892
       345.488
       345.978
        346.39
       346.802
       347.237
       346.302
       345.004
       343.801
       342.885
         341.3
       339.641
       338.003
        336.77
       336.187
       335.689
       335.273
       334.459
       333.701
        332.02
       329.735
        327.49
       325.308
       323.205
       321.087
       318.946
       316.902
       314.868
       312.775
       310.625
       308.339
       306.053
        304.02
       345.727
       345.387
       302.202
        310.48
       310.481
       310.481
       310.481
       310.481
       310.481
       310.481
       310.481
       310.481
       310.481
        310.48
        310.48
        310.48
       310.479
       310.478
       310.477
       310.476
       310.475
       310.473
       310.471
       310.469
       310.467
       310.464
       310.461
       310.457
       310.453
       310.449
       310.443
       310.437
        310.43
       310.422
       310.414
       310.404
       310.392
       310.379
       310.365
       310.349
        310.33
       310.309
       310.286
       310.259
       310.229
       310.196
       310.157
       310.114
       310.066
       310.011
       309.948
       309.878
       309.799
        309.71
       309.609
       309.495
       309.368
       309.225
       309.065
       308.887
       308.688
       308.468
       308.225
       307.959
       307.668
       308.213
       308.747
       309.269
       309.504
       309.736
       309.969
       310.193
       310.425
       310.668
       310.763
       310.877
       311.013
       311.297
       311.609
       311.903
       312.306
       312.748
       313.245
       313.832
       314.487
       315.197
       315.323
       315.521
       315.759
       315.235
       314.753
       314.311
       314.209
       314.106
       314.128
       314.724
       315.309
       315.976
       316.788
       317.611
       318.445
       319.031
       319.567
       319.826
       319.821
        319.73
       319.322
       318.777
       318.231
       317.508
       316.716
       316.302
       316.106
       315.951
        315.79
       315.967
       316.141
        316.32
       316.577
       316.934
       317.297
       317.343
       317.269
       317.314
       317.265
       317.028
       316.112
        314.91
       314.483
       315.012
       319.588
       322.163
       322.832
       323.924
       323.631
       323.092
       322.188
       320.283
       318.284
       316.259
       314.599
       314.639
       315.386
       316.021
       316.576
       317.133
       317.716
       316.855
       315.612
        314.47
       313.633
       312.088
       310.465
       308.861
       307.682
       307.186
       306.776
        306.45
       305.701
       305.009
       303.341
       301.034
       298.762
        296.55
       294.406
       292.232
       290.011
       287.867
       285.699
       283.432
       281.059
       278.496
       275.883
       273.492
       317.376
        316.98
       271.112
       280.129
       280.129
        280.13
        280.13
        280.13
        280.13
        280.13
        280.13
        280.13
        280.13
       280.129
       280.129
       280.128
       280.128
       280.127
       280.126
       280.125
       280.124
       280.122
       280.121
       280.119
       280.117
       280.114
       280.111
       280.108
       280.104
       280.099
       280.094
       280.089
       280.082
       280.075
       280.066
       280.057
       280.046
       280.034
        280.02
       280.005
       279.987
       279.967
       279.945
       279.919
        279.89
       279.857
        279.82
       279.778
        279.73
       279.676
       279.615
       279.545
       279.465
       279.376
       279.274
       279.158
       279.027
        278.88
       278.713
       278.526
       278.316
       278.082
       277.821
       277.533
       277.217
       277.775
       278.321
        278.85
       279.075
       279.296
       279.515
       279.723
       279.938
       280.162
       280.229
       280.312
       280.418
       280.675
       280.956
       281.221
       281.601
       282.032
       282.523
       283.114
       283.772
       284.483
       284.579
       284.746
       284.956
       284.369
       283.827
       283.327
       283.184
       283.036
       283.016
       283.595
       284.157
       284.802
       285.597
         286.4
       287.222
       287.792
       288.313
       288.545
       288.501
       288.363
       287.878
       287.261
       286.659
       285.871
       285.022
       284.613
       284.465
       284.359
        284.23
        284.44
       284.646
       284.851
       285.123
       285.501
       285.901
       285.991
        285.95
       286.028
       286.006
       285.782
       284.845
       283.605
       283.181
       283.764
       288.611
        291.36
       292.113
       293.322
       293.082
       292.593
        291.73
       289.821
       287.818
       285.792
       284.154
       284.308
       285.205
       285.986
       286.684
       287.387
       288.119
       287.333
       286.149
       285.073
        284.32
       282.823
       281.241
        279.68
       278.563
       278.161
       277.848
        277.62
       276.947
       276.332
        274.69
       272.376
       270.095
       267.869
       265.703
        263.49
       261.205
       258.969
       256.671
        254.22
       251.602
       248.716
       245.706
       242.854
       288.799
        288.34
       239.702
       249.735
       249.736
       249.736
       249.736
       249.736
       249.736
       249.736
       249.736
       249.736
       249.736
       249.735
       249.735
       249.735
       249.734
       249.733
       249.733
       249.732
        249.73
       249.729
       249.728
       249.726
       249.724
       249.721
       249.719
       249.716
       249.712
       249.708
       249.703
       249.698
       249.692
       249.685
       249.677
       249.668
       249.658
       249.647
       249.634
        249.62
       249.603
       249.584
       249.563
       249.539
       249.511
        249.48
       249.445
       249.404
       249.358
       249.306
       249.246
       249.178
         249.1
       249.011
       248.909
       248.793
       248.661
       248.511
        248.34
       248.146
       247.927
        247.68
       247.403
       247.094
       246.752
       247.323
       247.877
       248.412
       248.626
       248.833
       249.037
       249.227
       249.423
       249.627
       249.664
       249.713
       249.789
       250.023
       250.292
       250.547
       250.927
       251.356
       251.845
       252.435
       253.095
       253.808
       253.874
       254.015
       254.197
       253.546
       252.944
       252.388
       252.203
       252.012
        251.95
        252.51
       253.047
       253.666
       254.442
       255.226
       256.031
       256.571
        257.06
       257.255
       257.169
       256.985
       256.436
       255.751
       255.087
       254.241
       253.357
       252.951
       252.844
       252.779
        252.69
       252.951
       253.193
       253.386
       253.641
       254.035
       254.483
       254.616
       254.608
       254.719
       254.721
       254.509
       253.546
       252.263
        251.83
       252.455
       257.559
       260.473
       261.299
       262.619
        262.43
       261.993
       261.173
       259.263
       257.261
       255.239
       253.626
       253.893
       254.941
       255.866
       256.706
       257.554
       258.436
       257.729
       256.607
       255.602
       254.939
       253.497
       251.966
       250.455
       249.408
       249.109
       248.901
       248.782
       248.196
        247.67
       246.071
       243.768
       241.499
       239.282
       237.119
       234.891
       232.566
       230.259
       227.843
       225.211
        222.33
       219.081
       215.595
       212.158
       259.952
       259.426
       207.966
       219.294
       219.294
       219.294
       219.294
       219.295
       219.295
       219.295
       219.295
       219.295
       219.294
       219.294
       219.294
       219.293
       219.293
       219.292
       219.292
       219.291
        219.29
       219.288
       219.287
       219.285
       219.284
       219.281
       219.279
       219.276
       219.273
       219.269
       219.265
        219.26
       219.255
       219.248
       219.241
       219.233
       219.224
       219.214
       219.202
       219.189
       219.173
       219.156
       219.136
       219.114
       219.089
        219.06
       219.026
       218.989
       218.945
       218.896
       218.839
       218.773
       218.698
       218.612
       218.513
       218.399
       218.267
       218.117
       217.944
       217.746
        217.52
       217.263
       216.971
       216.642
       216.274
       216.857
       217.418
       217.956
       218.157
       218.347
       218.534
       218.705
       218.877
       219.063
       219.074
       219.108
       219.174
       219.409
       219.677
       219.925
       220.299
       220.724
       221.206
       221.793
       222.451
       223.163
       223.201
       223.317
       223.476
       222.764
       222.104
       221.493
       221.269
       221.037
       220.934
       221.475
       221.984
       222.575
       223.328
       224.088
       224.866
       225.364
       225.809
       225.959
        225.83
       225.599
       224.987
       224.239
       223.524
       222.634
        221.73
       221.366
        221.33
       221.325
       221.279
       221.574
       221.799
       221.963
       222.206
       222.625
       223.109
       223.251
       223.256
       223.394
        223.42
       223.219
       222.227
       220.892
        220.44
       221.089
       226.432
       229.491
       230.378
         231.8
       231.658
       231.275
       230.506
       228.604
       226.613
       224.601
       223.016
       223.399
       224.594
       225.658
       226.632
       227.621
       228.655
       228.028
       226.972
       226.046
       225.483
       224.105
       222.635
       221.184
       220.216
       220.029
       219.934
       219.931
       219.443
       219.021
       217.482
       215.213
       212.982
       210.805
       208.678
       206.469
       204.138
       201.794
        199.29
       196.495
       193.351
        189.71
       185.673
        181.51
       230.791
       230.195
       175.963
         188.8
         188.8
       188.801
       188.801
       188.801
       188.801
       188.801
       188.801
       188.801
       188.801
         188.8
         188.8
         188.8
       188.799
       188.799
       188.798
       188.797
       188.797
       188.795
       188.794
       188.793
       188.791
       188.789
       188.787
       188.785
       188.782
       188.778
       188.775
        188.77
       188.766
        188.76
       188.754
       188.747
       188.738
       188.729
       188.719
       188.707
       188.693
       188.678
        188.66
        188.64
       188.617
       188.591
        188.56
       188.526
       188.486
        188.44
       188.388
       188.327
       188.256
       188.175
        188.08
        187.97
       187.842
       187.695
       187.524
       187.325
       187.096
       186.832
       186.528
        186.18
       185.787
        186.38
       186.944
       187.483
       187.667
       187.835
       188.004
       188.159
       188.328
       188.515
       188.525
       188.557
       188.617
        188.85
       189.114
       189.351
       189.716
       190.129
       190.599
       191.177
       191.829
       192.539
       192.548
        192.64
        192.78
       192.014
       191.303
       190.644
       190.388
       190.117
       189.976
       190.493
       190.972
       191.531
       192.255
       192.984
       193.731
       194.183
       194.583
       194.679
       194.487
       194.198
       193.526
       192.716
       191.951
       191.034
       190.154
       189.854
       189.876
       189.951
       189.935
       190.243
       190.474
       190.618
        190.83
       191.235
       191.721
        191.86
       191.886
       192.057
       192.108
       191.921
       190.899
       189.507
       189.022
       189.672
       195.224
       198.405
       199.332
       200.844
       200.744
       200.417
       199.709
        197.83
       195.867
       193.879
       192.332
       192.831
       194.167
       195.361
        196.46
       197.583
       198.763
       198.215
        197.23
       196.392
        195.94
       194.639
       193.242
       191.863
       190.985
       190.915
        190.94
       191.062
       190.681
       190.379
        188.92
       186.711
       184.551
        182.45
         180.4
       178.257
        175.97
        173.64
       171.098
       168.186
       164.812
       160.779
       156.136
       151.107
       201.284
       200.619
       143.874
       158.249
        158.25
        158.25
        158.25
        158.25
        158.25
        158.25
        158.25
        158.25
        158.25
        158.25
        158.25
       158.249
       158.249
       158.248
       158.248
       158.247
       158.246
       158.246
       158.245
       158.243
       158.242
        158.24
       158.238
       158.236
       158.234
       158.231
       158.228
       158.224
        158.22
       158.215
        158.21
       158.204
       158.197
       158.189
        158.18
       158.169
       158.158
       158.144
       158.129
       158.111
       158.091
       158.068
       158.042
       158.011
       157.976
       157.936
       157.888
       157.833
       157.769
       157.694
       157.606
       157.503
       157.383
       157.242
       157.076
       156.883
       156.655
       156.389
       156.078
       155.714
       155.296
       155.896
       156.457
       156.992
       157.159
       157.323
       157.494
       157.656
       157.833
       158.026
       158.034
       158.064
       158.117
       158.345
         158.6
       158.821
       159.171
       159.566
       160.017
       160.578
       161.217
        161.92
       161.898
       161.971
         162.1
        161.29
       160.541
       159.846
       159.566
       159.263
       159.083
       159.576
        160.02
        160.54
       161.227
       161.915
        162.62
       163.021
       163.371
        163.41
       163.151
       162.808
       162.088
       161.249
       160.478
       159.585
       158.719
       158.418
       158.424
       158.484
       158.495
       158.864
       159.141
       159.299
         159.5
       159.873
       160.334
       160.463
       160.499
       160.715
       160.798
       160.628
       159.581
       158.132
       157.598
       158.216
       163.934
         167.2
       168.136
       169.722
       169.658
       169.394
       168.762
       166.928
        165.02
       163.085
        161.59
       162.203
       163.667
       164.973
       166.181
       167.422
        168.74
        168.27
       167.362
       166.623
       166.298
        165.09
       163.784
       162.491
       161.711
       161.766
       161.913
       162.163
       161.898
       161.729
       160.374
       158.256
       156.205
       154.227
       152.306
       150.286
       148.108
       145.864
       143.364
       140.419
       136.895
       132.528
       127.283
       121.278
       171.426
       170.697
       112.097
       127.637
       127.637
       127.637
       127.637
       127.637
       127.638
       127.638
       127.638
       127.637
       127.637
       127.637
       127.637
       127.637
       127.636
       127.636
       127.636
       127.635
       127.635
       127.634
       127.633
       127.632
       127.631
       127.629
       127.628
       127.626
       127.624
       127.622
       127.619
       127.616
       127.613
       127.609
       127.605
       127.599
       127.594
       127.587
        127.58
       127.571
       127.561
        127.55
       127.538
       127.523
       127.507
       127.487
       127.465
        127.44
        127.41
       127.376
       127.335
       127.288
       127.232
       127.166
       127.088
       126.995
       126.884
       126.754
         126.6
       126.416
       126.198
       125.938
       125.627
        125.25
        124.81
       125.417
       125.987
       126.532
       126.702
        126.87
       127.044
       127.211
       127.393
       127.591
       127.597
       127.623
       127.668
       127.891
       128.134
       128.336
       128.664
       129.031
       129.452
       129.985
         130.6
        131.29
       131.236
       131.293
       131.421
       130.584
       129.815
       129.102
       128.812
       128.486
       128.271
       128.738
       129.139
        129.61
       130.246
       130.879
       131.529
       131.867
       132.163
       132.147
       131.833
       131.461
       130.724
       129.888
       129.161
       128.295
       127.436
       127.124
        127.11
       127.142
       127.131
       127.499
       127.786
       127.937
       128.148
       128.532
       128.986
       129.102
       129.139
       129.383
         129.5
       129.358
       128.301
       126.806
       126.213
       126.754
       132.561
       135.851
       136.754
        138.39
       138.354
       138.164
       137.636
       135.886
       134.077
       132.234
       130.816
       131.539
       133.108
       134.496
       135.781
       137.114
       138.558
       138.166
       137.344
       136.719
       136.539
       135.448
       134.256
        133.07
       132.401
       132.581
       132.846
       133.221
       133.073
        133.05
       131.822
       129.835
       127.942
       126.142
       124.411
       122.582
       120.592
       118.528
       116.183
       113.341
       109.818
       105.273
       99.5405
       92.5518
        141.27
       140.488
       81.4002
       96.9573
       96.9576
       96.9578
        96.958
       96.9581
       96.9581
       96.9582
       96.9582
       96.9581
       96.9581
       96.9579
       96.9578
       96.9576
       96.9574
       96.9571
       96.9568
       96.9564
       96.9559
       96.9553
       96.9547
       96.9539
        96.953
        96.952
       96.9509
       96.9495
        96.948
       96.9462
       96.9442
        96.942
       96.9394
       96.9364
        96.933
       96.9291
       96.9247
       96.9197
        96.914
       96.9074
          96.9
       96.8914
       96.8817
       96.8704
       96.8575
       96.8427
       96.8255
       96.8056
       96.7824
       96.7552
       96.7232
       96.6851
       96.6397
       96.5849
       96.5186
       96.4386
       96.3423
       96.2266
       96.0895
       95.9246
       95.7215
       95.4813
       95.1874
       94.8301
       94.3949
       95.0243
       95.6008
       96.1461
       96.3083
       96.4732
       96.6461
       96.8138
       96.9985
       97.2024
       97.2093
       97.2342
       97.2746
       97.4896
       97.7175
       97.8947
       98.1922
       98.5226
       98.8998
        99.388
       99.9628
       100.626
       100.537
       100.582
       100.722
       99.8814
       99.1236
       98.4209
       98.1434
       97.8074
       97.5628
       97.9978
       98.3453
       98.7506
       99.3163
       99.8733
       100.447
       100.703
       100.935
       100.872
       100.529
       100.178
       99.4844
       98.7188
        98.065
       97.2513
       96.4122
       96.0961
       96.0614
       96.0606
        96.013
       96.3628
        96.595
       96.7049
       96.8823
       97.2455
       97.6881
       97.7796
       97.8041
       98.0534
       98.2159
       98.1222
       97.0947
       95.5942
        94.952
       95.3544
        101.11
       104.326
       105.131
       106.778
       106.763
       106.664
       106.283
       104.683
        103.05
       101.368
       100.067
       100.891
       102.524
       103.941
       105.249
       106.628
       108.169
       107.857
       107.141
       106.652
       106.644
       105.703
       104.663
       103.615
        103.07
       103.369
       103.734
       104.213
       104.172
         104.3
       103.231
       101.423
       99.7509
       98.1954
       96.7226
        95.162
        93.449
       91.6767
       89.6311
       87.0803
       83.8077
       79.3891
       73.4927
       65.7413
        110.97
       110.161
       53.1348
       66.2065
       66.2067
       66.2069
        66.207
       66.2071
       66.2072
       66.2072
       66.2072
       66.2072
       66.2071
        66.207
       66.2069
       66.2068
       66.2067
       66.2065
       66.2062
        66.206
       66.2057
       66.2053
       66.2048
       66.2043
       66.2037
       66.2031
       66.2023
       66.2014
       66.2003
       66.1992
       66.1978
       66.1963
       66.1945
       66.1925
       66.1902
       66.1876
       66.1846
       66.1812
       66.1773
       66.1729
       66.1678
        66.162
       66.1554
       66.1477
       66.1389
       66.1288
        66.117
       66.1033
       66.0873
       66.0685
       66.0461
       66.0191
       65.9863
       65.9454
       65.8938
       65.8296
        65.751
        65.652
         65.54
       65.4065
       65.2518
       65.0694
       64.8404
       64.5389
       64.1267
       64.7533
       65.3026
        65.822
       65.9651
       66.1216
       66.2916
       66.4579
       66.6432
       66.8519
       66.8646
       66.8962
       66.9362
       67.1428
       67.3533
       67.5032
        67.764
       68.0457
       68.3622
       68.7807
       69.2845
       69.8948
       69.7658
       69.8012
       69.9654
       69.1647
       68.4707
       67.8245
       67.5864
       67.2612
       66.9958
       67.3853
        67.661
       67.9778
       68.4443
       68.8955
        69.365
       69.5215
       69.6969
       69.6177
       69.3023
       69.0025
       68.3893
       67.7296
       67.1823
       66.4649
       65.6977
       65.4058
        65.342
       65.2859
       65.1966
        65.493
       65.6567
       65.7054
       65.8231
       66.1262
       66.5059
       66.5438
        66.524
       66.7557
        66.932
       66.9094
       65.9971
       64.6081
       63.9888
       64.1849
       69.5948
       72.5611
       73.1841
       74.7783
       74.7806
       74.7985
       74.6237
       73.2822
       71.9536
       70.5584
       69.4549
       70.3558
       71.9708
       73.3302
        74.577
       75.9155
       77.4924
       77.2733
       76.7049
       76.3885
       76.5773
       75.8379
       75.0127
       74.1588
         73.76
       74.1518
       74.5739
       75.1107
        75.147
       75.4147
       74.5406
         72.99
       71.6219
       70.3866
       69.2436
       68.0273
       66.6838
       65.3191
       63.7345
       61.7135
       59.0415
       55.2566
       49.8713
       42.0635
       80.8527
       80.0831
       29.5364
       35.3792
       35.3794
       35.3795
       35.3796
       35.3797
       35.3797
       35.3797
       35.3797
       35.3797
       35.3797
       35.3796
       35.3796
       35.3795
       35.3794
       35.3793
       35.3792
       35.3791
       35.3789
       35.3787
       35.3785
       35.3782
        35.378
       35.3776
       35.3772
       35.3768
       35.3762
       35.3756
        35.375
       35.3742
       35.3733
       35.3723
       35.3711
       35.3698
       35.3683
       35.3666
       35.3646
       35.3624
       35.3598
       35.3569
       35.3535
       35.3497
       35.3452
         35.34
       35.3341
       35.3271
       35.3189
       35.3092
       35.2976
       35.2835
       35.2657
        35.242
       35.2072
       35.1608
       35.1069
       35.0497
       34.9903
       34.9223
       34.8416
       34.7417
       34.6082
       34.4107
       34.0769
       34.6329
       35.0897
       35.5324
       35.6559
        35.807
       35.9728
       36.1348
       36.3134
       36.5191
        36.555
       36.6113
       36.6663
       36.8599
       37.0485
       37.1749
       37.3908
       37.6124
       37.8505
       38.1639
       38.5419
       39.0343
       38.8815
        38.901
       39.0709
       38.4007
       37.8601
       37.3449
       37.1741
       36.8977
       36.6426
       36.9435
       37.1154
       37.3135
       37.6378
       37.9449
       38.2851
         38.36
        38.474
       38.3883
        38.123
       37.9019
       37.4203
       36.9107
       36.5055
       35.9405
       35.3079
       35.0615
        34.972
       34.8658
       34.7154
       34.8939
        34.964
       34.9378
        34.976
       35.1775
       35.4556
       35.4454
       35.3938
       35.5746
        35.736
       35.7992
       35.1387
       34.0911
       33.6561
        33.657
       38.0344
       40.4147
       40.8112
       42.2074
       42.2622
       42.4271
        42.513
       41.6263
        40.815
       39.9322
       39.2059
       40.1023
       41.5249
        42.697
       43.7661
       44.9214
       46.3669
       46.3051
       45.9914
       45.9013
       46.2673
       45.8219
       45.3225
       44.7711
       44.5581
       44.9743
       45.3686
       45.8651
       45.9297
       46.2657
       45.6521
       44.5061
       43.5596
       42.7246
         41.97
       41.1643
       40.2757
       39.4191
       38.4421
       37.1974
       35.5429
       33.1107
       29.4288
       23.3066
       51.5158
       50.9535
       14.1068
       4.47073
       4.47073
       4.47073
       4.47073
       4.47073
       4.47073
       4.47073
       4.47073
       4.47073
       4.47073
       4.47073
       4.47073
       4.47073
       4.47073
       4.47073
       4.47073
       4.47073
       4.47073
       4.47073
       4.47073
       4.47073
       4.47073
       4.47073
       4.47073
       4.47073
       4.47073
       4.47073
       4.47073
       4.47073
       4.47073
       4.47073
       4.47073
       4.47073
       4.47073
       4.47073
       4.47073
       4.47073
       4.47073
       4.47073
       4.47073
       4.47073
       4.47073
       4.47073
       4.47073
       4.47073
       4.47073
       4.47073
       4.47073
       4.47073
       4.47073
       4.47073
       4.47073
       4.47073
       4.47073
       4.47073
       4.47073
       4.47073
       4.47073
       4.47073
       4.47073
       4.47073
       4.47073
       4.70958
       4.95059
       5.19148
       5.35479
       5.51809
       5.68137
       5.84097
       6.00057
       6.15967
       6.27368
       6.38769
       6.50216
       6.65019
        6.7982
       6.93221
       7.08604
       7.23986
        7.3939
       7.55765
       7.72139
       7.88005
       7.86076
       7.84146
       7.81505
       7.56803
       7.32102
       7.07815
       6.92433
       6.77052
       6.65262
        6.6926
       6.73259
       6.79726
       6.90177
       7.00628
       7.11079
       7.14401
       7.15866
       7.09799
       6.96471
        6.8061
       6.56026
       6.28329
       6.01129
       5.69353
       5.36133
       5.12987
         4.955
         4.792
         4.629
       4.55854
       4.48658
       4.41463
       4.37923
       4.40104
       4.45276
       4.44753
       4.44231
       4.50364
       4.57497
       4.63086
       4.53856
       4.40367
       4.51261
       4.91261
       6.43926
        7.4591
       8.00151
       8.69797
       9.05488
       9.37687
       9.62864
       9.63619
       9.64374
       9.66855
       9.81452
       10.4388
       11.2678
       12.0742
       12.8592
        13.638
       14.4099
       14.7721
       15.0073
       15.2425
       15.5303
       15.5949
       15.6057
       15.5917
       15.6655
       15.8999
       16.1344
       16.3688
       16.4661
       16.5589
       16.3664
       15.9837
       15.6009
       15.2304
       14.8812
        14.532
       14.1844
       13.8776
       13.5888
        13.299
       13.0068
       12.6857
       12.3646
       12.1004
            24
            24
       12.0675
