10                            
0                             3.8374                        
1                             3.8374                        
2                             3.8374                        
3                             3.8374                        
4                             3.8374                        
5                             3.8374                        
6                             3.8374                        
7                             3.8374                        
8                             3.8374                        
9                             3.8374                        
10                            3.8374                        
11                            3.8374                        
12                            3.8374                        
13                            3.8374                        
14                            3.8374                        
15                            3.8374                        
16                            3.8374                        
17                            3.8374                        
18                            3.8374                        
19                            3.8374                        
20                            3.8374                        
21                            3.8374                        
22                            3.8374                        
23                            3.8374                        
24                            3.8374                        
25                            3.8374                        
26                            3.8374                        
27                            3.8374                        
28                            3.8374                        
29                            3.8374                        
30                            3.8374                        
31                            3.8374                        
32                            3.8374                        
33                            3.8374                        
34                            3.8374                        
35                            3.8374                        
36                            3.8374                        
37                            3.8374                        
38                            3.8374                        
39                            3.8374                        
40                            3.8374                        
41                            3.8374                        
42                            3.8374                        
43                            3.8374                        
44                            3.8374                        
45                            3.8374                        
46                            3.8374                        
47                            3.8374                        
48                            3.8374                        
49                            3.8374                        
50                            3.8374                        
51                            3.8374                        
52                            3.8374                        
53                            3.8374                        
54                            3.8374                        
55                            3.8374                        
56                            3.8374                        
57                            3.8374                        
58                            3.8374                        
59                            3.8374                        
60                            3.8374                        
61                            3.8374                        
62                            3.794                         
63                            3.7501                        
64                            3.7063                        
65                            3.6766                        
66                            3.6469                        
67                            3.6172                        
68                            3.5882                        
69                            3.5591                        
70                            3.5302                        
71                            3.5095                        
72                            3.4887                        
73                            3.4679                        
74                            3.441                         
75                            3.414                         
76                            3.3903                        
77                            3.3629                        
78                            3.3356                        
79                            3.3082                        
80                            3.279                         
81                            3.2498                        
82                            3.2216                        
83                            3.2257                        
84                            3.2298                        
85                            3.2353                        
86                            3.2808                        
87                            3.3264                        
88                            3.3712                        
89                            3.3998                        
90                            3.4284                        
91                            3.4504                        
92                            3.4438                        
93                            3.4371                        
94                            3.426                         
95                            3.4076                        
96                            3.3892                        
97                            3.3708                        
98                            3.3654                        
99                            3.3634                        
100                           3.3781                        
101                           3.4073                        
102                           3.4422                        
103                           3.4967                        
104                           3.5568                        
105                           3.6158                        
106                           3.6831                        
107                           3.753                         
108                           3.8002                        
109                           3.8349                        
110                           3.8674                        
111                           3.9                           
112                           3.9111                        
113                           3.9216                        
114                           3.9322                        
115                           3.9361                        
116                           3.9296                        
117                           3.9157                        
118                           3.9122                        
119                           3.9088                        
120                           3.8932                        
121                           3.8771                        
122                           3.8645                        
123                           3.8817                        
124                           3.9069                        
125                           3.8782                        
126                           3.7884                        
127                           3.445                         
128                           3.2156                        
129                           3.0937                        
130                           2.9666                        
131                           2.9013                        
132                           2.8424                        
133                           2.7962                        
134                           2.7944                        
135                           2.7927                        
136                           2.7878                        
137                           2.7608                        
138                           2.6469                        
139                           2.4957                        
140                           2.3496                        
141                           2.2083                        
142                           2.0682                        
143                           1.9293                        
144                           1.8649                        
145                           1.8236                        
146                           1.7824                        
147                           1.7293                        
148                           1.7162                        
149                           1.713                         
150                           1.7142                        
151                           1.6997                        
152                           1.657                         
153                           1.6144                        
154                           1.5717                        
155                           1.554                         
156                           1.5371                        
157                           1.5746                        
158                           1.6467                        
159                           1.7187                        
160                           1.7885                        
161                           1.8545                        
162                           1.9204                        
163                           1.9861                        
164                           2.0427                        
165                           2.0952                        
166                           2.1479                        
167                           2.2011                        
168                           2.2608                        
169                           2.3205                        
170                           2.3699                        
171                           0                             
172                           0                             
173                           2.3761                        
