4                             
0                             3.4254                        
1                             3.4254                        
2                             3.4254                        
3                             3.4254                        
4                             3.4254                        
5                             3.4254                        
6                             3.4254                        
7                             3.4254                        
8                             3.4254                        
9                             3.4254                        
10                            3.4254                        
11                            3.4254                        
12                            3.4254                        
13                            3.4254                        
14                            3.4254                        
15                            3.4254                        
16                            3.4254                        
17                            3.4254                        
18                            3.4254                        
19                            3.4254                        
20                            3.4254                        
21                            3.4254                        
22                            3.4254                        
23                            3.4254                        
24                            3.4254                        
25                            3.4254                        
26                            3.4254                        
27                            3.4254                        
28                            3.4254                        
29                            3.4254                        
30                            3.4254                        
31                            3.4254                        
32                            3.4254                        
33                            3.4254                        
34                            3.4254                        
35                            3.4254                        
36                            3.4254                        
37                            3.4254                        
38                            3.4254                        
39                            3.4254                        
40                            3.4254                        
41                            3.4254                        
42                            3.4254                        
43                            3.4254                        
44                            3.4254                        
45                            3.4254                        
46                            3.4254                        
47                            3.4254                        
48                            3.4254                        
49                            3.4254                        
50                            3.4254                        
51                            3.4254                        
52                            3.4254                        
53                            3.4254                        
54                            3.4254                        
55                            3.4254                        
56                            3.4254                        
57                            3.4254                        
58                            3.4254                        
59                            3.4254                        
60                            3.4254                        
61                            3.4254                        
62                            3.408                         
63                            3.3904                        
64                            3.3728                        
65                            3.3609                        
66                            3.349                         
67                            3.3371                        
68                            3.3254                        
69                            3.3138                        
70                            3.3022                        
71                            3.2939                        
72                            3.2855                        
73                            3.2772                        
74                            3.2664                        
75                            3.2556                        
76                            3.2502                        
77                            3.2433                        
78                            3.2364                        
79                            3.2295                        
80                            3.2219                        
81                            3.2143                        
82                            3.2071                        
83                            3.2129                        
84                            3.2186                        
85                            3.2249                        
86                            3.2473                        
87                            3.2697                        
88                            3.2917                        
89                            3.3073                        
90                            3.3229                        
91                            3.3359                        
92                            3.3373                        
93                            3.3387                        
94                            3.3384                        
95                            3.3351                        
96                            3.3318                        
97                            3.3285                        
98                            3.3305                        
99                            3.3338                        
100                           3.364                         
101                           3.4088                        
102                           3.4631                        
103                           3.5494                        
104                           3.638                         
105                           3.7246                        
106                           3.8144                        
107                           3.9051                        
108                           3.958                         
109                           3.9909                        
110                           4.023                         
111                           4.055                         
112                           4.0483                        
113                           4.0357                        
114                           4.0231                        
115                           4.0078                        
116                           3.9884                        
117                           3.9535                        
118                           3.9228                        
119                           3.8921                        
120                           3.8565                        
121                           3.8296                        
122                           3.8085                        
123                           3.8179                        
124                           3.8322                        
125                           3.7624                        
126                           3.6133                        
127                           3.0404                        
128                           2.6581                        
129                           2.4555                        
130                           2.402                         
131                           2.3732                        
132                           2.347                         
133                           2.326                         
134                           2.3227                        
135                           2.3195                        
136                           2.315                         
137                           2.3017                        
138                           2.2534                        
139                           2.1902                        
140                           2.1355                        
141                           2.0889                        
142                           2.0427                        
143                           1.997                         
144                           1.9812                        
145                           1.9747                        
146                           1.9682                        
147                           1.9419                        
148                           1.9282                        
149                           1.9184                        
150                           1.9105                        
151                           1.8969                        
152                           1.8798                        
153                           1.8626                        
154                           1.8455                        
155                           1.8384                        
156                           1.8318                        
157                           1.8629                        
158                           1.9079                        
159                           1.9529                        
160                           1.997                         
161                           2.0395                        
162                           2.0821                        
163                           2.1245                        
164                           2.1523                        
165                           2.1734                        
166                           2.1946                        
167                           2.2162                        
168                           2.2487                        
169                           2.2812                        
170                           2.3095                        
171                           0                             
172                           0                             
173                           2.3136                        
