160                           74.61                         
35                            74.61                         
34                            72.889                        
33                            70.233                        
32                            67.348                        
31                            64.327                        
30                            61.18                         
29                            57.717                        
28                            54.316                        
27                            51.069                        
26                            48.027                        
25                            44.924                        
24                            41.865                        
23                            38.848                        
22                            35.883                        
21                            33.01                         
20                            30.316                        
19                            27.554                        
18                            24.849                        
17                            22.207                        
16                            19.36                         
15                            24.743                        
14                            23.534                        
13                            28.612                        
12                            33.043                        
11                            31.982                        
10                            86.286                        
9                             92.63                         
8                             69.509                        
7                             51.961                        
6                             41.93                         
5                             37.481                        
4                             33.467                        
3                             29.756                        
2                             26.31                         
1                             22.987                        
0                             19.602                        
