160                           108.62                        
35                            108.62                        
34                            109.12                        
33                            110.48                        
32                            111.98                        
31                            113.63                        
30                            115.26                        
29                            116.9                         
28                            118.55                        
27                            120.23                        
26                            121.94                        
25                            123.67                        
24                            125.41                        
23                            127.2                         
22                            129.01                        
21                            130.85                        
20                            132.7                         
19                            134.58                        
18                            136.48                        
17                            138.41                        
16                            140.37                        
15                            134.98                        
14                            136.48                        
13                            133.78                        
12                            136.15                        
11                            140.69                        
10                            50.816                        
9                             37.502                        
8                             25.144                        
7                             48.01                         
6                             34.121                        
5                             33.388                        
4                             31.496                        
3                             28.79                         
2                             25.722                        
1                             24.203                        
0                             20.43                         
