       923.955
       923.951
       923.948
       923.946
       923.944
       923.942
       923.939
       923.936
       923.932
       923.928
       923.923
       923.918
       923.912
       923.905
       923.898
        923.89
       923.882
       923.872
       923.862
       923.851
       923.839
       923.826
       923.812
       923.797
        923.78
       923.763
       923.744
       923.724
       923.702
       923.679
       923.655
       923.629
       923.601
       923.572
       923.541
       923.508
       923.473
       923.437
       923.399
        923.36
       923.318
       923.275
       923.231
       923.185
       923.138
        923.09
       923.041
       922.992
       922.943
       922.893
       922.844
       922.797
       922.751
       922.707
       922.667
        922.63
       922.598
       922.573
       922.554
       922.544
       922.544
       922.555
       922.579
       922.619
       922.677
       922.755
       922.856
       922.982
       923.136
       923.321
        923.54
       923.795
       924.089
       924.426
       924.807
       925.236
       925.716
       926.251
       926.842
       927.494
       928.209
       928.989
       929.817
       930.619
       931.397
       932.153
       932.888
       933.601
       934.294
       934.967
       935.622
       936.258
       936.875
       937.471
       938.045
       938.599
       939.133
        939.65
       940.148
       940.629
        941.09
       941.528
       941.939
       942.324
       942.684
       943.024
       943.341
       943.629
       943.882
       944.092
       944.255
       944.374
       944.456
        944.54
       944.643
       944.709
       944.679
       944.553
       944.327
       943.999
       943.565
       943.022
       942.367
       941.594
         940.7
       939.682
       938.538
       937.267
       935.873
       934.364
       932.747
        931.03
       929.213
       927.304
       925.307
       923.228
       921.069
       918.834
       916.528
       914.163
       911.767
        909.37
       906.984
       904.617
       902.282
        899.99
       897.753
       895.579
       893.478
       891.459
       889.524
       887.673
       885.906
       884.224
       882.626
       881.114
       879.687
       878.346
       877.089
       875.918
       874.829
       873.823
       872.898
       872.054
        871.29
       870.605
       869.999
       869.472
       869.023
       868.651
       868.357
       868.141
       868.007
       867.956
       893.096
       893.095
       893.094
       893.092
        893.09
       893.088
       893.085
       893.082
       893.078
       893.074
       893.069
       893.064
       893.058
       893.051
       893.044
       893.036
       893.028
       893.018
       893.008
       892.997
       892.985
       892.972
       892.958
       892.943
       892.926
       892.909
        892.89
        892.87
       892.848
       892.825
       892.801
       892.774
       892.747
       892.717
       892.686
       892.653
       892.619
       892.583
       892.545
       892.505
       892.463
        892.42
       892.376
        892.33
       892.283
       892.234
       892.185
       892.135
       892.085
       892.036
       891.986
       891.938
       891.892
       891.847
       891.806
       891.769
       891.736
        891.71
        891.69
       891.679
       891.677
       891.687
       891.776
       891.881
       892.003
       892.125
       892.269
       892.439
       892.635
       892.862
       893.123
       893.408
       893.731
       894.097
       894.517
       894.986
       895.504
       896.082
       896.717
       897.412
       898.175
       899.005
       899.875
       900.674
        901.45
       902.201
        902.87
       903.518
       904.146
        904.78
       905.395
       906.002
       906.633
       907.243
       907.838
       908.423
        908.99
       909.539
        910.05
       910.538
       911.002
       911.429
       911.827
       912.194
        912.53
       912.847
       913.127
       913.373
       913.589
       913.764
       913.895
        913.98
       914.034
       914.088
       914.163
       914.204
       914.169
       914.035
       913.786
       913.435
       912.997
       912.459
       911.808
       911.014
       910.088
       909.055
       907.932
       906.733
       905.388
       903.906
       902.482
       900.862
       899.133
       897.291
       895.294
       893.214
       891.059
        888.86
       886.723
       884.585
       882.416
       880.243
       878.079
       875.933
       873.705
       871.485
        869.32
        867.22
       865.129
       863.107
        861.16
       859.323
        857.62
       856.003
        854.47
       852.984
       851.583
       850.202
       848.852
       847.587
       846.409
       845.319
       844.311
       843.383
       842.538
       841.774
       841.088
        840.48
       839.948
       839.493
       839.133
       841.117
       840.981
       838.724
       862.296
       862.296
       862.295
       862.293
       862.291
       862.289
       862.286
       862.283
       862.279
       862.275
       862.271
       862.265
       862.259
       862.253
       862.246
       862.238
       862.229
        862.22
        862.21
       862.199
       862.187
       862.174
       862.159
       862.144
       862.128
        862.11
       862.091
       862.071
       862.049
       862.026
       862.002
       861.975
       861.948
       861.918
       861.887
       861.854
       861.819
       861.782
       861.744
       861.704
       861.662
       861.618
       861.573
       861.527
       861.479
        861.43
       861.379
       861.329
       861.278
       861.227
       861.176
       861.126
       861.078
       861.031
       860.988
       860.948
       860.913
       860.884
       860.861
       860.846
       860.841
       860.846
       860.997
       861.163
       861.347
       861.509
       861.692
       861.901
       862.136
       862.402
       862.701
       863.011
        863.36
       863.751
       864.206
       864.708
        865.26
       865.877
       866.551
       867.286
        868.09
       868.961
       869.874
       870.669
       871.443
        872.19
       872.792
       873.374
       873.937
       874.531
       875.106
       875.682
       876.326
       876.949
       877.564
       878.182
        878.78
        879.36
       879.884
       880.379
       880.844
       881.258
       881.643
       881.993
       882.305
       882.598
       882.839
       883.043
        883.22
       883.357
       883.455
       883.508
       883.534
       883.555
       883.595
       883.622
       883.587
       883.452
       883.184
       882.814
       882.375
       881.847
       881.205
       880.392
       879.438
       878.394
       877.296
       876.174
       874.882
        873.43
         872.2
       870.678
       869.037
       867.263
       865.265
       863.183
        861.03
       858.866
       856.896
       854.983
       853.038
       851.086
       849.141
       847.213
       845.089
       842.939
       840.843
       838.815
       836.734
       834.705
       832.746
       830.921
       829.282
       827.729
        826.26
       824.801
       823.426
       822.004
       820.562
       819.204
       817.936
       816.763
       815.671
        814.66
       813.734
       812.889
       812.123
       811.433
       810.818
       810.281
       809.852
       814.043
       813.905
       809.433
       831.547
       831.547
       831.546
       831.545
       831.543
       831.541
       831.538
       831.535
       831.531
       831.527
       831.523
       831.517
       831.511
       831.505
       831.498
        831.49
       831.481
       831.472
       831.462
       831.451
       831.439
       831.426
       831.411
       831.396
        831.38
       831.362
       831.343
       831.323
       831.301
       831.278
       831.253
       831.227
       831.199
       831.169
       831.137
       831.104
       831.069
       831.032
       830.993
       830.952
       830.909
       830.865
       830.819
       830.771
       830.722
       830.671
        830.62
       830.567
       830.514
       830.461
       830.408
       830.355
       830.304
       830.255
       830.208
       830.164
       830.125
        830.09
       830.062
       830.042
        830.03
       830.029
       830.238
       830.463
       830.705
       830.903
       831.123
       831.367
       831.637
       831.937
        832.27
       832.601
       832.972
       833.384
       833.869
       834.402
       834.984
       835.636
       836.345
       837.113
       837.953
       838.857
       839.807
       840.605
       841.377
       842.119
       842.654
       843.168
       843.665
       844.218
       844.752
       845.297
       845.954
       846.589
       847.224
       847.872
       848.502
       849.114
       849.648
        850.15
       850.616
       851.016
       851.387
       851.719
       852.007
       852.275
       852.477
       852.637
       852.772
       852.872
       852.937
       852.958
       852.956
       852.944
        852.95
       852.967
       852.937
       852.803
       852.521
       852.136
       851.701
       851.185
       850.555
       849.728
       848.749
       847.697
       846.629
       845.587
       844.351
       842.932
       841.898
       840.475
       838.922
       837.215
       835.215
       833.131
       830.979
       828.848
       827.043
       825.353
       823.628
       821.896
       820.169
       818.457
       816.436
       814.352
       812.324
       810.367
       808.291
       806.255
       804.282
       802.469
       800.894
       799.404
           798
       796.568
       795.218
       793.756
        792.22
       790.769
       789.412
       788.155
       786.979
       785.885
       784.878
       783.953
       783.105
       782.333
       781.635
       781.012
       780.515
        786.92
        786.78
       780.084
       800.843
       800.843
       800.843
       800.842
        800.84
       800.838
       800.835
       800.832
       800.829
       800.825
        800.82
       800.815
       800.809
       800.802
       800.795
       800.788
       800.779
        800.77
       800.759
       800.748
       800.736
       800.723
       800.709
       800.694
       800.677
        800.66
       800.641
        800.62
       800.598
       800.575
        800.55
       800.523
       800.495
       800.465
       800.433
       800.399
       800.363
       800.325
       800.286
       800.244
         800.2
       800.155
       800.107
       800.058
       800.007
       799.955
       799.901
       799.846
       799.791
       799.734
       799.678
       799.622
       799.567
       799.513
       799.461
       799.412
       799.366
       799.325
        799.29
       799.261
       799.241
        799.23
       799.495
       799.776
       800.073
       800.304
       800.556
       800.834
       801.134
       801.465
       801.828
       802.177
       802.565
       802.995
       803.507
       804.066
       804.674
       805.357
       806.096
       806.896
       807.768
       808.703
       809.694
       810.487
       811.253
       811.987
       812.453
       812.899
       813.329
       813.839
       814.331
       814.844
       815.513
       816.161
       816.814
       817.493
       818.154
       818.797
       819.343
        819.85
       820.315
       820.702
       821.058
       821.373
       821.636
       821.877
       822.039
       822.154
       822.247
        822.31
       822.341
       822.328
       822.301
       822.258
       822.236
       822.242
       822.218
       822.089
       821.797
         821.4
       820.972
       820.473
       819.858
        819.02
       818.019
       816.963
       815.927
       814.968
       813.791
       812.406
        811.57
       810.248
       808.783
       807.144
       805.142
       803.053
       800.901
       798.802
       797.161
       795.692
       794.186
       792.671
       791.159
       789.662
       787.742
       785.724
       783.762
       781.875
       779.804
       777.759
       775.772
        773.97
       772.458
       771.032
       769.692
       768.285
       766.962
       765.459
       763.829
       762.285
       760.838
       759.497
       758.238
        757.06
       755.971
       754.964
       754.035
        753.18
       752.397
       751.689
       751.121
       759.748
       759.607
       750.678
       770.181
       770.181
        770.18
       770.179
       770.178
       770.176
       770.173
        770.17
       770.166
       770.162
       770.158
       770.153
       770.147
        770.14
       770.133
       770.126
       770.117
       770.108
       770.097
       770.086
       770.074
       770.061
       770.047
       770.032
       770.015
       769.998
       769.978
       769.958
       769.936
       769.912
       769.887
        769.86
       769.831
       769.801
       769.768
       769.734
       769.697
       769.659
       769.618
       769.575
        769.53
       769.483
       769.434
       769.383
        769.33
       769.276
       769.219
       769.161
       769.102
       769.042
       768.982
       768.921
        768.86
       768.801
       768.742
       768.686
       768.633
       768.584
        768.54
       768.501
        768.47
       768.447
       768.765
       769.098
       769.448
       769.708
       769.991
       770.297
       770.625
       770.983
       771.373
       771.737
       772.138
       772.582
       773.117
       773.699
       774.328
       775.039
       775.806
       776.633
       777.536
       778.504
       779.531
       780.313
       781.071
       781.795
        782.19
       782.565
       782.926
       783.394
       783.842
       784.322
       785.003
       785.662
       786.334
       787.043
       787.734
       788.408
       788.965
       789.477
       789.941
       790.313
       790.655
       790.953
        791.19
       791.404
       791.526
       791.596
       791.646
        791.67
       791.668
       791.622
        791.57
       791.499
       791.449
       791.443
        791.43
       791.311
       791.011
       790.607
       790.189
        789.71
       789.113
       788.266
       787.247
       786.189
       785.188
       784.314
       783.198
       781.849
       781.212
       779.992
       778.617
       777.045
        775.04
       772.947
       770.792
       768.724
       767.247
       765.997
       764.709
        763.41
       762.113
       760.828
       759.006
       757.053
       755.157
        753.34
       751.272
       749.218
       747.215
       745.423
       743.975
       742.612
       741.336
       739.956
       738.659
       737.115
       735.392
       733.755
       732.218
       730.793
       729.448
       728.186
       727.015
       725.926
       724.913
       723.974
       723.105
        722.31
       721.671
       732.528
       732.385
       721.215
       739.554
       739.554
       739.553
       739.552
       739.551
       739.549
       739.546
       739.543
        739.54
       739.536
       739.531
       739.526
        739.52
       739.514
       739.507
       739.499
       739.491
       739.481
       739.471
        739.46
       739.448
       739.435
       739.421
       739.405
       739.389
       739.371
       739.352
       739.331
       739.309
       739.285
       739.259
       739.232
       739.203
       739.172
       739.139
       739.103
       739.066
       739.027
       738.985
       738.941
       738.894
       738.846
       738.795
       738.742
       738.686
       738.628
       738.569
       738.507
       738.444
        738.38
       738.314
       738.248
       738.181
       738.115
       738.049
       737.984
       737.922
       737.863
       737.807
       737.757
       737.713
       737.676
       738.044
       738.427
       738.826
       739.114
       739.423
       739.755
       740.108
        740.49
       740.903
       741.277
       741.689
       742.143
       742.697
       743.298
       743.946
       744.681
       745.473
       746.325
       747.256
       748.254
       749.314
       750.083
       750.828
       751.541
       751.863
       752.165
       752.456
       752.879
       753.284
        753.73
       754.421
        755.09
       755.781
        756.52
       757.241
       757.946
       758.514
       759.029
       759.492
        759.85
       760.177
       760.459
       760.669
       760.856
       760.938
        760.96
       760.967
       760.954
       760.918
       760.841
       760.764
       760.663
        760.58
       760.561
       760.572
       760.468
       760.165
       759.757
       759.352
       758.895
       758.319
       757.467
        756.43
       755.372
       754.409
       753.623
        752.57
       751.258
       750.822
       749.704
       748.418
       746.914
       744.906
       742.808
       740.651
       738.612
       737.298
       736.267
       735.196
       734.112
       733.027
       731.954
        730.23
       728.339
       726.508
       724.759
       722.696
       720.631
       718.613
       716.832
       715.446
       714.147
       712.936
       711.583
       710.311
       708.727
       706.911
        705.18
       703.553
       702.043
       700.613
       699.266
       698.011
       696.839
       695.741
       694.717
       693.759
       692.876
       692.164
       705.259
       705.115
       691.695
       708.957
       708.957
       708.957
       708.956
       708.954
       708.952
        708.95
       708.947
       708.944
        708.94
       708.935
        708.93
       708.924
       708.918
       708.911
       708.903
       708.895
       708.886
       708.876
       708.865
       708.852
       708.839
       708.825
        708.81
       708.793
       708.775
       708.756
       708.735
       708.713
       708.688
       708.663
       708.635
       708.605
       708.574
        708.54
       708.504
       708.465
       708.425
       708.382
       708.336
       708.288
       708.238
       708.184
       708.129
        708.07
       708.009
       707.946
       707.881
       707.813
       707.743
       707.672
       707.599
       707.525
        707.45
       707.376
       707.302
       707.229
       707.158
        707.09
       707.025
       706.966
       706.912
       707.328
        707.76
       708.205
       708.517
        708.85
       709.205
       709.579
       709.982
       710.416
       710.797
       711.216
       711.677
       712.246
       712.863
       713.526
       714.282
       715.094
       715.968
       716.925
        717.95
       719.038
       719.791
       720.523
       721.222
       721.468
       721.697
       721.916
       722.293
       722.652
       723.063
       723.765
       724.444
       725.153
       725.921
       726.673
       727.408
       727.986
       728.504
       728.966
       729.309
       729.624
       729.889
       730.072
       730.232
       730.272
       730.248
       730.212
       730.161
       730.089
       729.982
       729.886
       729.757
       729.646
       729.624
       729.652
       729.564
        729.26
       728.849
        728.46
       728.029
       727.476
        726.62
       725.569
       724.513
       723.588
       722.892
       721.903
       720.629
       720.396
       719.381
       718.186
       716.749
       714.738
       712.634
       710.474
       708.464
       707.311
         706.5
       705.646
       704.775
       703.902
        703.04
       701.411
       699.583
       697.815
       696.135
       694.075
           692
       689.966
       688.196
       686.873
       685.639
       684.493
       683.166
       681.922
       680.297
       678.387
       676.563
       674.845
        673.25
       671.734
         670.3
       668.961
       667.704
        666.52
       665.407
        664.36
       663.387
         662.6
       677.941
       677.795
       662.117
       678.386
       678.386
       678.386
       678.385
       678.384
       678.382
       678.379
       678.377
       678.373
       678.369
       678.365
        678.36
       678.354
       678.348
       678.341
       678.333
       678.325
       678.316
       678.306
       678.295
       678.283
        678.27
       678.255
        678.24
       678.223
       678.205
       678.186
       678.165
       678.142
       678.118
       678.091
       678.063
       678.033
       678.001
       677.966
       677.929
        677.89
       677.848
       677.804
       677.757
       677.707
       677.654
       677.598
        677.54
       677.478
       677.414
       677.346
       677.276
       677.203
       677.128
        677.05
        676.97
       676.888
       676.804
        676.72
       676.635
        676.55
       676.466
       676.383
       676.303
       676.226
       676.154
       676.616
       677.093
       677.582
       677.916
       678.269
       678.645
       679.037
       679.458
       679.909
       680.294
       680.717
       681.181
       681.763
       682.392
       683.067
       683.839
       684.669
       685.561
       686.539
       687.587
       688.697
       689.434
       690.151
       690.835
       691.004
       691.158
       691.303
       691.633
       691.946
       692.321
       693.032
       693.721
       694.447
       695.245
       696.027
       696.793
       697.379
       697.901
       698.361
       698.691
       698.993
       699.242
       699.398
        699.53
        699.53
       699.458
       699.381
       699.293
       699.189
       699.056
       698.938
       698.784
       698.652
       698.625
        698.67
         698.6
       698.296
       697.885
       697.514
        697.11
       696.583
       695.725
       694.661
       693.609
       692.724
       692.119
       691.195
       689.961
       689.931
        689.02
       687.916
       686.547
       684.532
       682.422
       680.258
       678.275
       677.284
       676.692
       676.055
       675.398
       674.736
       674.083
        672.55
       670.784
       669.079
       667.466
        665.41
       663.325
       661.275
       659.516
       658.258
       657.088
       656.008
       654.709
       653.492
       651.828
       649.824
       647.905
       646.097
       644.416
       642.814
       641.292
       639.866
       638.522
        637.25
       636.047
       634.907
       633.841
       632.979
       650.574
       650.425
       632.479
       647.836
       647.836
       647.836
       647.835
       647.834
       647.832
        647.83
       647.827
       647.824
        647.82
       647.815
        647.81
       647.805
       647.799
       647.792
       647.784
       647.776
       647.767
       647.757
       647.746
       647.734
       647.721
       647.706
       647.691
       647.674
       647.656
       647.637
       647.615
       647.593
       647.568
       647.541
       647.513
       647.482
       647.449
       647.414
       647.376
       647.336
       647.293
       647.247
       647.198
       647.146
       647.091
       647.033
       646.971
       646.906
       646.837
       646.766
        646.69
       646.612
        646.53
       646.445
       646.357
       646.266
       646.172
       646.077
        645.98
       645.882
       645.783
       645.684
       645.586
       645.491
       645.398
       645.904
       646.423
       646.954
       647.308
       647.679
       648.072
        648.48
       648.915
        649.38
       649.766
       650.189
       650.653
       651.245
       651.883
       652.566
       653.352
       654.196
       655.102
       656.099
       657.165
       658.292
        659.01
       659.711
       660.378
       660.469
       660.545
       660.615
       660.897
       661.162
         661.5
       662.219
       662.918
       663.662
       664.489
       665.301
       666.097
       666.692
       667.216
       667.675
       667.992
       668.283
       668.514
       668.644
       668.751
       668.709
        668.59
       668.474
       668.351
       668.219
       668.061
        667.92
       667.744
       667.593
       667.556
       667.625
       667.574
       667.274
       666.865
       666.514
       666.139
        665.64
       664.782
       663.706
       662.659
       661.815
       661.302
       660.443
        659.25
       659.425
       658.619
       657.606
       656.305
       654.286
       652.169
       649.999
       648.044
       647.213
       646.839
       646.419
       645.976
       645.525
       645.083
       643.645
        641.94
       640.299
       638.754
       636.701
       634.606
       632.541
       630.793
         629.6
       628.496
       627.483
       626.213
       625.024
        623.32
       621.223
       619.211
       617.311
       615.544
       613.854
       612.244
        610.73
       609.296
       607.932
       606.637
       605.401
       604.239
       603.299
       623.156
       623.005
       602.779
       617.302
       617.302
       617.302
       617.301
         617.3
       617.298
       617.296
       617.293
        617.29
       617.286
       617.282
       617.277
       617.271
       617.265
       617.258
       617.251
       617.243
       617.234
       617.224
       617.213
       617.201
       617.188
       617.174
       617.158
       617.141
       617.123
       617.104
       617.082
       617.059
       617.034
       617.007
       616.978
       616.947
       616.914
       616.878
       616.839
       616.797
       616.753
       616.706
       616.655
       616.601
       616.543
       616.482
       616.417
       616.349
       616.276
       616.199
       616.119
       616.034
       615.945
       615.853
       615.756
       615.655
       615.551
       615.444
       615.334
       615.221
       615.106
        614.99
       614.873
       614.757
       614.641
       615.189
       615.749
        616.32
        616.69
       617.077
       617.484
       617.904
       618.352
       618.828
       619.212
       619.633
       620.094
       620.691
       621.335
       622.022
       622.819
       623.674
       624.591
       625.601
       626.683
       627.826
       628.518
       629.199
       629.848
       629.858
       629.855
       629.849
       630.081
       630.297
       630.597
       631.325
       632.033
       632.793
        633.65
       634.492
       635.318
       635.921
       636.448
       636.906
       637.212
       637.492
       637.705
       637.809
        637.89
       637.806
       637.643
       637.489
       637.334
       637.176
       636.996
       636.837
        636.64
        636.47
       636.425
       636.518
       636.489
       636.193
       635.789
        635.46
       635.116
       634.646
       633.789
       632.702
       631.661
        630.86
       630.439
       629.647
       628.494
       628.876
       628.176
       627.254
       626.021
       623.997
       621.871
       619.696
       617.767
       617.096
       616.941
       616.736
       616.507
       616.269
       616.037
       614.696
       613.051
       611.474
       609.996
       607.947
       605.843
       603.763
       602.028
       600.901
       599.864
       598.919
       597.679
       596.519
       594.777
       592.587
       590.482
       588.491
       586.637
       584.859
       583.158
       581.553
       580.028
       578.569
       577.176
       575.841
       574.579
       573.558
       595.686
        595.53
       573.013
       586.779
       586.779
       586.779
       586.778
       586.777
       586.775
       586.773
        586.77
       586.767
       586.763
       586.759
       586.754
       586.749
       586.743
       586.736
       586.729
        586.72
       586.712
       586.702
       586.691
       586.679
       586.666
       586.652
       586.637
        586.62
       586.602
       586.582
       586.561
       586.537
       586.512
       586.485
       586.456
       586.424
        586.39
       586.353
       586.313
       586.271
       586.225
       586.176
       586.123
       586.067
       586.007
       585.943
       585.875
       585.802
       585.725
       585.644
       585.558
       585.466
        585.37
       585.269
       585.164
       585.053
       584.937
       584.817
       584.693
       584.565
       584.433
       584.298
        584.16
       584.021
       583.881
       584.469
       585.068
       585.676
        586.06
        586.46
       586.879
        587.31
       587.766
       588.251
        588.63
       589.045
       589.499
         590.1
       590.746
       591.435
       592.239
       593.101
       594.025
       595.046
       596.137
       597.288
       597.945
       598.612
       599.242
        599.17
       599.086
       599.001
       599.182
       599.348
       599.609
       600.344
       601.061
       601.838
       602.725
       603.597
       604.452
       605.063
       605.594
       606.053
       606.348
       606.616
       606.813
       606.891
       606.946
       606.821
       606.615
       606.425
       606.241
       606.057
       605.859
       605.686
       605.471
       605.285
       605.237
        605.35
       605.344
       605.055
       604.657
       604.352
       604.041
       603.601
       602.746
        601.65
       600.615
       599.857
       599.529
       598.804
       597.694
       598.283
       597.688
       596.858
       595.693
       593.663
       591.529
       589.347
       587.442
       586.933
       586.996
       587.006
       586.991
       586.965
       586.945
         585.7
       584.117
       582.602
       581.193
       579.148
       577.035
       574.942
       573.221
       572.161
       571.194
       570.318
        569.11
        567.98
       566.201
        563.92
       561.722
        559.64
       557.699
       555.831
       554.038
        552.34
       550.719
       549.161
       547.666
       546.226
        544.86
       543.752
        568.16
       567.999
       543.175
       556.262
       556.262
       556.261
       556.261
       556.259
       556.258
       556.256
       556.253
        556.25
       556.246
       556.242
       556.238
       556.232
       556.226
        556.22
       556.213
       556.205
       556.196
       556.186
       556.175
       556.164
       556.151
       556.137
       556.121
       556.105
       556.087
       556.067
       556.045
       556.022
       555.997
       555.969
        555.94
       555.907
       555.873
       555.835
       555.794
       555.751
       555.704
       555.653
       555.599
        555.54
       555.478
       555.411
       555.339
       555.263
       555.181
       555.095
       555.003
       554.905
       554.801
       554.692
       554.577
       554.455
       554.328
       554.194
       554.055
        553.91
        553.76
       553.605
       553.445
       553.282
       553.116
       553.741
       554.377
        555.02
       555.416
       555.827
       556.256
       556.694
       557.157
       557.647
       558.018
       558.424
       558.869
       559.469
       560.115
       560.803
       561.611
       562.477
       563.405
       564.432
       565.529
       566.684
       567.308
       567.951
       568.558
       568.401
       568.233
       568.068
       568.196
       568.311
       568.532
       569.275
           570
       570.794
       571.711
       572.613
       573.497
       574.116
       574.651
       575.111
       575.397
       575.654
       575.835
       575.887
       575.916
       575.752
       575.504
        575.28
       575.069
       574.862
       574.651
       574.466
       574.236
       574.035
       573.984
       574.114
       574.139
        573.86
        573.47
        573.19
       572.913
       572.505
       571.653
       570.549
       569.521
       568.806
       568.573
       567.917
       566.849
       567.646
       567.156
       566.417
       565.319
       563.283
       561.139
        558.95
        557.07
       556.721
       557.001
       557.227
       557.426
       557.613
       557.805
       556.656
       555.135
       553.684
       552.344
       550.304
       548.183
       546.077
       544.371
       543.381
       542.484
       541.681
       540.506
        539.41
       537.595
       535.224
       532.934
       530.762
       528.734
       526.776
       524.888
       523.094
       521.373
       519.711
       518.108
       516.556
       515.079
       513.877
       540.574
       540.406
       513.259
       525.746
       525.746
       525.746
       525.745
       525.744
       525.742
        525.74
       525.737
       525.734
       525.731
       525.727
       525.722
       525.717
       525.711
       525.705
       525.698
        525.69
       525.681
       525.672
       525.661
        525.65
       525.637
       525.623
       525.608
       525.591
       525.573
       525.553
       525.532
       525.509
       525.483
       525.455
       525.425
       525.393
       525.358
       525.319
       525.278
       525.233
       525.185
       525.133
       525.076
       525.016
       524.951
       524.881
       524.806
       524.726
        524.64
       524.548
        524.45
       524.346
       524.234
       524.116
       523.991
       523.859
       523.719
       523.571
       523.416
       523.254
       523.085
       522.908
       522.726
       522.537
       522.343
       523.004
       523.675
       524.351
       524.757
       525.176
       525.612
       526.055
       526.522
       527.015
       527.374
       527.769
       528.202
       528.799
        529.44
       530.124
       530.933
       531.799
       532.728
       533.759
       534.861
       536.018
       536.597
       537.211
       537.792
       537.547
       537.293
       537.046
        537.12
       537.182
       537.362
       538.112
       538.846
       539.657
       540.603
       541.535
       542.449
       543.077
       543.616
       544.079
       544.355
       544.601
       544.766
       544.793
       544.797
       544.594
       544.307
       544.053
       543.817
       543.593
        543.37
       543.177
       542.935
        542.72
        542.66
       542.818
       542.876
        542.61
       542.229
       541.975
       541.734
       541.359
       540.511
       539.398
       538.379
       537.709
       537.571
       536.983
       535.957
       536.961
       536.577
       535.929
       534.897
       532.855
       530.701
       528.503
       526.647
       526.457
       526.954
       527.395
       527.808
       528.208
       528.614
       527.561
       526.102
       524.716
       523.446
       521.411
       519.283
       517.166
       515.478
        514.56
       513.737
       513.009
        511.87
        510.81
       508.962
       506.502
       504.123
       501.862
       499.748
       497.698
       495.714
       493.821
       491.995
       490.222
       488.503
       486.831
       485.233
       483.928
       512.926
       512.747
       483.254
       495.226
       495.226
       495.226
       495.225
       495.224
       495.223
       495.221
       495.218
       495.215
       495.212
       495.208
       495.203
       495.198
       495.193
       495.187
        495.18
       495.172
       495.163
       495.154
       495.144
       495.132
        495.12
       495.106
       495.091
       495.075
       495.057
       495.037
       495.016
       494.992
       494.967
       494.939
       494.909
       494.876
        494.84
       494.801
       494.759
       494.713
       494.664
        494.61
       494.552
        494.49
       494.422
        494.35
       494.272
       494.187
       494.097
           494
       493.896
       493.785
       493.666
       493.539
       493.404
        493.26
       493.108
       492.946
       492.775
       492.595
       492.405
       492.207
       491.999
       491.784
       491.561
       492.256
        492.96
       493.667
       494.081
       494.506
       494.947
       495.392
        495.86
       496.352
       496.698
       497.078
       497.496
       498.086
       498.721
       499.397
       500.204
       501.069
       501.996
       503.028
       504.129
       505.285
       505.809
       506.384
       506.939
       506.603
       506.261
       505.929
       505.947
       505.956
       506.095
       506.853
       507.595
       508.423
       509.399
        510.36
       511.303
       511.941
       512.485
       512.953
       513.219
       513.454
       513.604
       513.607
       513.585
       513.346
       513.022
       512.739
       512.482
       512.245
       512.015
       511.818
       511.569
       511.347
       511.291
       511.476
       511.563
       511.307
       510.936
       510.709
       510.504
       510.162
       509.319
       508.198
       507.188
       506.563
       506.521
       506.002
       505.017
       506.229
        505.95
       505.392
       504.427
       502.377
       500.212
       498.004
       496.171
        496.14
       496.853
       497.509
       498.137
       498.749
       499.367
        498.41
       497.013
       495.694
       494.497
        492.47
       490.336
        488.21
       486.541
       485.699
       484.953
       484.303
       483.204
       482.182
       480.305
        477.76
       475.293
       472.945
       470.745
       468.603
       466.522
       464.525
       462.589
       460.699
       458.854
       457.051
       455.319
       453.898
       485.207
       485.014
       453.148
       464.698
       464.698
       464.698
       464.697
       464.696
       464.695
       464.693
        464.69
       464.687
       464.684
        464.68
       464.676
       464.671
       464.666
        464.66
       464.653
       464.646
       464.637
       464.628
       464.618
       464.607
       464.595
       464.581
       464.566
        464.55
       464.532
       464.513
       464.492
       464.468
       464.443
       464.415
       464.385
       464.351
       464.315
       464.276
       464.233
       464.187
       464.136
       464.081
       464.022
       463.957
       463.888
       463.812
       463.731
       463.643
       463.549
       463.447
       463.337
       463.219
       463.093
       462.957
       462.812
       462.657
       462.492
       462.315
       462.128
       461.929
       461.719
       461.497
       461.265
       461.021
       460.767
       461.496
       462.231
       462.967
       463.386
       463.815
       464.258
       464.702
       465.169
       465.658
       465.988
        466.35
        466.75
       467.331
       467.956
       468.622
       469.424
       470.284
       471.206
       472.237
       473.337
       474.487
       474.946
       475.472
       475.996
       475.565
       475.131
       474.713
       474.674
       474.629
       474.728
       475.493
       476.243
       477.087
       478.093
       479.084
       480.057
       480.704
       481.256
       481.728
       481.986
        482.21
       482.344
       482.322
       482.276
       482.003
       481.644
       481.334
       481.057
       480.811
       480.583
        480.39
        480.14
       479.917
       479.871
       480.085
       480.199
       479.954
       479.592
       479.393
       479.223
       478.915
       478.077
        476.95
       475.948
       475.369
       475.422
       474.972
       474.028
       475.448
       475.274
       474.806
       473.906
       471.847
       469.669
       467.451
       465.638
       465.765
       466.694
       467.565
       468.406
       469.231
       470.061
         469.2
       467.866
       466.614
       465.491
       463.474
       461.337
       459.204
       457.559
       456.796
       456.131
       455.563
       454.509
        453.53
       451.627
       449.001
       446.451
       444.018
       441.734
       439.502
       437.321
       435.217
       433.165
       431.147
       429.165
       427.216
       425.333
       423.779
       457.408
       457.197
       422.922
       434.156
       434.156
       434.156
       434.156
       434.155
       434.153
       434.151
       434.149
       434.146
       434.143
        434.14
       434.135
       434.131
       434.126
        434.12
       434.113
       434.106
       434.098
       434.089
       434.079
       434.068
       434.056
       434.043
       434.029
       434.013
       433.995
       433.976
       433.955
       433.932
       433.906
       433.879
       433.848
       433.815
       433.779
       433.739
       433.696
       433.648
       433.597
       433.541
        433.48
       433.414
       433.342
       433.265
        433.18
       433.089
        432.99
       432.884
       432.769
       432.645
       432.511
       432.367
       432.212
       432.046
       431.868
       431.677
       431.473
       431.255
       431.024
       430.779
        430.52
       430.247
       429.961
       430.721
       431.485
       432.249
       432.671
       433.102
       433.544
       433.986
       434.448
       434.932
       435.242
       435.583
       435.962
       436.531
       437.144
       437.796
        438.59
       439.443
       440.359
       441.386
       442.484
        443.63
       444.029
        444.49
        444.96
       444.428
       443.898
        443.39
       443.293
       443.193
       443.256
       444.028
       444.785
       445.646
       446.681
       447.702
       448.706
       449.364
       449.924
       450.402
       450.651
       450.864
       450.982
       450.934
       450.865
       450.559
       450.168
       449.837
       449.545
       449.298
       449.076
       448.892
       448.646
       448.427
       448.397
       448.643
       448.785
        448.55
       448.197
       448.025
       447.892
       447.618
       446.786
       445.651
       444.659
       444.125
       444.275
       443.893
       442.989
       444.617
       444.547
       444.169
       443.334
       441.264
       439.072
        436.84
       435.047
        435.33
       436.474
       437.558
       438.611
       439.648
       440.691
       439.926
       438.656
       437.472
       436.426
        434.42
       432.282
       430.147
       428.529
        427.85
       427.271
       426.791
       425.786
       424.856
       422.933
       420.231
       417.601
       415.089
       412.725
       410.403
       408.122
       405.908
       403.732
       401.576
       399.442
       397.328
       395.272
       393.559
       429.518
       429.283
       392.554
       403.597
       403.597
       403.596
       403.596
       403.595
       403.593
       403.592
        403.59
       403.587
       403.584
       403.581
       403.577
       403.572
       403.567
       403.562
       403.555
       403.548
       403.541
       403.532
       403.522
       403.512
         403.5
       403.488
       403.473
       403.458
       403.441
       403.422
       403.401
       403.378
       403.353
       403.325
       403.295
       403.262
       403.225
       403.186
       403.142
       403.094
       403.042
       402.985
       402.923
       402.856
       402.782
       402.702
       402.615
       402.521
       402.419
       402.308
       402.188
       402.058
       401.917
       401.765
       401.601
       401.424
       401.234
       401.028
       400.808
       400.572
       400.319
        400.05
       399.764
       399.461
       399.141
       399.931
       400.723
       401.512
       401.936
       402.365
       402.805
       403.241
       403.696
       404.171
       404.459
       404.777
       405.131
       405.685
       406.282
       406.917
       407.701
       408.544
        409.45
       410.475
       411.573
       412.719
       413.063
       413.462
        413.87
       413.224
       412.594
       411.994
       411.833
       411.673
       411.683
       412.456
       413.218
       414.091
       415.157
        416.21
       417.245
       417.914
       418.485
        418.97
        419.21
       419.412
       419.512
       419.437
       419.346
       419.009
       418.589
       418.241
       417.943
       417.702
        417.49
       417.321
       417.087
       416.879
       416.869
        417.15
       417.321
       417.096
       416.752
       416.608
       416.512
       416.272
       415.445
       414.304
       413.321
       412.832
       413.078
       412.763
         411.9
       413.736
        413.77
        413.48
       412.709
       410.628
       408.419
       406.172
       404.396
       404.833
       406.189
       407.484
       408.749
       409.997
       411.253
       410.585
       409.379
       408.264
       407.295
       405.303
        403.17
       401.036
        399.45
        398.86
       398.373
       397.987
       397.037
       396.162
       394.225
       391.454
       388.753
       386.167
       383.727
       381.319
       378.939
       376.613
       374.307
       372.001
       369.698
       367.395
       365.136
       363.231
       401.519
       401.255
       362.015
       373.014
       373.014
       373.013
       373.013
       373.012
       373.011
       373.009
       373.007
       373.005
       373.002
       372.999
       372.995
       372.991
       372.986
        372.98
       372.974
       372.968
        372.96
       372.952
       372.943
       372.933
       372.922
       372.909
       372.896
       372.881
       372.864
       372.845
       372.825
       372.803
       372.778
       372.751
       372.721
       372.687
       372.651
       372.611
       372.567
       372.519
       372.467
       372.409
       372.346
       372.277
       372.202
       372.121
       372.032
       371.935
       371.829
       371.715
        371.59
       371.455
       371.308
       371.149
       370.976
       370.789
       370.587
       370.368
       370.131
       369.877
       369.603
       369.309
       368.995
       368.661
       368.307
       369.126
       369.944
       370.756
       371.178
       371.604
       372.038
       372.466
       372.912
       373.376
       373.638
        373.93
       374.257
       374.791
       375.368
       375.984
       376.755
       377.585
       378.476
       379.498
         380.6
       381.757
       382.055
       382.409
       382.771
       382.021
       381.292
       380.596
       380.365
       380.131
       380.074
       380.829
       381.576
        382.45
       383.535
       384.609
        385.67
       386.349
       386.933
       387.428
       387.659
       387.848
       387.928
       387.824
        387.71
       387.343
       386.898
        386.54
       386.244
       386.016
       385.823
       385.676
       385.463
       385.274
       385.292
       385.609
       385.808
       385.592
       385.257
       385.141
       385.081
       384.877
       384.056
       382.908
       381.934
        381.49
       381.831
       381.584
        380.76
       382.804
        382.94
       382.739
       382.032
       379.938
       377.712
       375.447
       373.685
       374.273
       375.839
       377.342
       378.815
       380.274
       381.742
        381.17
       380.028
       378.985
       378.095
       376.121
       373.995
       371.867
       370.318
       369.823
       369.434
       369.149
       368.262
        367.45
       365.508
       362.677
       359.913
       357.262
       354.755
       352.266
        349.79
        347.35
       344.909
       342.441
       339.948
       337.428
       334.927
       332.783
       373.392
       373.091
       331.269
       342.403
       342.403
       342.402
       342.402
       342.401
         342.4
       342.398
       342.397
       342.394
       342.392
       342.389
       342.385
       342.381
       342.377
       342.371
       342.366
       342.359
       342.352
       342.345
       342.336
       342.326
       342.316
       342.304
       342.291
       342.276
        342.26
       342.242
       342.222
         342.2
       342.176
       342.149
        342.12
       342.087
       342.051
       342.011
       341.967
       341.919
       341.866
       341.808
       341.744
       341.675
       341.599
       341.516
       341.425
       341.326
       341.218
         341.1
       340.971
       340.832
       340.679
       340.514
       340.333
       340.137
       339.924
       339.692
       339.441
       339.169
       338.874
       338.556
       338.214
       337.848
       337.458
       338.304
       339.147
       339.979
       340.398
       340.818
       341.244
       341.662
       342.094
       342.544
       342.779
       343.042
       343.338
       343.848
       344.402
       344.995
       345.751
       346.568
       347.456
       348.479
       349.587
       350.748
       351.007
       351.325
       351.653
        350.81
       349.986
       349.195
       348.894
       348.585
       348.463
       349.197
       349.924
       350.788
       351.871
       352.946
       354.017
       354.695
        355.28
       355.777
           356
        356.17
       356.223
       356.087
       355.947
       355.549
       355.082
       354.721
       354.437
       354.235
        354.07
       353.958
       353.775
       353.616
       353.673
        354.03
       354.245
       354.037
       353.711
       353.623
       353.602
       353.433
       352.618
       351.464
       350.498
       350.099
       350.535
       350.354
       349.568
       351.819
       352.059
       351.946
       351.301
       349.194
       346.949
       344.665
       342.913
       343.648
       345.419
       347.127
       348.806
       350.473
       352.152
       351.676
       350.598
       349.626
       348.819
       346.865
       344.751
       342.634
       341.129
       340.736
       340.453
       340.277
       339.462
       338.722
       336.785
       333.905
        331.09
       328.387
       325.823
       323.263
       320.698
       318.147
       315.566
       312.924
       310.219
       307.447
       304.657
       302.212
        345.11
       344.764
        300.28
       311.759
       311.759
       311.759
       311.758
       311.757
       311.756
       311.755
       311.753
       311.751
       311.749
       311.746
       311.742
       311.739
       311.734
        311.73
       311.724
       311.719
       311.712
       311.705
       311.696
       311.687
       311.677
       311.666
       311.653
       311.639
       311.624
       311.607
       311.588
       311.566
       311.543
       311.517
       311.488
       311.455
        311.42
        311.38
       311.337
       311.289
       311.236
       311.178
       311.114
       311.044
       310.967
       310.882
        310.79
        310.69
       310.579
       310.459
       310.328
       310.184
       310.028
       309.857
        309.67
       309.466
       309.243
           309
       308.735
       308.446
       308.132
       307.791
       307.421
       307.023
       306.595
       307.467
       308.332
       309.183
       309.596
       310.007
       310.422
       310.826
       311.244
       311.672
       311.878
       312.111
       312.378
       312.869
       313.412
       313.996
        314.75
       315.568
       316.457
        317.48
       318.585
       319.747
       319.964
       320.248
       320.545
       319.609
       318.693
        317.81
       317.439
       317.057
       316.867
       317.574
       318.273
       319.118
       320.195
       321.274
       322.351
       323.013
       323.571
       324.046
       324.235
       324.373
       324.391
       324.216
       324.044
        323.61
       323.124
       322.769
       322.514
       322.357
       322.231
       322.165
       322.025
       321.906
       322.008
       322.384
       322.622
       322.425
       322.111
       322.055
       322.073
       321.942
       321.134
       319.972
       319.016
        318.66
       319.189
       319.074
       318.325
       320.783
       321.125
         321.1
       320.518
       318.397
       316.132
       313.826
        312.08
       312.958
       314.929
       316.836
       318.716
       320.587
       322.476
       322.093
        321.08
       320.182
       319.461
       317.532
       315.434
       313.334
       311.879
       311.596
       311.427
       311.369
       310.635
       309.979
        308.06
       305.145
       302.294
       299.554
       296.949
       294.333
        291.69
       289.036
       286.315
        283.49
       280.551
       277.488
       274.351
       271.524
       316.641
       316.244
        269.01
       281.077
       281.077
       281.077
       281.077
       281.076
       281.075
       281.074
       281.072
        281.07
       281.068
       281.065
       281.062
       281.059
       281.055
        281.05
       281.046
        281.04
       281.034
       281.027
       281.019
       281.011
       281.001
       280.991
       280.979
       280.966
       280.951
       280.935
       280.917
       280.896
       280.873
       280.848
        280.82
       280.788
       280.753
       280.714
       280.671
       280.624
       280.571
       280.513
       280.449
       280.379
       280.301
       280.217
       280.124
       280.022
       279.911
       279.789
       279.655
       279.509
       279.349
       279.174
       278.983
       278.773
       278.542
        278.29
       278.013
       277.709
       277.377
       277.013
       276.616
       276.184
       275.719
       276.615
         277.5
       278.369
        278.77
       279.168
        279.57
        279.96
       280.364
       280.786
       280.973
        281.19
       281.441
        281.93
       282.464
       283.037
       283.785
       284.597
       285.482
       286.503
       287.608
        288.77
       288.943
        289.19
       289.454
       288.426
       287.421
        286.45
       286.014
       285.563
       285.307
       285.988
       286.656
       287.472
       288.533
       289.604
       290.675
       291.309
       291.827
       292.247
       292.373
       292.452
        292.42
       292.197
       291.986
         291.5
       290.995
       290.661
       290.463
       290.376
       290.299
       290.295
       290.218
       290.147
       290.271
       290.665
       290.931
       290.751
       290.457
       290.436
       290.497
       290.404
       289.604
       288.437
       287.488
       287.174
       287.796
       287.744
       287.031
       289.694
       290.138
       290.201
       289.683
       287.548
       285.263
       282.933
        281.19
       282.203
       284.367
       286.465
       288.539
       290.608
       292.704
       292.412
       291.463
       290.641
        290.01
       288.111
       286.036
       283.959
       282.561
       282.396
       282.351
        282.42
       281.779
        281.22
       279.333
         276.4
       273.533
       270.777
       268.153
       265.503
       262.802
       260.058
       257.205
       254.194
       251.003
       247.608
       244.056
       240.746
       287.947
       287.493
       237.435
       250.352
       250.353
       250.353
       250.352
       250.352
       250.351
        250.35
       250.348
       250.346
       250.344
       250.342
       250.339
       250.336
       250.333
       250.329
       250.324
       250.319
       250.313
       250.307
         250.3
       250.292
       250.284
       250.274
       250.263
       250.251
       250.237
       250.221
       250.204
       250.185
       250.163
       250.139
       250.111
       250.081
       250.047
       250.008
       249.966
       249.919
       249.867
       249.809
       249.745
       249.675
       249.598
       249.513
        249.42
       249.318
       249.206
       249.083
       248.949
       248.801
        248.64
       248.462
       248.268
       248.053
       247.818
       247.559
       247.273
       246.957
       246.608
       246.224
       245.802
       245.335
       244.831
       245.749
       246.653
       247.541
       247.936
       248.335
       248.738
       249.128
       249.533
       249.956
       250.126
       250.325
       250.558
       251.037
       251.558
       252.116
       252.853
       253.655
       254.529
       255.543
       256.644
       257.805
       257.934
       258.144
       258.377
        257.26
       256.172
        255.12
       254.625
       254.108
        253.79
       254.447
       255.085
       255.871
       256.907
        257.95
       258.995
       259.588
        260.06
        260.42
       260.464
       260.467
       260.362
       260.069
       259.796
       259.303
       258.834
       258.538
       258.391
       258.369
       258.379
        258.43
       258.375
       258.312
       258.436
       258.859
       259.159
       259.015
       258.748
       258.769
       258.877
       258.824
       258.033
       256.859
       255.918
       255.647
        256.36
       256.368
       255.687
       258.554
       259.099
       259.251
       258.798
       256.653
       254.349
       251.995
        250.25
        251.39
       253.734
        256.01
       258.265
       260.524
       262.821
       262.618
       261.732
       260.989
       260.454
       258.591
       256.547
       254.501
        253.17
       253.133
       253.219
       253.426
        252.89
       252.441
       250.604
       247.674
       244.816
       242.071
       239.457
       236.801
       234.071
       231.263
       228.298
       225.109
       221.655
       217.894
       213.856
       209.942
        258.99
       258.474
       205.567
        219.58
       219.581
       219.581
        219.58
        219.58
       219.579
       219.578
       219.577
       219.575
       219.573
       219.571
       219.569
       219.566
       219.563
       219.559
       219.555
       219.551
       219.546
        219.54
       219.534
       219.527
       219.519
        219.51
         219.5
       219.488
       219.476
       219.462
       219.445
       219.427
       219.407
       219.384
       219.357
       219.328
       219.295
       219.258
       219.216
        219.17
       219.118
       219.061
       218.998
       218.928
       218.852
       218.767
       218.675
       218.573
       218.461
       218.338
       218.204
       218.056
       217.894
       217.717
       217.521
       217.304
       217.067
       216.805
       216.515
       216.189
       215.828
       215.428
       214.985
       214.495
       213.968
       214.922
       215.858
       216.771
       217.175
       217.574
       217.977
       218.364
       218.766
       219.185
       219.337
       219.517
       219.729
       220.192
       220.695
       221.231
        221.95
       222.732
       223.589
       224.591
       225.685
       226.843
       226.924
       227.099
       227.305
       226.109
       224.946
       223.822
       223.277
       222.702
       222.327
       222.963
        223.57
        224.32
       225.322
       226.319
       227.321
        227.86
       228.275
       228.568
       228.532
       228.458
       228.275
       227.922
       227.643
       227.174
        226.73
       226.472
       226.363
       226.394
       226.465
       226.562
       226.521
       226.449
       226.568
       227.005
       227.337
       227.223
       226.993
       227.058
       227.213
       227.203
       226.423
       225.245
       224.311
        224.08
        224.88
       224.944
        224.29
       227.357
       228.003
       228.247
       227.865
       225.715
         223.4
       221.025
       219.274
        220.53
       223.037
       225.472
       227.889
       230.322
        232.81
       232.689
       231.867
       231.207
       230.777
        228.96
       226.957
       224.955
         223.7
       223.799
       224.025
        224.38
       223.959
       223.637
       221.869
       218.968
       216.148
       213.449
       210.883
       208.263
       205.543
       202.712
        199.67
       196.329
       192.622
       188.475
       183.885
       179.235
       229.732
       229.153
       173.485
       188.756
       188.756
       188.756
       188.756
       188.755
       188.755
       188.754
       188.753
       188.751
        188.75
       188.748
       188.746
       188.743
       188.741
       188.737
       188.734
        188.73
       188.726
       188.721
       188.715
       188.709
       188.702
       188.694
       188.685
       188.675
       188.663
        188.65
       188.636
       188.619
         188.6
       188.578
       188.553
       188.525
       188.493
       188.457
       188.417
       188.371
       188.321
       188.264
       188.202
       188.133
       188.057
       187.974
       187.882
       187.781
        187.67
       187.549
       187.416
       187.268
       187.108
       186.933
       186.739
        186.52
       186.283
       186.025
       185.742
       185.421
       185.069
       184.677
       184.238
       183.747
       183.204
       184.192
       185.154
       186.089
       186.491
       186.887
       187.285
       187.667
       188.062
       188.474
       188.607
       188.763
       188.949
       189.391
        189.87
       190.378
       191.071
       191.826
       192.655
       193.636
       194.715
       195.867
       195.902
       196.045
       196.233
       194.966
       193.743
       192.562
       191.979
       191.357
       190.933
        191.55
       192.123
       192.831
        193.79
       194.734
        195.68
       196.139
        196.47
        196.69
       196.576
        196.42
       196.204
       195.859
       195.613
       195.153
       194.731
        194.49
       194.407
       194.468
       194.573
         194.7
       194.685
       194.621
       194.737
        195.18
       195.521
       195.416
       195.202
       195.305
       195.508
       195.543
       194.777
       193.598
       192.674
       192.482
       193.364
       193.477
       192.839
       196.099
       196.842
       197.179
       196.878
       194.738
       192.424
        190.04
       188.285
       189.642
       192.288
       194.852
       197.402
       199.985
        202.65
       202.603
       201.843
       201.273
       200.959
       199.203
       197.257
       195.313
       194.146
       194.389
       194.762
        195.27
       194.975
       194.795
       193.119
       190.276
       187.532
       184.923
       182.453
        179.92
       177.268
       174.471
       171.411
       167.973
       164.055
       159.535
       154.352
       148.839
       200.152
        199.51
       141.403
       157.874
       157.874
       157.874
       157.874
       157.873
       157.873
       157.872
       157.871
        157.87
       157.869
       157.867
       157.865
       157.863
       157.861
       157.858
       157.855
       157.852
       157.848
       157.844
       157.839
       157.834
       157.828
       157.821
       157.813
       157.804
       157.794
       157.783
        157.77
       157.755
       157.738
       157.717
       157.694
       157.668
       157.637
       157.602
       157.563
       157.519
       157.469
       157.414
       157.352
       157.284
        157.21
       157.128
       157.037
       156.937
       156.828
        156.71
       156.579
       156.431
       156.274
       156.106
       155.924
       155.725
       155.513
       155.281
       155.022
       154.731
       154.402
       154.028
       153.599
       153.108
        152.55
       153.567
       154.549
       155.496
       155.889
       156.275
       156.662
       157.032
       157.417
       157.819
       157.929
       158.061
       158.219
       158.638
       159.086
       159.557
       160.213
       160.928
       161.718
       162.666
       163.721
       164.862
        164.85
       164.966
       165.146
       163.826
       162.561
       161.343
       160.742
        160.09
       159.627
       160.226
       160.761
       161.418
       162.322
       163.202
       164.079
       164.446
       164.689
       164.829
       164.644
       164.479
        164.28
       163.949
       163.713
       163.264
       162.844
       162.623
       162.574
       162.677
        162.78
       162.913
       162.908
       162.849
       162.952
       163.378
       163.706
       163.583
       163.371
       163.511
        163.76
       163.844
       163.099
       161.927
       161.019
       160.867
       161.823
       161.971
       161.333
       164.772
       165.604
       166.039
       165.831
       163.721
       161.438
       159.067
        157.32
       158.764
       161.511
       164.159
       166.799
       169.496
       172.315
        172.33
        171.63
       171.158
       170.978
       169.303
       167.438
       165.572
       164.507
       164.899
       165.417
        166.08
       165.917
       165.895
       164.336
       161.587
       158.966
       156.501
       154.187
       151.806
       149.294
       146.612
       143.621
        140.18
       136.142
       131.322
       125.568
       119.105
       170.261
       169.558
       109.756
       126.929
       126.929
       126.929
       126.929
       126.929
       126.928
       126.928
       126.927
       126.926
       126.925
       126.924
       126.922
       126.921
       126.919
       126.917
       126.914
       126.912
       126.908
       126.905
       126.901
       126.897
       126.892
       126.886
        126.88
       126.872
       126.864
       126.854
       126.843
        126.83
       126.815
       126.797
       126.775
        126.75
       126.722
       126.688
        126.65
       126.607
       126.558
       126.504
       126.442
       126.376
       126.303
       126.224
       126.136
       126.033
       125.927
       125.815
       125.695
       125.567
       125.436
       125.296
       125.145
       124.981
       124.802
       124.604
       124.381
       124.126
       123.831
       123.487
        123.08
       122.595
       122.022
        123.06
       124.046
       124.991
       125.363
       125.729
       126.098
       126.453
       126.825
       127.216
       127.303
        127.41
       127.539
        127.93
       128.343
       128.768
       129.378
       130.039
       130.773
        131.67
       132.685
       133.803
       133.742
       133.837
       134.025
       132.675
       131.399
       130.176
       129.585
       128.924
       128.435
       129.017
       129.505
       130.098
       130.929
       131.727
       132.523
       132.794
       132.956
       133.047
       132.858
       132.717
       132.539
       132.219
       132.008
       131.564
       131.118
       130.893
       130.876
       130.989
       131.118
       131.252
       131.229
       131.152
       131.196
       131.583
        131.88
       131.717
       131.506
       131.676
       131.968
       132.102
        131.39
       130.242
       129.362
        129.25
       130.271
       130.436
       129.776
       133.362
       134.266
         134.8
       134.708
       132.669
       130.465
       128.154
       126.438
       127.947
       130.744
       133.411
       136.073
       138.826
       141.763
       141.824
       141.185
       140.825
       140.804
       139.242
       137.494
       135.738
        134.79
        135.33
       135.985
       136.791
       136.756
       136.903
       135.491
       132.882
       130.443
       128.189
       126.103
       123.951
       121.665
       119.199
         116.4
         113.1
       109.108
       104.157
       97.9714
       90.5807
       140.134
       139.374
       79.3465
       95.9168
        95.917
       95.9171
        95.917
       95.9169
       95.9166
       95.9161
       95.9156
       95.9149
       95.9141
       95.9131
        95.912
       95.9107
       95.9093
       95.9077
       95.9058
       95.9038
       95.9014
       95.8988
       95.8958
       95.8924
       95.8886
       95.8843
       95.8794
       95.8737
       95.8671
       95.8595
       95.8505
       95.8398
       95.8269
       95.8111
       95.7919
        95.769
       95.7419
       95.7099
       95.6724
       95.6301
        95.583
       95.5298
       95.4672
        95.401
       95.3314
       95.2574
       95.1784
       95.0944
        95.011
       94.9247
       94.8338
       94.7378
       94.6369
       94.5294
       94.4133
       94.2867
        94.147
       93.9904
        93.812
       93.6046
       93.3585
       93.0608
       92.6923
       92.2292
       91.6456
       92.6852
       93.6511
       94.5724
       94.9075
        95.244
       95.5897
       95.9229
       96.2774
       96.6553
       96.7229
        96.811
       96.9142
       97.2774
       97.6501
       98.0233
       98.5719
       99.1619
       99.8157
       100.634
        101.58
       102.655
       102.539
        102.62
       102.835
       101.491
       100.253
       99.0731
       98.5325
       97.8917
       97.3929
       97.9551
        98.384
       98.8918
       99.6243
       100.307
       101.008
       101.195
       101.311
       101.392
       101.202
       101.079
       100.928
       100.639
       100.464
       100.027
       99.5727
       99.3381
       99.2971
       99.3836
       99.5018
       99.6076
       99.5382
       99.3907
       99.3949
       99.7466
       100.028
       99.8413
       99.6177
       99.7971
       100.119
       100.306
       99.6467
       98.5545
        97.729
       97.6627
       98.7338
       98.8976
       98.1765
       101.844
       102.784
        103.41
       103.466
       101.567
       99.5363
       97.3751
       95.7402
       97.2849
       100.049
       102.638
       105.219
       107.932
       110.923
       111.015
       110.448
       110.223
       110.393
       108.996
       107.426
       105.831
       105.025
       105.699
       106.457
       107.373
       107.447
       107.767
       106.535
        104.13
       101.952
       99.9896
       98.2115
       96.3757
       94.4128
       92.2824
       89.8289
       86.8709
       83.1826
       78.4215
       72.1491
         64.09
       109.948
       109.152
       51.5419
       64.8321
       64.8323
       64.8324
       64.8324
       64.8323
       64.8321
       64.8318
       64.8314
        64.831
       64.8304
       64.8298
       64.8291
       64.8282
       64.8272
       64.8261
       64.8249
       64.8235
       64.8219
       64.8201
       64.8181
       64.8159
       64.8133
       64.8103
        64.807
       64.8031
       64.7986
       64.7932
       64.7868
        64.779
       64.7691
       64.7562
       64.7394
       64.7186
       64.6938
       64.6637
       64.6251
       64.5835
        64.539
       64.4904
       64.4362
       64.3873
       64.3388
       64.2886
       64.2359
       64.1808
       64.1245
       64.0662
       64.0052
       63.9411
       63.8732
       63.8006
       63.7222
       63.6367
       63.5413
       63.4332
       63.3082
       63.1595
       62.9783
       62.7501
       62.4515
       62.0446
       61.4707
       62.4762
       63.3734
       64.2294
       64.5105
       64.8084
       65.1231
       65.4298
       65.7624
       66.1274
       66.1866
       66.2686
       66.3563
       66.6918
       67.0216
       67.3355
        67.809
       68.3064
       68.8513
       69.5502
        70.378
       71.3675
        71.188
       71.2564
       71.5158
       70.2437
        69.125
       68.0643
       67.6265
       67.0486
        66.563
       67.0905
       67.4375
       67.8344
       68.4357
       68.9895
       69.5901
       69.7115
       69.7885
       69.8565
       69.6709
       69.5703
         69.45
       69.1947
       69.0549
       68.6442
          68.2
       67.9517
       67.8552
       67.8861
       67.9422
       67.9922
       67.8598
       67.6502
       67.6234
       67.9581
       68.2011
       67.9771
        67.714
       67.8582
       68.1772
        68.415
       67.8538
       66.8941
       66.1747
       66.1649
       67.2529
       67.3979
       66.5827
       70.1765
       71.0799
       71.7698
       72.0103
       70.3761
       68.6855
       66.8457
       65.4054
       66.9364
       69.5369
       71.9047
       74.2504
       76.7609
       79.6785
       79.7972
       79.3409
       79.2833
       79.6786
       78.5324
       77.2449
       75.9058
       75.2789
        76.044
       76.8336
       77.7854
       77.9228
       78.3932
       77.3879
       75.2887
       73.4844
       71.9122
       70.5262
       69.0892
       67.5481
       65.8789
       63.9447
       61.5782
       58.5563
       54.4998
       48.8299
       40.8397
       80.0522
        79.286
       28.5344
       33.6699
       33.6701
       33.6701
       33.6701
       33.6701
         33.67
       33.6699
       33.6697
       33.6694
       33.6692
       33.6688
       33.6685
        33.668
       33.6676
        33.667
       33.6664
       33.6657
       33.6649
        33.664
        33.663
       33.6618
       33.6605
        33.659
       33.6573
       33.6553
        33.653
       33.6503
       33.6469
       33.6426
       33.6368
       33.6281
       33.6129
       33.5943
       33.5729
       33.5481
       33.5184
       33.4944
       33.4711
       33.4467
        33.421
       33.3961
       33.3713
       33.3459
       33.3195
       33.2921
       33.2638
       33.2345
       33.2041
       33.1727
       33.1392
       33.1032
       33.0641
       33.0211
       32.9724
       32.9167
       32.8517
       32.7736
       32.6768
       32.5496
       32.3714
       32.0964
       31.6157
       32.4849
       33.2133
       33.9243
       34.1478
       34.4092
       34.6914
       34.9674
       35.2684
       35.6095
       35.6866
       35.7906
       35.8868
         36.19
       36.4732
       36.7271
       37.1082
       37.4919
        37.897
       38.4164
       39.0365
       39.8359
        39.617
       39.6639
       39.9422
       38.8881
       38.0366
       37.2174
       36.9281
       36.4717
       36.0483
       36.4817
       36.7121
       36.9706
        37.395
       37.7919
        38.253
        38.312
       38.3601
       38.4176
       38.2585
       38.1837
        38.092
       37.8767
       37.7683
       37.4144
       37.0244
       36.7807
       36.6343
       36.5822
       36.5423
        36.522
       36.3636
       36.1263
       36.0468
       36.2825
       36.4424
       36.1981
       35.9112
       35.9968
       36.2448
       36.4659
       36.0449
       35.3212
       34.8103
       34.8693
       35.8583
        36.006
       35.1956
       38.2746
       39.0229
       39.6982
       40.1275
        39.002
       37.9421
       36.7479
       35.7695
       37.1777
         39.37
       41.3153
       43.2183
       45.2637
       47.7979
       48.0037
       47.7809
       47.9306
       48.5221
       47.7844
       46.9704
       46.0746
       45.7031
       46.4416
       47.1256
       47.9576
       48.0889
       48.6076
       47.9065
       46.3241
       45.0611
        43.985
        43.057
       42.0865
        41.053
       39.9592
        38.711
       37.2004
       35.2754
       32.6425
       28.7597
       22.5707
         51.06
       50.4934
       13.6612
       2.42514
       2.42514
       2.42514
       2.42514
       2.42514
       2.42514
       2.42514
       2.42514
       2.42514
       2.42514
       2.42514
       2.42514
       2.42514
       2.42514
       2.42514
       2.42514
       2.42514
       2.42514
       2.42514
       2.42514
       2.42514
       2.42514
       2.42514
       2.42514
       2.42514
       2.42514
       2.42514
       2.42514
       2.42514
       2.42514
       2.42514
       2.42514
       2.42514
       2.42514
       2.42514
       2.42514
       2.42514
       2.42514
       2.42514
       2.42514
       2.42514
       2.42514
       2.42514
       2.42514
       2.42514
       2.42514
       2.42514
       2.42514
       2.42514
       2.42514
       2.42514
       2.42514
       2.42514
       2.42514
       2.42514
       2.42514
       2.42514
       2.42514
       2.42514
       2.42514
       2.42514
       2.42514
       2.79317
       3.16454
        3.5357
       3.78733
       4.03895
       4.29054
       4.53646
       4.78237
       5.02751
       5.20319
       5.37887
       5.55524
       5.78333
       6.01141
       6.23644
         6.492
       6.74755
       7.00344
       7.27428
       7.54513
       7.80814
       7.79694
       7.78574
        7.7636
       7.40152
       7.03944
       6.68376
        6.4653
       6.24683
        6.0837
       6.16385
         6.244
       6.36218
       6.54175
       6.72133
        6.9009
       6.97063
       7.01173
       7.02822
       6.97219
       6.90984
         6.822
       6.68618
       6.55161
       6.34527
        6.1167
       5.91324
       5.72961
       5.56428
       5.39894
       5.23974
       5.05286
       4.86597
       4.73541
         4.693
       4.64043
           4.5
       4.35957
        4.3217
       4.33922
       4.35289
       4.22168
       4.03282
       3.93725
       4.04342
        4.4304
       4.69106
       4.83272
        5.8944
       6.43289
       6.91758
       7.29408
       7.29426
       7.29445
       7.32123
       7.53471
       8.48517
       9.75104
       11.0113
       12.2662
       13.5115
       14.7462
       15.3497
       15.7574
       16.1651
       16.5859
       16.6473
       16.6258
       16.5661
       16.6446
       17.0059
       17.3671
       17.7284
       17.8783
        18.022
        17.798
       17.2808
       16.7636
       16.2654
          15.8
       15.3346
       14.8715
        14.422
        13.977
       13.5305
       13.0815
       12.6253
       12.1692
       11.8006
            24
            24
       11.7571
