160                           7.3148                        
34                            7.3148                        
33                            11.993                        
32                            17.612                        
31                            22.312                        
30                            26.968                        
29                            31.602                        
28                            36.348                        
27                            41.149                        
26                            45.968                        
25                            50.823                        
24                            55.696                        
23                            60.956                        
22                            66.225                        
21                            71.53                         
20                            76.881                        
19                            82.321                        
18                            87.786                        
17                            93.328                        
16                            98.943                        
15                            100.48                        
14                            98.075                        
13                            96.055                        
12                            101.33                        
11                            103.04                        
10                            82.594                        
9                             77.377                        
8                             58.34                         
7                             42.738                        
6                             32.087                        
5                             30.026                        
4                             27.553                        
3                             25.324                        
2                             23.059                        
1                             22.266                        
0                             18.953                        
