       963.423
       963.456
       963.522
       963.624
       963.762
       963.933
       964.135
       964.368
       964.628
       964.915
       965.228
       965.563
       965.922
       966.304
       966.708
       967.135
       967.585
        968.06
        968.56
       969.089
       969.647
       970.239
       970.867
       971.535
       972.247
       973.009
       973.825
       974.704
       975.652
       976.671
       977.809
       979.104
       980.554
       982.154
       983.888
        985.74
       987.698
       989.748
       991.882
       994.087
       996.353
       998.668
       1001.02
       1003.41
       1005.82
       1008.24
       1010.66
       1013.07
       1015.46
       1017.82
       1020.14
        1022.4
       1024.59
       1026.71
       1028.62
       1030.25
       1031.59
       1032.64
       1033.41
       1033.88
       1034.06
       1033.95
       1033.55
       1032.86
       1031.89
       1030.64
       1029.13
       1027.36
       1025.34
        1023.1
       1020.65
          1018
       1015.16
       1012.15
       1008.98
       1005.64
       1002.16
       998.635
       995.068
       991.473
       987.858
       984.232
       980.601
       976.971
       973.347
       969.733
       966.132
       962.548
       958.982
       955.433
       951.904
       948.404
       944.968
       941.595
       938.288
       935.049
       931.878
       928.779
       925.753
       922.803
       919.934
       917.152
       914.554
       912.208
       910.113
       908.269
       906.675
       905.318
       904.151
       903.168
       902.365
       901.739
       901.284
       900.991
       900.847
       900.813
       900.832
       900.899
       901.005
       901.138
       901.287
       901.443
         901.6
       901.752
       901.891
       902.012
        902.11
        902.18
       902.218
       902.217
       902.172
       902.079
       901.932
        901.73
       901.467
       901.141
       900.751
       900.303
       899.798
       899.239
        898.63
       897.976
       897.278
       896.539
       895.761
       894.946
       894.097
       893.218
       892.314
       891.389
        890.45
       889.502
       888.553
       887.617
       886.701
       885.811
       884.953
       884.129
       883.339
       882.582
       881.861
       881.178
       880.538
       879.944
       879.398
       878.904
       878.467
       878.101
       877.805
        877.58
       877.423
       877.321
       877.262
       877.248
       934.838
       934.853
       934.908
           935
       935.128
        935.29
       935.483
       935.706
       935.957
       936.234
       936.536
       936.862
       937.211
       937.582
       937.975
       938.391
        938.83
       939.294
       939.783
         940.3
       940.847
       941.426
       942.057
       942.729
       943.452
       944.206
       945.037
        945.91
       946.854
       947.863
       948.989
       950.306
       951.779
       953.372
       955.149
       957.008
       958.961
       961.022
       963.145
       965.359
       967.634
       970.009
       972.396
       974.808
       977.224
       979.624
       982.114
       984.428
       986.876
       989.328
       991.625
       993.865
       995.968
       998.157
       1000.12
        1001.7
       1003.08
       1004.25
       1004.98
        1005.4
        1005.6
       1005.56
       1005.25
       1004.62
       1003.66
       1002.44
       1000.91
       999.139
       997.159
       994.891
       992.381
       989.685
       986.848
       983.791
        980.59
       977.267
         973.8
       970.357
       966.745
       963.187
       959.613
       955.972
       952.358
       948.741
       945.104
       941.477
        937.87
       934.285
       930.727
       927.176
        923.66
        920.14
       916.667
       913.246
        909.92
       906.658
       903.477
       900.364
       897.345
       894.441
       891.628
       888.911
       886.387
       884.101
       882.035
       880.216
       878.632
       877.278
       876.159
       875.227
       874.466
       873.836
       873.362
       873.059
       872.923
        872.89
       872.909
       872.993
        873.12
       873.274
       873.436
       873.598
       873.767
       873.921
       874.059
       874.185
       874.294
       874.371
       874.412
       874.417
       874.379
       874.286
       874.137
       873.928
       873.656
       873.331
       872.936
       872.469
        871.94
       871.338
       870.685
       870.001
        869.28
       868.554
       867.795
       867.002
       866.166
        865.29
       864.393
       863.485
       862.563
       861.629
        860.69
       859.757
       858.831
       857.914
       857.027
       856.181
       855.387
       854.611
       853.905
       853.245
       852.597
       851.991
       851.431
       850.922
       850.472
       850.092
       849.795
        849.57
       849.415
       850.256
       850.195
       849.232
       906.034
       906.038
       906.082
       906.164
       906.281
       906.431
       906.613
       906.824
       907.063
       907.328
       907.616
       907.929
       908.263
        908.62
       908.998
       909.398
       909.821
       910.268
        910.74
       911.239
       911.767
       912.327
       912.953
       913.621
       914.346
       915.084
       915.923
        916.78
       917.713
       918.708
       919.814
       921.149
       922.642
       924.226
       926.045
       927.908
       929.857
       931.929
       934.041
       936.264
       938.549
       940.987
       943.406
       945.844
       948.268
       950.649
       953.215
       955.434
       957.947
       960.502
       962.787
       965.015
       967.032
       969.296
       971.292
       972.836
       974.239
       975.525
       976.218
       976.584
       976.801
       976.846
       976.631
        976.05
       975.098
       973.919
       972.371
       970.598
       968.655
       966.362
       963.796
       961.059
       958.231
       955.137
        951.92
       948.624
        945.17
       941.813
       938.153
       934.634
       931.102
       927.447
       923.849
       920.247
       916.596
       912.956
       909.341
       905.755
       902.206
       898.654
       895.151
        891.61
       888.099
       884.628
       881.281
       877.997
       874.804
       871.676
       868.663
       865.801
       863.037
       860.386
       857.948
       855.727
       853.695
       851.904
       850.327
       848.985
       847.918
       847.041
       846.325
       845.694
       845.206
       844.895
       844.771
       844.745
        844.77
       844.875
       845.028
       845.208
       845.389
        845.56
       845.744
       845.906
       846.047
        846.18
       846.305
       846.391
       846.439
       846.452
       846.425
       846.336
       846.186
       845.972
       845.695
       845.373
       844.975
        844.49
       843.938
       843.293
       842.599
       841.886
       841.144
        840.43
       839.693
       838.923
       838.101
       837.229
       836.339
       835.446
       834.542
       833.622
       832.693
        831.76
       830.823
       829.878
       828.962
       828.092
       827.295
         826.5
        825.81
       825.173
       824.516
       823.896
       823.321
       822.797
       822.334
       821.941
       821.644
       821.421
       821.268
       823.062
       823.001
       821.084
       877.022
       877.016
       877.049
        877.12
       877.225
       877.362
       877.531
       877.728
       877.952
       878.201
       878.473
       878.769
       879.085
       879.423
       879.782
       880.162
       880.564
       880.989
       881.438
       881.913
       882.416
        882.95
       883.563
       884.221
       884.941
       885.655
       886.493
       887.326
        888.24
       889.215
       890.296
       891.647
       893.156
       894.729
       896.587
       898.454
       900.397
       902.478
        904.58
       906.811
       909.107
       911.609
       914.062
       916.527
       918.963
       921.327
       923.973
       926.097
       928.681
       931.346
       933.626
       935.848
       937.796
       940.119
       942.148
       943.643
       945.075
       946.477
       947.131
        947.44
       947.673
       947.799
        947.68
       947.154
        946.21
       945.066
       943.503
       941.734
       939.831
       937.516
       934.897
       932.125
       929.312
       926.186
       922.961
       919.705
       916.266
       912.997
       909.292
       905.813
       902.324
       898.655
       895.076
       891.488
       887.825
       884.172
        880.55
       876.964
       873.424
       869.871
       866.383
        862.82
       859.271
       855.748
        852.38
       849.071
       845.866
       842.723
       839.715
       836.897
       834.185
       831.615
       829.255
       827.101
       825.104
       823.344
       821.782
       820.452
       819.437
       818.619
        817.95
       817.322
       816.822
       816.505
       816.398
       816.384
       816.418
        816.55
       816.734
       816.945
       817.149
       817.333
       817.537
        817.71
       817.858
       818.002
       818.146
       818.245
       818.303
       818.327
       818.312
       818.229
       818.082
       817.866
       817.585
       817.269
       816.868
       816.367
       815.794
       815.109
       814.374
       813.633
        812.87
       812.172
       811.457
       810.711
       809.903
       809.036
       808.153
       807.277
       806.389
       805.484
       804.564
       803.632
       802.682
       801.708
       800.762
       799.867
       799.067
       798.253
       797.579
       796.964
       796.298
       795.664
       795.073
       794.534
       794.058
       793.652
       793.356
       793.138
       792.987
       795.743
       795.681
       792.803
       847.805
        847.79
       847.812
        847.87
       847.962
       848.086
       848.239
        848.42
       848.627
       848.858
       849.112
       849.387
       849.682
       849.998
       850.333
       850.689
       851.065
       851.463
       851.884
       852.329
       852.801
       853.302
       853.898
       854.538
       855.246
       855.928
       856.759
       857.561
       858.444
        859.39
       860.449
       861.812
       863.335
       864.892
       866.789
       868.657
       870.591
       872.681
        874.77
       877.009
       879.315
       881.882
        884.37
       886.865
       889.312
       891.661
        894.39
       896.421
        899.08
       901.861
       904.139
       906.359
       908.228
       910.604
       912.673
       914.118
       915.577
       917.097
        917.71
        917.96
        918.21
       918.417
       918.396
       917.925
       916.991
       915.883
       914.305
       912.541
       910.684
        908.35
       905.681
       902.879
       900.087
       896.933
       893.705
       890.491
       887.076
       883.904
       880.157
       876.722
        873.28
       869.598
       866.038
       862.468
       858.792
       855.127
         851.5
       847.914
       844.386
       840.832
       837.361
       833.775
       830.187
       826.613
       823.223
        819.89
       816.672
       813.513
       810.512
       807.741
       805.091
       802.601
       800.319
       798.232
       796.274
       794.548
       793.003
       791.687
       790.728
        789.97
       789.353
       788.728
       788.219
       787.899
        787.81
       787.811
       787.862
       788.025
       788.245
       788.491
       788.722
       788.923
       789.151
       789.338
       789.496
       789.655
       789.821
       789.935
       790.006
       790.045
       790.045
       789.971
       789.828
       789.612
       789.329
       789.021
        788.62
       788.105
       787.513
       786.789
       786.014
       785.246
       784.463
        783.78
       783.089
       782.369
       781.576
       780.714
       779.839
        778.98
       778.109
       777.219
       776.306
       775.375
       774.412
       773.408
       772.432
       771.513
       770.709
       769.877
       769.218
       768.625
        767.95
       767.302
       766.694
        766.14
       765.651
       765.232
       764.937
       764.722
       764.574
       768.302
       768.241
       764.393
       818.386
       818.362
       818.373
       818.418
       818.496
       818.604
       818.741
       818.904
       819.092
       819.303
       819.535
       819.787
       820.058
       820.348
       820.656
       820.983
       821.329
       821.696
       822.083
       822.494
       822.929
       823.392
       823.963
        824.58
       825.269
       825.914
       826.732
       827.496
       828.345
       829.263
       830.287
       831.658
        833.19
       834.726
       836.659
       838.525
       840.449
       842.545
       844.619
       846.865
        849.18
       851.813
       854.337
       856.861
       859.321
       861.654
       864.469
       866.407
       869.144
       872.047
       874.326
       876.547
       878.334
       880.754
        882.86
       884.254
        885.74
        887.38
        887.95
       888.138
       888.405
       888.695
       888.773
        888.36
       887.435
       886.365
       884.774
       883.018
       881.209
       878.859
       876.144
       873.316
        870.55
       867.374
       864.146
       860.978
       857.597
       854.533
       850.747
        847.36
       843.967
       840.274
       836.737
       833.186
         829.5
       825.825
       822.194
       818.611
       815.096
       811.543
        808.09
       804.483
       800.857
        797.23
       793.819
       790.462
       787.231
       784.058
       781.065
       778.341
        775.75
        773.35
       771.149
       769.133
       767.215
       765.528
       764.002
       762.703
       761.802
       761.107
       760.543
       759.926
       759.409
       759.087
       759.016
       759.035
       759.111
        759.31
        759.57
       759.854
       760.116
       760.338
       760.592
       760.797
       760.968
       761.144
       761.335
       761.468
       761.554
       761.609
       761.627
       761.565
       761.429
       761.215
       760.931
       760.633
       760.234
       759.707
       759.097
       758.335
       757.521
       756.728
       755.926
        755.26
       754.594
       753.901
       753.124
       752.267
         751.4
       750.558
       749.706
       748.829
       747.926
       746.995
        746.02
       744.986
       743.978
       743.035
       742.228
       741.376
       740.734
       740.163
       739.478
       738.815
        738.19
        737.62
       737.119
       736.688
       736.394
       736.183
       736.037
       740.744
       740.685
       735.861
       788.766
       788.732
       788.731
       788.763
       788.826
       788.918
       789.036
        789.18
       789.347
       789.536
       789.744
        789.97
       790.214
       790.476
       790.754
       791.049
       791.361
       791.691
       792.041
       792.412
       792.806
       793.225
       793.766
       794.354
        795.02
       795.622
       796.421
       797.143
       797.957
       798.839
       799.821
       801.193
        802.73
       804.242
       806.207
       808.069
       809.978
       812.078
       814.135
       816.385
       818.708
       821.406
       823.965
       826.518
       828.991
       831.308
       834.212
       836.055
       838.874
       841.903
       844.186
       846.418
       848.093
       850.558
       852.703
       854.043
       855.556
       857.318
       857.844
       857.969
       858.252
       858.626
       858.806
       858.452
       857.538
       856.507
       854.904
       853.158
       851.402
        849.04
       846.282
       843.432
       840.697
       837.502
        834.28
       831.165
       827.825
       824.882
       821.057
       817.723
       814.384
       810.684
       807.173
       803.643
        799.95
       796.268
       792.635
       789.057
       785.558
       782.009
       778.577
       774.951
       771.286
       767.609
       764.177
       760.797
       757.555
       754.368
       751.384
       748.711
       746.183
       743.876
        741.76
       739.817
       737.943
       736.296
       734.793
       733.513
       732.671
       732.042
       731.535
       730.927
       730.405
       730.084
       730.035
       730.079
       730.177
       730.416
       730.718
       731.043
       731.339
       731.585
       731.869
       732.094
       732.281
       732.477
       732.695
       732.848
       732.952
       733.026
       733.064
       733.015
       732.887
       732.677
       732.396
       732.108
       731.714
       731.176
        730.55
        729.75
       728.899
       728.081
       727.262
       726.615
       725.975
       725.309
       724.549
       723.699
       722.842
       722.017
       721.183
       720.321
       719.428
       718.497
        717.51
       716.446
       715.408
       714.442
        713.63
        712.76
       712.133
       711.585
       710.889
       710.212
       709.569
       708.986
       708.472
       708.027
       707.735
       707.528
       707.384
       713.077
       713.019
       707.212
       758.944
         758.9
       758.887
       758.905
       758.952
       759.026
       759.126
       759.249
       759.394
       759.558
        759.74
       759.939
       760.154
       760.383
       760.628
       760.888
       761.162
       761.453
       761.761
       762.088
       762.436
       762.806
       763.313
       763.867
       764.504
       765.058
       765.834
        766.51
       767.283
       768.124
        769.06
       770.428
       771.965
       773.448
       775.443
       777.295
       779.187
       781.287
       783.323
       785.576
       787.903
       790.666
       793.258
        795.84
       798.324
       800.624
       803.618
       805.363
       808.265
       811.423
       813.708
        815.94
       817.489
       820.006
       822.193
       823.478
       825.019
       826.905
       827.385
       827.444
       827.744
       828.205
       828.489
       828.196
       827.294
       826.305
       824.691
       822.957
       821.258
       818.887
       816.089
        813.22
       810.521
       807.311
         804.1
       801.044
        797.75
       794.936
       791.083
       787.808
        784.53
       780.825
       777.344
       773.841
       770.143
       766.457
       762.826
       759.257
       755.777
       752.235
       748.827
       745.184
       741.484
       737.757
       734.307
       730.906
       727.655
       724.456
       721.482
       718.863
       716.408
       714.194
       712.166
       710.299
       708.472
       706.868
       705.389
       704.131
       703.352
       702.792
       702.344
       701.747
       701.222
       700.905
       700.885
       700.954
       701.075
       701.354
         701.7
        702.07
       702.401
       702.673
       702.989
       703.237
       703.441
       703.659
       703.906
       704.082
       704.205
         704.3
        704.36
       704.325
       704.208
       704.004
       703.726
       703.452
       703.063
       702.516
       701.874
        701.04
       700.152
       699.311
       698.476
       697.849
       697.235
       696.599
       695.858
       695.016
       694.168
       693.363
       692.548
       691.701
       690.819
       689.889
        688.89
       687.797
       686.729
       685.739
       684.924
       684.035
       683.424
       682.899
       682.193
       681.501
       680.841
       680.243
       679.716
       679.259
       678.968
       678.763
       678.622
       685.306
        685.25
       678.454
       728.919
       728.864
       728.839
       728.842
       728.873
       728.929
       729.009
        729.11
       729.231
       729.369
       729.524
       729.693
       729.876
       730.072
       730.281
       730.502
       730.737
       730.985
       731.248
       731.527
       731.824
       732.141
        732.61
       733.125
       733.729
        734.23
       734.978
       735.602
       736.327
       737.125
       738.009
       739.371
       740.904
       742.353
       744.373
       746.213
       748.082
       750.179
       752.191
       754.442
       756.771
       759.597
        762.22
       764.828
       767.321
       769.602
       772.685
        774.33
       777.316
       780.604
       782.893
        785.12
       786.525
       789.094
       791.322
       792.551
        794.12
       796.132
       796.565
       796.557
       796.872
       797.422
       797.814
       797.583
       796.695
       795.751
       794.129
       792.409
       790.771
       788.394
       785.559
       782.673
       780.017
       776.797
       773.601
       770.609
       767.365
       764.693
       760.821
       757.613
       754.401
       750.698
       747.251
       743.779
       740.081
       736.395
        732.77
       729.214
       725.758
       722.227
       718.847
       715.191
       711.459
       707.685
        704.22
         700.8
       697.542
       694.333
       691.372
       688.808
       686.426
       684.317
       682.383
       680.597
       678.819
        677.26
       675.809
       674.575
       673.861
       673.371
       672.984
       672.401
       671.875
       671.565
       671.576
       671.671
       671.817
       672.136
       672.529
       672.944
       673.314
       673.613
       673.962
       674.234
       674.457
       674.698
       674.976
       675.177
        675.32
       675.438
       675.521
       675.503
       675.398
       675.201
       674.927
       674.668
       674.286
       673.731
       673.076
       672.208
       671.285
       670.422
       669.571
       668.966
       668.382
       667.777
       667.055
       666.222
       665.385
         664.6
       663.806
       662.976
       662.105
       661.177
       660.167
       659.046
       657.948
       656.935
       656.118
        655.21
       654.616
       654.114
       653.398
       652.691
       652.014
       651.403
       650.862
       650.391
       650.102
       649.901
        649.76
       657.439
       657.384
       649.596
       698.687
       698.622
       698.584
       698.573
       698.586
       698.623
       698.682
       698.761
       698.856
       698.968
       699.093
       699.232
       699.381
       699.542
       699.713
       699.894
       700.085
       700.288
       700.503
       700.731
       700.974
       701.235
       701.661
       702.134
       702.701
       703.144
       703.861
       704.427
         705.1
       705.851
       706.679
       708.029
       709.554
       710.964
       713.006
       714.828
        716.67
       718.761
       720.743
       722.988
       725.314
       728.201
       730.852
       733.483
       735.982
        738.24
       741.413
       742.953
       746.023
       749.445
       751.743
       753.935
       755.192
       757.812
       760.082
       761.254
        762.85
       764.991
       765.375
       765.297
       765.629
        766.27
       766.772
       766.607
       765.733
       764.837
       763.208
       761.507
       759.934
       757.554
       754.684
       751.787
       749.178
       745.952
       742.777
       739.855
       736.667
       734.148
       730.265
       727.132
       723.995
         720.3
       716.894
       713.458
       709.765
       706.084
       702.471
       698.933
       695.506
       691.992
       688.645
        684.98
        681.22
       677.404
       673.927
       670.492
       667.231
       664.014
       661.067
       658.552
       656.261
       654.263
       652.427
       650.726
       649.001
       647.491
        646.07
       644.861
       644.214
       643.798
       643.474
       642.906
       642.381
       642.079
       642.122
       642.244
       642.416
       642.777
       643.216
       643.679
       644.087
       644.414
       644.798
       645.095
       645.338
       645.603
       645.914
       646.139
       646.305
       646.445
       646.553
       646.552
        646.46
       646.271
       646.004
       645.761
       645.388
       644.827
        644.16
       643.258
       642.302
       641.419
       640.555
       639.972
       639.419
       638.846
       638.146
       637.323
         636.5
       635.736
       634.964
       634.153
       633.294
        632.37
        631.35
         630.2
       629.074
        628.04
       627.221
       626.295
       625.718
        625.24
       624.515
       623.793
         623.1
       622.473
       621.918
       621.434
       621.147
       620.946
       620.806
       629.485
       629.431
       620.645
       668.246
        668.17
       668.119
       668.093
       668.089
       668.107
       668.144
       668.199
       668.269
       668.353
       668.448
       668.554
       668.669
       668.793
       668.924
       669.063
       669.209
       669.364
       669.529
       669.703
        669.89
       670.091
       670.472
       670.899
       671.426
       671.808
       672.489
       672.995
       673.614
       674.311
       675.078
       676.411
       677.924
       679.291
        681.35
       683.149
       684.959
       687.038
       688.985
       691.219
       693.538
       696.481
       699.156
       701.806
       704.308
       706.539
       709.799
       711.227
       714.381
       717.933
       720.226
       722.368
       723.479
       726.153
       728.466
       729.578
       731.202
       733.473
       733.805
       733.656
       734.005
       734.739
       735.355
       735.257
       734.399
       733.554
       731.922
       730.243
        728.74
        726.36
       723.459
       720.554
       717.998
        714.77
       711.621
       708.775
       705.649
        703.29
       699.408
       696.363
        693.31
       689.629
       686.271
       682.878
       679.196
       675.526
       671.931
       668.418
       665.026
       661.535
       658.228
       654.561
       650.777
       646.922
       643.439
       639.995
       636.735
       633.517
        630.59
       628.141
       625.944
       624.055
        622.32
       620.706
       619.037
        617.58
        616.19
       615.008
       614.431
       614.089
       613.831
       613.279
       612.756
       612.463
       612.538
       612.689
       612.885
       613.289
       613.776
       614.285
       614.733
       615.089
       615.508
       615.831
       616.093
       616.383
       616.726
       616.977
       617.165
       617.329
       617.463
        617.48
       617.402
       617.223
       616.962
       616.736
       616.373
       615.808
        615.13
       614.197
       613.208
       612.307
        611.43
       610.873
       610.352
       609.814
       609.137
       608.326
       607.518
       606.778
       606.029
       605.239
       604.394
       603.475
       602.446
        601.27
       600.118
       599.062
       598.243
         597.3
       596.741
       596.287
       595.553
       594.816
       594.106
       593.465
       592.896
       592.398
        592.11
       591.909
        591.77
       601.451
       601.398
       591.611
       637.592
       637.505
       637.441
       637.399
       637.377
       637.375
       637.391
       637.422
       637.466
       637.521
       637.586
       637.659
       637.738
       637.824
       637.914
        638.01
        638.11
       638.216
       638.328
       638.447
       638.575
       638.714
       639.047
       639.426
        639.91
       640.226
       640.869
        641.31
       641.872
       642.513
       643.214
       644.527
       646.022
        647.34
       649.412
       651.184
       652.957
       655.017
       656.923
       659.141
       661.448
       664.442
       667.136
         669.8
       672.298
       674.497
       677.841
       679.152
       682.385
       686.066
       688.343
       690.423
       691.382
       694.109
       696.464
       697.513
       699.164
       701.568
       701.847
       701.624
        701.99
       702.819
       703.552
       703.524
       702.685
       701.894
        700.26
       698.606
       697.178
       694.802
       691.873
       688.966
       686.468
       683.244
       680.126
       677.364
       674.308
        672.12
       668.249
       665.303
       662.342
       658.683
       655.382
        652.04
       648.376
       644.724
       641.153
       637.673
       634.324
       630.863
       627.603
        623.94
        620.14
       616.253
        612.77
       609.322
        606.07
       602.855
       599.956
       597.576
       595.484
       593.709
       592.079
       590.557
       588.947
       587.544
       586.188
       585.036
        584.53
       584.264
       584.072
       583.537
       583.017
       582.734
       582.842
        583.02
       583.242
       583.687
       584.222
       584.778
       585.265
       585.649
       586.103
        586.45
       586.732
       587.047
       587.421
       587.699
       587.909
       588.098
       588.256
       588.293
       588.229
        588.06
       587.807
         587.6
       587.247
       586.679
       585.992
       585.028
       584.009
       583.091
       582.204
       581.674
       581.188
       580.687
       580.035
       579.238
       578.447
       577.732
        577.01
       576.242
       575.413
       574.501
       573.465
       572.265
       571.088
       570.013
       569.194
       568.235
       567.696
       567.266
       566.522
        565.77
       565.044
       564.389
       563.805
       563.292
       563.003
         562.8
       562.662
       573.345
       573.293
       562.504
        606.72
       606.622
       606.545
       606.487
       606.448
       606.426
       606.419
       606.426
       606.443
        606.47
       606.504
       606.543
       606.587
       606.634
       606.683
       606.735
       606.788
       606.844
       606.903
       606.965
       607.033
       607.109
       607.392
        607.72
       608.158
       608.407
       609.007
       609.377
       609.879
       610.464
       611.096
       612.385
       613.859
       615.123
       617.203
       618.941
        620.67
       622.707
       624.565
        626.76
       629.047
       632.088
       634.794
       637.466
       639.954
       642.113
       645.537
       646.724
       650.036
       653.851
       656.097
       658.097
       658.894
       661.672
       664.068
       665.051
       666.728
       669.267
       669.491
       669.192
       669.575
       670.502
       671.355
         671.4
        670.58
       669.845
       668.212
       666.587
        665.24
       662.873
        659.92
       657.015
       654.582
       651.366
       648.287
       645.617
       642.638
       640.631
       636.776
       633.942
       631.087
       627.461
       624.226
       620.943
       617.305
       613.679
       610.141
       606.701
       603.404
       599.982
       596.779
       593.128
       589.319
       585.407
       581.931
       578.487
        575.25
       572.045
        569.18
       566.877
         564.9
       563.245
       561.724
       560.297
       558.751
       557.405
       556.085
       554.965
       554.531
       554.343
       554.217
       553.701
       553.183
       552.908
       553.048
       553.253
         553.5
       553.988
       554.569
       555.171
       555.695
       556.107
       556.594
       556.965
       557.266
       557.604
        558.01
       558.312
       558.544
       558.757
       558.941
       558.996
       558.948
       558.789
       558.545
       558.357
       558.017
       557.446
       556.751
       555.759
       554.711
       553.777
       552.883
       552.381
       551.933
        551.47
       550.846
       550.066
       549.293
       548.607
       547.912
       547.169
       546.359
       545.457
       544.417
       543.194
       541.995
       540.902
       540.086
       539.112
       538.593
       538.189
       537.437
        536.67
       535.928
       535.257
       534.657
       534.127
       533.835
        533.63
       533.491
       545.177
       545.126
       533.333
       575.626
       575.517
       575.426
       575.352
       575.295
       575.254
       575.225
       575.208
       575.199
       575.197
         575.2
       575.207
       575.215
       575.223
       575.232
       575.239
       575.245
       575.251
       575.256
       575.261
       575.268
       575.279
       575.511
       575.788
       576.179
       576.358
       576.913
        577.21
       577.654
       578.176
       578.735
       579.996
       581.444
       582.649
       584.733
       586.431
       588.111
       590.116
        591.92
       594.084
       596.344
       599.424
       602.136
       604.807
       607.277
       609.388
       612.886
       613.938
       617.324
       621.272
       623.451
       625.377
       626.007
       628.835
       631.272
       632.184
       633.886
       636.562
       636.728
        636.35
        636.75
       637.776
       638.752
       638.873
       638.074
       637.399
       635.769
       634.176
       632.916
       630.562
        627.59
       624.692
       622.331
       619.131
       616.096
       613.526
       610.632
       608.815
       604.986
       602.279
       599.544
        595.96
       592.801
       589.588
       585.985
       582.394
       578.899
       575.509
       572.274
       568.901
       565.764
       562.136
       558.325
       554.397
       550.937
       547.504
        544.29
       541.103
       538.278
       536.064
       534.209
       532.681
       531.275
       529.949
       528.469
       527.182
       525.902
       524.814
       524.454
       524.344
       524.286
       523.787
       523.272
       523.005
       523.176
       523.403
       523.676
       524.205
       524.832
       525.478
       526.038
       526.475
       526.993
       527.386
       527.704
       528.064
       528.501
       528.826
        529.08
       529.315
       529.524
       529.598
       529.564
       529.416
       529.182
       529.014
       528.687
       528.115
       527.414
       526.395
       525.319
       524.372
       523.472
       523.002
       522.593
       522.172
       521.578
       520.817
       520.066
        519.41
       518.746
        518.03
       517.242
       516.352
       515.311
       514.069
       512.849
       511.741
       510.929
       509.943
       509.445
       509.068
       508.308
       507.526
       506.769
       506.082
       505.464
       504.916
        504.62
       504.409
       504.268
       516.956
       516.903
       504.107
       544.306
       544.186
       544.081
       543.992
       543.917
       543.856
       543.805
       543.764
        543.73
         543.7
       543.673
       543.647
        543.62
       543.591
       543.559
       543.523
       543.483
       543.438
        543.39
       543.339
       543.285
       543.231
       543.412
       543.637
       543.981
       544.089
       544.599
       544.823
       545.206
       545.663
       546.145
       547.374
       548.791
       549.931
       552.013
       553.666
       555.289
       557.257
       558.997
       561.123
       563.347
       566.458
       569.166
       571.828
       574.271
       576.322
       579.885
       580.791
       584.243
       588.307
        590.41
       592.257
       592.715
       595.592
       598.066
       598.905
       600.629
       603.445
        603.55
       603.088
       603.504
       604.633
       605.735
       605.933
       605.158
       604.545
       602.921
       601.365
       600.197
       597.862
       594.875
        591.99
       589.709
        586.53
       583.548
       581.086
       578.287
        576.67
       572.876
       570.305
       567.705
       564.175
       561.106
       557.975
       554.417
       550.872
       547.429
         544.1
       540.938
       537.625
       534.569
       530.972
        527.17
       523.235
       519.801
        516.39
       513.207
       510.045
       507.261
       505.157
       503.434
       502.039
       500.753
        499.53
       498.121
       496.897
       495.657
       494.605
        494.32
       494.289
       494.299
       493.818
       493.304
       493.044
       493.243
       493.491
       493.789
       494.357
       495.026
       495.714
       496.306
       496.766
       497.313
       497.726
       498.058
       498.438
       498.903
        499.25
       499.523
        499.78
       500.014
       500.106
       500.086
       499.949
       499.724
       499.576
       499.263
       498.692
       497.986
       496.941
        495.84
       494.882
       493.978
       493.542
       493.175
       492.799
       492.238
       491.499
       490.772
        490.15
       489.519
       488.834
       488.071
       487.197
       486.157
       484.898
       483.661
        482.54
       481.735
       480.738
       480.264
       479.914
       479.147
       478.352
       477.578
       476.874
       476.238
       475.672
       475.367
       475.148
       475.001
       488.688
       488.634
       474.834
       512.756
       512.624
       512.506
       512.401
       512.309
       512.229
       512.157
       512.093
       512.034
       511.977
       511.921
       511.864
       511.803
       511.737
       511.666
       511.588
       511.503
        511.41
        511.31
       511.203
        511.09
       510.971
       511.102
       511.276
       511.572
        511.61
       512.074
       512.225
       512.548
       512.937
       513.338
       514.531
       515.913
       516.984
       519.058
        520.66
       522.218
        524.14
        525.81
       527.887
       530.067
       533.199
       535.893
       538.536
       540.939
       542.919
       546.537
       547.282
       550.795
        554.96
       556.971
       558.734
       559.012
       561.937
       564.448
       565.208
       566.953
       569.907
       569.947
       569.398
        569.83
       571.063
       572.295
       572.573
       571.823
       571.277
       569.661
       568.145
       567.077
       564.765
       561.768
       558.902
       556.709
       553.559
       550.637
       548.294
       545.597
       544.193
       540.441
       538.019
       535.567
       532.107
       529.138
       526.102
       522.603
       519.114
       515.736
       512.479
       509.402
        506.16
       503.194
       499.642
       495.862
       491.933
       488.537
       485.159
       482.019
       478.895
       476.169
       474.187
       472.598
        471.34
       470.179
       469.065
       467.728
        466.57
       465.373
       464.356
       464.149
       464.198
       464.275
       463.811
       463.298
       463.044
        463.27
       463.539
       463.855
       464.458
       465.166
       465.892
       466.514
       466.993
       467.565
       467.994
       468.338
       468.736
       469.225
       469.593
       469.883
        470.16
       470.416
       470.525
       470.519
       470.392
       470.177
        470.05
       469.753
       469.182
       468.473
       467.404
        466.28
       465.313
       464.408
       464.009
       463.687
       463.358
       462.833
       462.119
        461.42
       460.835
       460.242
       459.591
       458.856
           458
       456.965
       455.692
       454.441
       453.311
       452.515
       451.511
       451.062
       450.742
       449.968
        449.16
        448.37
       447.647
        446.99
       446.401
       446.084
       445.855
       445.701
       460.383
       460.326
       445.522
       480.972
       480.829
       480.698
       480.578
       480.469
        480.37
       480.279
       480.193
        480.11
       480.028
       479.944
       479.857
       479.764
       479.664
       479.555
       479.438
        479.31
       479.171
       479.021
        478.86
       478.689
       478.509
       478.591
       478.715
       478.965
       478.931
        479.35
        479.43
       479.692
       480.011
        480.33
       481.483
       482.827
       483.823
       485.884
       487.428
       488.914
       490.782
       492.371
       494.392
       496.516
        499.66
       502.329
       504.939
        507.29
       509.183
       512.841
       513.405
       516.957
       521.194
       523.123
       524.801
       524.895
       527.866
       530.411
       531.088
       532.851
       535.944
       535.914
       535.274
        535.72
       537.058
       538.422
       538.783
        538.06
       537.586
       535.981
       534.511
       533.547
       531.264
       528.261
       525.421
       523.325
       520.211
       517.359
       515.144
       512.561
       511.381
       507.682
       505.421
        503.13
       499.753
       496.899
       493.971
       490.543
       487.124
       483.823
       480.652
       477.672
       474.515
       471.652
       468.158
       464.414
       460.505
       457.161
       453.829
       450.745
       447.672
       445.019
        443.17
       441.722
       440.606
       439.574
       438.573
       437.314
       436.224
       435.072
       434.092
       433.962
        434.09
       434.234
       433.786
       433.273
       433.023
       433.273
        433.56
       433.892
       434.525
       435.267
       436.026
       436.674
       437.168
       437.762
       438.203
       438.555
       438.966
       439.478
       439.862
       440.167
       440.462
       440.738
       440.863
       440.869
       440.752
       440.547
       440.442
        440.16
       439.593
       438.881
       437.791
       436.646
       435.673
        434.77
        434.41
       434.135
       433.856
       433.371
       432.686
       432.018
       431.473
       430.922
       430.309
       429.606
       428.772
       427.745
       426.464
       425.202
       424.065
       423.283
       422.274
       421.853
       421.564
       420.784
       419.963
       419.157
       418.414
       417.734
       417.119
       416.785
       416.541
       416.375
       432.047
       431.986
       416.178
       448.955
         448.8
       448.655
       448.521
       448.396
        448.28
        448.17
       448.063
       447.958
       447.852
       447.743
       447.628
       447.505
       447.374
       447.231
       447.076
       446.908
       446.727
        446.53
       446.319
       446.093
       445.853
        445.89
       445.966
       446.171
       446.068
       446.439
       446.453
       446.655
       446.904
       447.138
       448.249
        449.55
       450.467
        452.51
       453.989
       455.396
       457.201
         458.7
       460.654
       462.712
       465.855
       468.486
       471.051
       473.334
       475.125
       478.805
       479.161
       482.712
       487.007
       488.868
       490.462
       490.366
        493.38
       495.956
       496.543
       498.319
        501.55
       501.446
        500.71
       501.167
       502.611
        504.11
       504.556
       503.862
       503.463
       501.873
       500.453
       499.601
       497.352
       494.351
       491.544
       489.553
       486.484
       483.709
       481.633
       479.174
       478.232
       474.595
       472.506
       470.388
       467.109
       464.387
       461.582
       458.239
       454.906
       451.695
       448.624
       445.756
       442.698
       439.952
        436.53
       432.839
       428.966
       425.688
       422.415
       419.401
       416.391
       413.827
       412.123
       410.824
       409.858
        408.96
       408.077
         406.9
       405.881
       404.776
       403.835
       403.781
       403.987
       404.196
       403.764
       403.248
       402.999
       403.271
       403.572
       403.913
       404.572
       405.344
       406.131
       406.799
       407.303
       407.914
       408.363
       408.719
       409.139
       409.669
       410.066
       410.383
       410.693
       410.988
       411.126
       411.144
       411.036
        410.84
       410.757
       410.492
       409.929
       409.218
       408.108
       406.945
       405.969
        405.07
       404.753
       404.528
       404.303
       403.861
       403.207
       402.574
       402.074
       401.567
       400.996
       400.329
       399.522
       398.508
       397.223
       395.954
       394.814
        394.05
       393.041
        392.65
       392.394
        391.61
       390.778
       389.954
       389.188
       388.482
       387.837
       387.479
       387.215
        387.03
       403.686
       403.618
       386.806
       416.702
       416.536
       416.379
       416.231
       416.091
       415.958
       415.831
       415.706
       415.581
       415.453
       415.321
       415.181
       415.032
       414.871
       414.698
        414.51
       414.306
       414.085
       413.847
       413.589
       413.313
       413.018
       413.013
       413.044
       413.209
       413.039
       413.369
       413.321
       413.461
       413.637
       413.785
       414.851
       416.105
       416.938
       418.957
       420.364
       421.684
       423.419
       424.818
       426.694
       428.673
       431.804
       434.383
       436.888
       439.088
       440.758
       444.442
        444.57
       448.101
       452.454
       454.224
       455.724
        455.43
       458.482
       461.083
       461.573
       463.357
       466.724
       466.539
       465.701
       466.167
       467.717
       469.353
       469.885
       469.222
       468.901
        467.33
       465.965
       465.233
       463.025
       460.032
       457.266
        455.39
       452.374
       449.687
       447.761
       445.435
       444.743
       441.177
       439.274
       437.342
       434.175
       431.603
       428.936
       425.695
       422.461
       419.358
       416.401
       413.661
       410.718
       408.105
       404.772
       401.152
        397.33
       394.134
       390.937
       388.004
       385.065
       382.612
       381.065
       379.925
       379.115
       378.358
       377.596
       376.504
        375.56
       374.503
       373.602
       373.624
       373.907
        374.18
       373.761
       373.242
       372.991
       373.279
       373.589
       373.935
       374.614
       375.409
       376.219
       376.901
        377.41
       378.033
       378.484
       378.838
       379.263
       379.807
       380.213
       380.538
        380.86
       381.171
       381.321
       381.349
       381.249
       381.062
       381.002
       380.754
       380.197
       379.488
       378.362
       377.183
       376.206
       375.315
       375.044
       374.874
       374.705
       374.309
        373.69
       373.097
       372.644
       372.186
       371.662
       371.036
        370.26
       369.264
        367.98
        366.71
       365.573
        364.83
       363.824
       363.468
       363.246
       362.461
       361.618
       360.776
       359.986
       359.249
       358.567
       358.178
       357.884
       357.672
       375.305
       375.226
       357.407
       384.218
       384.041
       383.871
        383.71
       383.556
       383.409
       383.266
       383.124
       382.982
       382.835
       382.683
       382.522
        382.35
       382.165
       381.965
       381.748
       381.513
       381.258
       380.982
       380.684
       380.363
       380.018
       379.977
       379.968
       380.096
       379.862
        380.16
       380.052
       380.131
       380.235
       380.294
       381.313
       382.517
       383.262
        385.25
        386.58
       387.806
       389.461
        390.75
       392.536
       394.424
       397.528
       400.042
        402.47
        404.57
       406.102
       409.774
       409.653
       413.151
        417.53
       419.198
       420.597
       420.094
       423.178
       425.798
       426.181
       427.968
       431.466
       431.194
       430.246
       430.717
       432.373
       434.146
       434.766
       434.133
       433.895
       432.346
       431.043
       430.439
       428.279
       425.302
       422.584
       420.834
        417.88
       415.291
       413.525
       411.345
       410.914
        407.43
       405.727
       403.994
       400.952
       398.546
       396.035
       392.911
       389.795
       386.816
       383.991
       381.395
       378.584
       376.121
       372.898
       369.366
       365.613
       362.517
       359.412
       356.578
       353.729
       351.404
        350.02
       349.046
         348.4
       347.789
       347.153
       346.149
       345.279
       344.273
       343.412
       343.509
       343.869
       344.204
       343.797
       343.271
       343.014
       343.313
       343.626
       343.971
       344.663
       345.477
       346.303
       346.994
       347.501
       348.128
       348.576
       348.923
       349.347
         349.9
       350.311
       350.639
        350.97
       351.294
       351.453
       351.489
       351.397
       351.219
       351.182
       350.953
       350.403
       349.699
       348.559
       347.367
       346.394
       345.514
       345.292
        345.18
        345.07
       344.724
       344.145
       343.593
       343.192
       342.788
       342.315
       341.733
       340.994
       340.022
       338.744
        337.48
       336.352
       335.635
       334.638
       334.319
       334.136
       333.352
         332.5
       331.639
       330.822
       330.051
       329.322
       328.892
       328.556
       328.306
       346.905
       346.811
       327.979
       351.507
       351.318
       351.137
       350.964
       350.798
       350.638
       350.481
       350.326
       350.168
       350.007
       349.838
       349.659
       349.468
       349.263
       349.042
       348.801
       348.541
       348.258
       347.952
       347.619
        347.26
       346.872
         346.8
       346.758
       346.853
       346.564
       346.835
       346.669
       346.688
       346.721
       346.692
       347.662
       348.814
       349.467
        351.42
       352.665
       353.789
       355.356
       356.525
       358.209
       359.993
       363.055
       365.487
       367.823
       369.807
       371.184
       374.824
       374.434
       377.878
       382.257
       383.799
       385.094
       384.373
        387.48
        390.11
       390.377
       392.157
       395.782
       395.414
       394.348
       394.819
       396.577
       398.486
       399.193
       398.592
       398.439
       396.915
        395.68
       395.214
       393.111
       390.158
         387.5
       385.886
       383.005
       380.524
        378.93
       376.905
       376.749
       373.356
       371.865
       370.346
       367.442
       365.217
       362.881
       359.892
       356.911
       354.075
       351.401
       348.969
       346.309
       344.017
       340.922
       337.497
       333.834
       330.856
        327.86
       325.141
       322.401
       320.222
       319.011
       318.211
       317.734
       317.274
       316.767
       315.854
       315.062
       314.105
       313.284
       313.454
       313.889
       314.284
       313.885
        313.35
       313.082
       313.386
       313.696
       314.033
       314.734
       315.558
       316.395
       317.086
       317.584
        318.21
       318.648
       318.981
       319.398
       319.954
       320.365
       320.693
       321.028
       321.362
       321.527
        321.57
       321.485
       321.315
       321.302
       321.094
       320.553
       319.858
       318.707
       317.507
       316.541
       315.676
       315.507
       315.455
       315.408
       315.114
       314.577
        314.07
       313.725
       313.378
       312.961
        312.43
       311.733
       310.791
       309.526
       308.273
       307.161
       306.477
       305.493
       305.217
       305.078
       304.299
        303.44
       302.559
       301.713
       300.901
       300.115
       299.631
       299.238
       298.933
       318.485
       318.369
       298.515
       318.578
       318.378
       318.186
       318.002
       317.825
       317.655
       317.487
       317.321
       317.152
       316.979
       316.797
       316.605
       316.401
       316.181
       315.943
       315.686
       315.406
       315.103
       314.773
       314.414
       314.024
       313.601
       313.507
       313.438
        313.51
       313.175
       313.424
       313.202
       313.164
       313.127
       313.012
       313.932
       315.029
       315.585
       317.498
       318.653
       319.667
       321.136
       322.174
       323.744
       325.409
       328.414
       330.747
       332.974
       334.825
       336.028
       339.618
       338.939
       342.308
       346.659
        348.06
       349.236
       348.284
       351.403
       354.032
       354.172
       355.934
       359.678
       359.204
        358.01
       358.473
        360.33
       362.374
       363.166
       362.596
        362.53
       361.036
       359.875
       359.556
        357.52
       354.601
       352.014
       350.549
       347.752
       345.392
        343.98
       342.121
       342.253
       338.962
       337.695
       336.405
       333.648
       331.621
       329.477
       326.641
       323.813
        321.14
       318.637
        316.39
       313.902
       311.803
       308.857
       305.561
       302.009
       299.169
       296.302
       293.711
       291.111
       289.091
       288.063
       287.443
        287.14
       286.833
       286.458
       285.637
       284.923
       284.018
       283.236
       283.479
       283.986
       284.436
       284.043
       283.493
        283.21
       283.514
       283.811
       284.132
       284.838
       285.667
       286.505
       287.189
       287.671
       288.286
       288.707
       289.021
       289.424
       289.978
       290.383
       290.705
        291.04
        291.38
       291.549
       291.597
       291.516
       291.356
       291.367
       291.181
       290.654
        289.97
       288.813
       287.609
       286.655
       285.809
       285.696
       285.707
       285.726
       285.487
       284.995
       284.536
        284.25
       283.964
       283.607
       283.132
       282.483
       281.578
       280.333
         279.1
       278.011
       277.367
       276.403
       276.177
       276.085
       275.316
       274.453
       273.555
       272.678
       271.818
       270.964
        270.41
       269.938
       269.552
        290.04
       289.892
       268.997
       285.442
       285.231
       285.029
       284.836
       284.652
       284.473
       284.298
       284.124
       283.947
       283.766
       283.577
       283.377
       283.164
       282.935
       282.688
        282.42
       282.128
       281.812
       281.468
       281.092
       280.681
       280.232
       280.126
       280.042
       280.102
       279.728
       279.958
       279.687
       279.594
       279.489
       279.288
       280.156
       281.195
       281.653
        283.52
       284.578
       285.477
       286.838
       287.736
       289.179
        290.71
       293.641
       295.858
       297.959
        299.66
        300.67
       304.189
       303.203
       306.481
       310.798
       312.018
       313.052
        311.85
       314.967
       317.583
        317.58
       319.313
       323.166
       322.573
       321.241
       321.687
       323.636
        325.81
       326.685
       326.144
       326.168
       324.706
       323.626
       323.466
       321.508
       318.635
       316.131
       314.831
       312.131
       309.902
       308.685
       307.002
       307.432
       304.251
       303.221
       302.169
       299.574
       297.759
       295.826
       293.163
       290.509
       288.018
       285.708
       283.667
       281.374
        279.49
       276.718
       273.574
       270.157
        267.48
       264.764
       262.329
        259.89
       258.038
         257.2
       256.765
       256.637
       256.485
       256.242
       255.515
        254.88
       254.026
       253.284
       253.596
       254.172
       254.676
       254.285
       253.716
       253.413
       253.712
       253.991
       254.292
       254.991
       255.814
       256.643
       257.311
       257.767
       258.366
       258.762
       259.048
       259.431
       259.976
       260.369
        260.68
       261.011
       261.353
       261.523
       261.573
       261.497
       261.345
       261.382
       261.221
       260.711
       260.042
       258.884
       257.682
       256.745
       255.923
       255.869
       255.947
       256.033
       255.851
       255.406
       254.998
       254.773
       254.553
        254.26
       253.845
        253.25
        252.39
       251.174
       249.968
       248.911
       248.314
       247.379
       247.209
       247.174
       246.422
       245.559
       244.647
        243.74
       242.827
        241.89
       241.244
       240.663
        240.16
       261.558
       261.364
         239.4
       252.115
       251.894
       251.684
       251.484
       251.294
       251.111
       250.931
       250.753
       250.574
       250.389
       250.197
       249.994
       249.778
       249.548
       249.299
       249.028
       248.735
       248.416
       248.067
       247.685
       247.264
       246.802
       246.696
       246.609
       246.665
       246.259
       246.478
        246.16
       246.019
        245.85
       245.565
       246.382
       247.361
       247.717
       249.528
       250.482
       251.258
       252.504
       253.251
       254.554
       255.937
       258.776
       260.861
       262.817
       264.346
       265.145
       268.572
       267.259
       270.427
       274.688
       275.699
       276.564
       275.096
       278.196
       280.782
       280.621
        282.31
       286.259
       285.536
       284.052
        284.47
       286.502
       288.799
       289.752
       289.237
       289.353
       287.928
       286.937
       286.947
       285.078
       282.266
       279.862
       278.742
       276.153
       274.068
       273.057
       271.559
       272.295
       269.232
       268.446
       267.647
       265.226
       263.636
       261.931
       259.462
       257.002
       254.716
       252.621
        250.81
       248.734
        247.09
       244.516
       241.551
       238.297
       235.808
       233.267
       231.024
       228.765
       227.093
       226.449
       226.199
       226.247
       226.249
       226.138
       225.503
       224.946
       224.144
       223.441
        223.82
       224.461
       225.013
       224.621
       224.031
       223.705
       223.995
       224.252
       224.524
       225.204
       226.009
       226.819
        227.46
       227.881
       228.454
       228.818
       229.069
       229.425
       229.955
       230.329
       230.624
       230.945
       231.284
       231.452
       231.502
       231.429
       231.286
        231.35
       231.218
       230.728
       230.081
        228.93
       227.736
       226.823
        226.03
        226.04
       226.185
       226.339
       226.215
       225.817
       225.462
         225.3
       225.148
       224.923
       224.574
        224.04
       223.232
       222.054
       220.886
       219.869
       219.329
       218.432
       218.325
       218.354
       217.628
       216.776
       215.856
       214.923
       213.952
       212.923
        212.16
        211.43
       210.754
       233.017
       232.759
       209.683
       218.618
       218.387
       218.171
       217.968
       217.776
       217.592
       217.413
       217.237
        217.06
       216.878
       216.689
       216.491
        216.28
       216.054
       215.811
       215.548
       215.263
       214.951
       214.609
       214.232
       213.814
        213.35
       213.254
       213.175
       213.239
       212.814
       213.029
       212.675
       212.493
       212.267
       211.904
       212.672
       213.589
       213.838
       215.585
       216.427
        217.07
       218.189
       218.773
       219.922
        221.14
       223.864
       225.795
       227.586
       228.922
       229.491
       232.804
       231.148
       234.182
       238.363
       239.134
       239.787
       238.052
       241.119
       243.658
       243.321
       244.947
       248.977
       248.108
        246.46
       246.837
       248.938
       251.347
       252.369
       251.876
       252.085
         250.7
       249.807
       249.999
       248.237
       245.503
       243.219
       242.299
       239.838
        237.91
       237.114
       235.808
       236.857
       233.916
        233.38
       232.843
       230.608
       229.258
       227.798
       225.543
       223.301
       221.241
       219.384
       217.825
       215.991
       214.612
       212.264
       209.509
       206.448
       204.179
       201.851
       199.828
       197.764
        196.28
       195.835
        195.77
       195.988
        196.14
       196.158
       195.615
       195.136
       194.385
        193.72
       194.161
        194.86
       195.458
       195.062
       194.448
       194.097
       194.373
       194.603
       194.835
       195.486
       196.261
       197.037
        197.64
       198.018
       198.557
       198.881
        199.09
       199.412
       199.918
       200.268
        200.54
       200.845
       201.177
       201.339
       201.387
       201.315
       201.181
       201.275
       201.174
       200.711
       200.095
       198.959
       197.784
       196.902
       196.144
        196.22
       196.433
       196.654
       196.587
       196.236
       195.933
       195.835
       195.752
       195.597
       195.319
       194.854
       194.107
       192.978
       191.858
       190.894
        190.42
       189.569
       189.535
       189.637
       188.948
       188.119
       187.206
       186.257
        185.23
       184.102
       183.197
       182.264
       181.336
       204.383
       204.039
        179.79
       184.984
       184.745
       184.525
       184.323
       184.135
       183.957
       183.785
       183.616
       183.446
       183.272
       183.092
       182.903
       182.703
        182.49
       182.261
       182.013
       181.744
       181.452
       181.128
       180.769
       180.367
       179.914
       179.842
       179.784
       179.868
       179.436
       179.659
        179.28
       179.065
       178.792
       178.357
       179.076
       179.928
       180.066
       181.741
       182.465
       182.965
       183.946
       184.356
       185.334
       186.366
       188.952
       190.704
       192.304
       193.428
        193.75
       196.927
       194.913
       197.789
       201.864
       202.375
       202.794
       200.761
       203.775
       206.244
       205.708
       207.249
        211.34
       210.313
       208.488
       208.808
       210.957
       213.459
       214.535
       214.056
       214.358
       213.019
       212.234
       212.626
        210.99
       208.359
       206.219
       205.524
        203.21
       201.456
       200.883
       199.771
       201.133
       198.316
       198.033
       197.764
       195.729
       194.632
       193.434
       191.414
       189.412
       187.603
       186.006
       184.721
       183.152
       182.066
       179.975
       177.463
       174.633
       172.625
        170.55
       168.767
       166.912
       165.626
       165.381
       165.495
       165.876
       166.171
       166.312
       165.858
       165.456
       164.755
       164.126
       164.625
       165.377
       166.015
       165.612
       164.973
       164.597
       164.858
       165.055
       165.236
       165.843
       166.574
       167.301
       167.854
        168.18
       168.678
       168.954
       169.114
       169.395
       169.871
       170.189
       170.432
       170.716
       171.035
       171.186
       171.229
       171.158
       171.033
       171.158
       171.093
       170.664
       170.088
       168.981
       167.838
           167
       166.283
       166.426
       166.705
        166.99
       166.975
       166.669
       166.415
       166.381
       166.365
       166.283
       166.079
        165.69
       165.015
       163.947
        162.89
       161.991
       161.596
       160.801
       160.849
       161.033
       160.394
       159.606
       158.722
       157.773
       156.709
       155.489
       154.421
       153.224
       151.924
       175.599
       175.146
       149.652
       151.246
           151
       150.782
       150.586
       150.407
        150.24
        150.08
       149.924
       149.766
       149.605
       149.439
       149.266
       149.084
       148.891
       148.684
        148.46
        148.22
       147.958
       147.668
       147.343
       146.972
       146.546
       146.511
       146.486
       146.604
       146.179
       146.421
       146.026
       145.791
        145.48
       144.984
       145.652
       146.435
       146.456
       148.047
        148.64
       148.991
       149.827
       150.053
       150.846
        151.67
       154.084
       155.627
       157.013
       157.908
       157.966
        160.99
       158.604
       161.295
       165.236
       165.475
       165.628
        163.26
       166.207
       168.578
       167.818
       169.242
       173.367
       172.171
       170.168
       170.416
        172.58
        175.14
       176.248
        175.77
       176.165
       174.878
       174.213
       174.822
        173.34
       170.845
       168.886
       168.445
       166.306
       164.742
       164.398
       163.477
       165.142
       162.445
       162.414
       162.418
       160.591
       159.761
       158.842
        157.08
       155.345
       153.811
       152.497
       151.507
       150.225
       149.453
       147.652
       145.428
       142.882
       141.183
       139.394
       137.876
       136.249
        135.17
        135.12
       135.399
       135.926
       136.347
       136.601
       136.232
       135.907
       135.261
       134.668
       135.219
       136.014
       136.683
       136.272
       135.612
       135.215
       135.463
       135.624
       135.741
       136.285
       136.953
       137.623
       138.114
       138.376
        138.82
       139.042
       139.146
        139.38
       139.816
       140.097
       140.305
       140.559
       140.859
       140.994
        141.03
       140.959
       140.843
           141
       140.974
       140.587
       140.066
       139.006
       137.916
       137.136
        136.47
       136.678
       137.016
       137.356
       137.387
       137.121
       136.914
       136.938
       136.987
       136.975
       136.848
       136.542
       135.952
       134.962
       133.987
        133.17
       132.865
       132.136
       132.271
       132.544
        131.97
       131.245
       130.417
       129.507
       128.446
       127.165
       125.938
       124.421
       122.587
       146.572
       146.006
       119.214
       117.433
       117.186
       116.975
       116.793
       116.632
       116.482
        116.34
       116.202
       116.063
       115.922
       115.777
       115.627
        115.47
       115.305
       115.128
       114.938
       114.736
       114.516
       114.274
           114
        113.68
       113.299
       113.311
       113.329
       113.496
       113.097
       113.368
       112.969
       112.726
       112.397
       111.852
       112.467
        113.17
       113.065
       114.551
       115.001
       115.198
       115.885
       115.926
       116.521
        117.11
       119.308
       120.603
       121.748
       122.401
       122.187
        125.04
       122.288
       124.755
        128.51
       128.475
       128.383
       125.685
       128.482
       130.708
       129.695
       130.954
       135.059
       133.706
       131.554
       131.717
       133.834
       136.394
       137.493
       137.004
       137.491
       136.269
       135.735
       136.574
       135.282
       132.978
       131.252
       131.101
       129.174
       127.825
       127.709
       126.962
       128.902
       126.323
       126.536
       126.806
       125.197
       124.647
       124.025
       122.547
       121.112
       119.886
       118.877
       118.194
       117.211
       116.775
       115.303
       113.422
       111.219
        109.88
       108.421
       107.202
       105.835
       104.975
       105.102
       105.514
       106.152
       106.671
        107.02
       106.733
       106.492
       105.911
        105.36
        105.95
       106.767
       107.454
       107.041
       106.377
       105.968
       106.203
       106.328
       106.377
       106.847
       107.442
       108.037
        108.45
       108.631
       109.008
       109.165
       109.208
       109.383
       109.772
       110.005
       110.163
       110.378
       110.649
       110.764
        110.79
       110.718
       110.613
       110.798
       110.812
       110.478
       110.031
       109.048
       108.041
       107.345
       106.741
       107.006
       107.386
       107.763
       107.828
       107.597
       107.432
       107.508
       107.613
       107.665
       107.613
       107.397
       106.907
       106.021
       105.154
       104.441
        104.24
       103.584
       103.804
       104.166
       103.671
       103.038
       102.308
       101.493
       100.505
       99.2418
       97.9205
       96.0783
       93.5276
       117.153
       116.524
       88.5417
       83.5747
       83.3336
       83.1456
       82.9913
       82.8569
       82.7342
       82.6178
       82.5044
       82.3912
       82.2756
       82.1576
       82.0361
       81.9101
       81.7787
       81.6396
       81.4925
        81.338
       81.1745
       80.9993
       80.7987
       80.5537
       80.2379
       80.3016
        80.365
       80.5991
       80.2555
        80.561
       80.1602
       79.9211
       79.6057
       79.0418
       79.5922
       80.1938
       79.9546
       81.2912
       81.5866
       81.6344
       82.1719
       82.0451
       82.4418
       82.7701
        84.669
       85.6605
       86.5328
       86.9399
       86.4699
        89.114
       86.0713
       88.2383
       91.6806
       91.3852
       91.1347
       88.2197
       90.7753
        92.753
       91.4903
       92.5062
        96.446
       94.9977
       92.8149
       92.8996
       94.8416
       97.2196
       98.2305
       97.7288
       98.3036
       97.1852
       96.7938
       97.8424
       96.7949
       94.7833
       93.3679
       93.5345
       91.8795
       90.7876
       90.8856
       90.2789
       92.4082
       89.9769
       90.4128
       90.9175
       89.5478
       89.2889
       88.9775
       87.8284
       86.7427
       85.8581
       85.1686
       84.7946
       84.1148
       84.0164
       82.9132
       81.4465
       79.6702
        78.748
       77.6714
        76.807
       75.7438
        75.113
       75.3827
       75.8757
       76.5647
       77.1312
       77.5469
       77.3453
       77.2073
       76.7225
       76.2306
       76.8282
       77.6196
        78.296
       77.9004
        77.272
       76.8841
       77.1132
       77.1979
       77.1809
       77.5621
       78.0517
       78.5428
       78.8616
        78.957
       79.2619
       79.3541
       79.3376
       79.4529
       79.7802
       79.9473
       80.0481
       80.2113
       80.4387
       80.5208
       80.5287
       80.4528
       80.3491
       80.5484
       80.5956
       80.3236
       79.9759
       79.1174
       78.2478
       77.6735
       77.1477
       77.4482
       77.8325
       78.2133
       78.2983
       78.1018
       77.9777
       78.0925
       78.2374
       78.3374
       78.3525
       78.2284
        77.861
       77.1181
       76.4019
       75.8242
       75.7373
       75.1625
       75.4476
       75.8787
        75.476
       74.9715
       74.3946
       73.7494
       72.9406
       71.8411
       70.6045
       68.6082
       65.2822
       87.1083
       86.5935
       58.2126
       49.6871
        49.485
       49.3473
       49.2373
       49.1414
       49.0534
       48.9688
       48.8859
       48.8037
       48.7194
       48.6351
       48.5493
       48.4612
       48.3704
       48.2761
       48.1781
       48.0778
        47.978
       47.8896
       47.7889
       47.6543
       47.4442
       47.5412
       47.6216
       47.8767
        47.591
       47.9007
       47.5561
       47.3981
        47.173
       46.6713
       47.1024
       47.5563
       47.2279
       48.2817
       48.4156
       48.3481
       48.7239
       48.4978
        48.715
       48.7874
       50.1975
       50.8038
       51.3546
       51.5449
       50.9249
       53.1395
        50.235
       51.8895
        54.603
       54.1336
       53.8977
       51.2302
       53.3011
       54.8348
       53.5266
       54.1766
       57.4514
       56.1485
       54.3208
       54.3743
       55.8557
       57.7033
       58.4743
       58.0055
       58.6047
       57.7224
       57.4823
       58.5314
       57.8091
       56.3199
       55.3444
       55.7533
       54.5169
       53.7759
       54.0255
       53.5427
       55.5451
       53.5047
       54.0728
       54.6921
       53.6726
       53.6824
         53.66
       52.9268
       52.2728
       51.7793
       51.4253
        51.331
       50.9458
       51.1103
       50.4304
       49.4975
       48.2974
       47.8371
       47.1988
       46.7393
       46.0637
       45.7031
       46.0496
       46.5327
       47.1655
        47.695
       48.1236
       48.0347
       48.0302
       47.7175
       47.3542
       47.8841
       48.5393
       49.1226
       48.8054
       48.3126
       48.0078
       48.2094
        48.253
       48.1906
       48.4548
       48.7923
       49.1321
       49.3357
       49.3532
       49.5701
       49.6074
       49.5542
       49.6104
       49.8477
       49.9431
       49.9859
       50.0852
       50.2455
       50.2865
       50.2761
       50.1991
       50.0918
       50.2561
       50.3034
        50.097
       49.8711
       49.2265
       48.5879
       48.1915
       47.7854
       48.0581
       48.3745
       48.6941
       48.7795
       48.6397
       48.5687
       48.7002
       48.8521
       48.9709
       49.0308
       48.9932
       48.7742
       48.2482
       47.7534
       47.3564
       47.3731
       46.9178
       47.2033
       47.6212
       47.3369
        47.013
       46.6541
       46.2623
       45.7632
       45.0464
       44.2346
       42.6616
       39.2219
       56.1183
       56.0309
       30.9347
       15.7112
       15.6651
       15.6189
       15.5728
       15.5267
       15.4805
       15.4344
       15.3883
       15.3422
        15.296
       15.2499
       15.2038
       15.1576
       15.1115
       15.0654
       15.0192
       14.9731
        14.927
       14.8809
       14.8347
       14.7886
       14.7425
       14.7788
       14.8265
       14.9074
       14.8916
       14.9992
       14.9847
       14.9908
       14.9711
       14.9037
       15.0348
       15.1658
       15.1367
       15.3758
       15.4139
       15.3926
       15.4486
       15.3899
       15.4327
       15.4824
       15.8092
       15.9714
       16.0934
       16.1194
       15.9944
       16.3676
       15.8219
       16.1328
        16.642
       16.5189
       16.3697
        15.822
        16.175
       16.4729
       16.2965
       16.4987
       17.1466
       16.9563
       16.6585
        16.753
       17.1884
       17.7113
       18.0164
       18.0713
       18.2528
       18.1577
       18.1457
       18.3201
       18.1473
       17.7995
       17.5349
       17.5252
       17.2575
       17.1064
       17.1839
       17.1917
       17.6516
       17.3965
       17.6021
       17.8258
       17.7432
       17.8334
       17.9109
       17.8401
       17.7707
       17.7327
       17.7282
       17.7755
       17.7643
       17.8425
       17.7267
       17.5268
       17.2619
       17.1586
       17.0423
       16.9858
       16.9145
       16.9581
        17.215
       17.5491
        17.939
        18.299
       18.6026
       18.7505
        18.878
        18.915
       18.9441
       19.1905
        19.466
       19.6868
       19.6542
       19.5397
       19.4552
       19.4876
       19.4925
       19.4824
       19.5583
       19.6612
       19.7641
       19.8285
       19.8445
       19.8964
       19.9035
       19.8881
       19.9003
       19.9555
       19.9802
       19.9913
       20.0129
       20.0438
       20.0421
       20.0198
       19.9757
       19.9223
       19.9224
       19.8853
       19.7759
       19.6382
       19.3942
       19.1501
       18.9808
        18.851
       18.9137
       19.0193
       19.1393
       19.2077
       19.2243
       19.2606
         19.35
       19.4482
        19.534
       19.5921
       19.6053
       19.5499
       19.4028
         19.25
       19.1241
       19.1034
       19.0004
       19.0879
       19.2148
       19.1731
       19.1077
       19.0308
       18.9556
       18.8794
       18.7999
       18.7896
        18.787
       18.7858
            24
            24
       18.7853
