22                            
0                             3.1497                        
1                             3.1497                        
2                             3.1497                        
3                             3.1497                        
4                             3.1497                        
5                             3.1497                        
6                             3.1497                        
7                             3.1497                        
8                             3.1497                        
9                             3.1497                        
10                            3.1497                        
11                            3.1497                        
12                            3.1497                        
13                            3.1497                        
14                            3.1497                        
15                            3.1497                        
16                            3.1497                        
17                            3.1497                        
18                            3.1497                        
19                            3.1497                        
20                            3.1497                        
21                            3.1497                        
22                            3.1497                        
23                            3.1497                        
24                            3.1497                        
25                            3.1497                        
26                            3.1497                        
27                            3.1497                        
28                            3.1497                        
29                            3.1497                        
30                            3.1497                        
31                            3.1497                        
32                            3.1497                        
33                            3.1497                        
34                            3.1497                        
35                            3.1497                        
36                            3.1497                        
37                            3.1497                        
38                            3.1497                        
39                            3.1497                        
40                            3.1497                        
41                            3.1497                        
42                            3.1497                        
43                            3.1497                        
44                            3.1497                        
45                            3.1497                        
46                            3.1497                        
47                            3.1497                        
48                            3.1292                        
49                            3.0918                        
50                            3.0543                        
51                            3.0314                        
52                            3.0206                        
53                            3.0099                        
54                            2.9991                        
55                            2.9883                        
56                            2.9775                        
57                            2.9653                        
58                            2.9519                        
59                            2.9385                        
60                            2.9223                        
61                            2.9037                        
62                            2.8852                        
63                            2.8637                        
64                            2.8397                        
65                            2.8156                        
66                            2.7897                        
67                            2.7624                        
68                            2.735                         
69                            2.7076                        
70                            2.6802                        
71                            2.6528                        
72                            2.6255                        
73                            2.5983                        
74                            2.5711                        
75                            2.5474                        
76                            2.5264                        
77                            2.5055                        
78                            2.508                         
79                            2.5295                        
80                            2.551                         
81                            2.5691                        
82                            2.5844                        
83                            2.5997                        
84                            2.6043                        
85                            2.6005                        
86                            2.5966                        
87                            2.6187                        
88                            2.6613                        
89                            2.704                         
90                            2.7323                        
91                            2.7492                        
92                            2.7662                        
93                            2.7929                        
94                            2.8272                        
95                            2.8616                        
96                            2.8839                        
97                            2.8969                        
98                            2.9098                        
99                            2.9175                        
100                           2.921                         
101                           2.9245                        
102                           2.928                         
103                           2.9315                        
104                           2.935                         
105                           2.9427                        
106                           2.9536                        
107                           2.9645                        
108                           2.9862                        
109                           3.0162                        
110                           3.0462                        
111                           3.0566                        
112                           3.0519                        
113                           3.0471                        
114                           3.0104                        
115                           2.9493                        
116                           2.8881                        
117                           2.8299                        
118                           2.7739                        
119                           2.7179                        
120                           2.6634                        
121                           2.61                          
122                           2.5567                        
123                           2.4916                        
124                           2.4183                        
125                           2.3449                        
126                           2.2524                        
127                           2.1467                        
128                           2.041                         
129                           1.9534                        
130                           1.8775                        
131                           1.8016                        
132                           1.7259                        
133                           1.6504                        
134                           1.5748                        
135                           1.4852                        
136                           1.3874                        
137                           1.2895                        
138                           1.2132                        
139                           1.1491                        
140                           1.085                         
141                           1.0315                        
142                           0.98387                       
143                           0.93624                       
144                           0.95941                       
145                           1.0203                        
146                           1.0811                        
147                           1.1516                        
148                           1.2271                        
149                           1.3026                        
150                           1.3998                        
151                           1.5079                        
152                           1.6159                        
153                           1.7235                        
154                           1.8309                        
155                           1.9382                        
156                           2.0107                        
157                           2.0683                        
158                           2.1259                        
159                           2.1755                        
160                           2.2218                        
161                           2.268                         
162                           2.2793                        
163                           2.2763                        
164                           2.2733                        
165                           2.2696                        
166                           2.2657                        
167                           2.2624                        
168                           2.2624                        
169                           2.2624                        
170                           2.2624                        
171                           0                             
172                           0                             
173                           2.2624                        
