       914.456
       914.452
       914.451
        914.45
        914.45
       914.449
       914.449
       914.449
       914.449
       914.449
       914.449
       914.449
       914.449
       914.449
       914.449
       914.449
       914.448
       914.448
       914.447
       914.446
       914.446
       914.444
       914.443
       914.442
        914.44
       914.438
       914.435
       914.432
       914.429
       914.426
       914.422
       914.417
       914.412
       914.407
       914.401
       914.394
       914.387
        914.38
       914.372
       914.363
       914.354
       914.345
       914.335
       914.325
       914.314
       914.304
       914.293
       914.283
       914.273
       914.264
       914.256
       914.249
       914.244
       914.242
       914.242
       914.246
       914.254
       914.267
       914.286
       914.312
       914.346
        914.39
       914.446
       914.514
       914.598
         914.7
       914.821
       914.965
       915.135
       915.331
       915.559
        915.82
       916.117
       916.454
       916.833
       917.259
       917.736
       918.268
       918.859
       919.514
       920.219
       920.903
       921.567
       922.212
       922.839
       923.447
       924.037
       924.611
       925.168
       925.709
       926.236
       926.749
       927.249
       927.736
       928.209
       928.666
        929.11
       929.542
       929.963
       930.374
       930.775
       931.164
       931.536
       931.891
        932.23
       932.555
       932.864
       933.157
       933.429
        933.67
       933.876
       934.048
       934.188
       934.288
       934.315
       934.267
       934.141
       933.936
       933.648
       933.276
       932.816
       932.264
       931.617
       930.872
       930.027
       929.079
       928.026
       926.868
       925.603
       924.232
       922.767
       921.221
       919.599
       917.903
       916.138
        914.31
        912.42
       910.469
       908.464
       906.407
       904.312
       902.206
       900.116
       898.052
       896.023
       894.038
       892.107
       890.239
       888.446
       886.734
       885.102
       883.549
       882.074
       880.676
       879.354
       878.108
       876.937
        875.84
       874.815
       873.862
       872.978
       872.162
       871.414
       870.731
       870.113
        869.56
       869.069
        868.64
       868.273
       867.968
       867.724
       867.543
       867.427
       867.382
       884.025
       884.025
       884.024
       884.024
       884.023
       884.023
       884.023
       884.023
       884.023
       884.023
       884.023
       884.023
       884.023
       884.023
       884.023
       884.022
       884.022
       884.021
       884.021
        884.02
       884.019
       884.018
       884.017
       884.015
       884.013
       884.011
       884.009
       884.006
       884.003
       883.999
       883.995
       883.991
       883.986
        883.98
       883.974
       883.968
       883.961
       883.953
       883.945
       883.937
       883.927
       883.918
       883.908
       883.897
       883.887
       883.876
       883.865
       883.855
       883.845
       883.836
       883.827
        883.82
       883.815
       883.812
       883.811
       883.815
       883.822
       883.834
       883.852
       883.877
       883.911
       883.954
       884.047
       884.153
       884.275
       884.402
       884.548
       884.717
       884.911
       885.132
       885.383
       885.661
       885.974
       886.327
       886.729
       887.176
       887.671
       888.224
       888.836
       889.515
        890.24
        890.95
       891.641
       892.283
       892.906
        893.51
        894.06
       894.593
        895.11
       895.626
       896.128
       896.621
       897.127
        897.62
       898.103
       898.577
       899.037
       899.485
       899.912
       900.325
       900.714
       901.076
       901.416
       901.721
       902.006
       902.278
       902.528
       902.757
       902.986
       903.196
       903.372
       903.515
       903.647
       903.737
       903.755
       903.705
       903.587
       903.395
       903.112
       902.744
       902.299
       901.763
       901.128
       900.368
       899.502
        898.58
        897.61
       896.762
       895.705
       894.445
       893.095
       891.609
       890.039
       888.385
       886.622
       884.794
       882.907
       880.979
       879.074
        877.15
       875.185
       873.206
        871.24
         869.3
       867.328
       865.379
       863.485
       861.664
       859.882
       858.173
       856.539
       854.999
       853.562
       852.202
       850.918
       849.688
       848.532
       847.401
       846.312
       845.293
       844.347
       843.472
       842.664
       841.922
       841.253
       840.652
       840.114
       839.637
       839.216
       838.857
       838.568
       840.523
       840.406
       838.222
       853.649
       853.649
       853.649
       853.649
       853.648
       853.648
       853.648
       853.648
       853.648
       853.648
       853.648
       853.648
       853.648
       853.648
       853.648
       853.648
       853.647
       853.647
       853.646
       853.645
       853.645
       853.643
       853.642
        853.64
       853.639
       853.636
       853.634
       853.631
       853.628
       853.624
        853.62
       853.616
       853.611
       853.605
       853.599
       853.592
       853.585
       853.577
       853.569
        853.56
       853.551
       853.541
        853.53
        853.52
       853.509
       853.497
       853.486
       853.475
       853.464
       853.454
       853.445
       853.436
        853.43
       853.425
       853.423
       853.425
        853.43
        853.44
       853.456
       853.478
       853.509
       853.548
       853.676
       853.818
       853.975
       854.123
       854.292
       854.482
       854.696
       854.938
       855.209
       855.499
       855.825
        856.19
       856.608
       857.072
       857.579
       858.146
       858.771
       859.457
       860.197
       860.941
       861.661
       862.302
       862.923
       863.523
       864.033
       864.526
       865.004
       865.495
       865.972
       866.446
       866.959
       867.459
       867.951
       868.442
       868.919
       869.384
       869.816
       870.232
       870.608
       870.942
        871.25
       871.506
       871.736
       871.955
       872.145
       872.312
       872.499
       872.676
       872.822
       872.936
       873.058
       873.139
       873.153
       873.104
       872.995
        872.82
       872.543
       872.182
       871.754
       871.236
       870.616
       869.844
       868.957
       868.065
        867.18
       866.646
       865.799
       864.652
       863.419
       861.993
       860.476
       858.862
       857.099
        855.27
       853.384
       851.477
       849.669
       847.875
       846.038
       844.182
       842.339
       840.519
       838.601
       836.687
       834.828
       833.053
       831.281
       829.574
       827.938
        826.41
       825.011
       823.688
       822.442
       821.227
       820.086
       818.921
       817.767
       816.684
       815.674
        814.74
       813.872
       813.071
       812.351
       811.702
       811.116
       810.591
       810.115
         809.7
       809.365
        813.46
       813.343
       809.012
        823.32
        823.32
        823.32
        823.32
        823.32
        823.32
        823.32
        823.32
        823.32
        823.32
        823.32
        823.32
        823.32
        823.32
        823.32
        823.32
       823.319
       823.319
       823.318
       823.317
       823.316
       823.315
       823.314
       823.312
        823.31
       823.308
       823.306
       823.303
       823.299
       823.296
       823.291
       823.287
       823.282
       823.276
        823.27
       823.263
       823.255
       823.247
       823.239
       823.229
        823.22
       823.209
       823.198
       823.187
       823.175
       823.163
       823.151
       823.138
       823.126
       823.114
       823.103
       823.093
       823.085
       823.078
       823.074
       823.072
       823.074
       823.081
       823.093
        823.11
       823.136
        823.17
       823.331
       823.505
       823.693
       823.861
       824.048
       824.256
       824.488
       824.746
       825.034
       825.333
       825.666
       826.039
       826.469
       826.945
       827.459
       828.035
       828.666
       829.355
       830.108
        830.88
       831.629
       832.268
       832.888
       833.486
       833.956
        834.41
       834.849
       835.316
       835.768
       836.224
       836.744
       837.249
       837.752
        838.26
       838.754
       839.237
       839.674
       840.093
       840.456
       840.763
       841.038
       841.244
       841.421
       841.588
       841.718
       841.823
       841.967
       842.111
       842.227
       842.311
       842.422
       842.498
       842.511
       842.465
       842.368
       842.211
       841.943
        841.59
       841.182
       840.683
       840.079
       839.297
       838.393
       837.532
       836.733
       836.516
       835.881
       834.848
       833.733
       832.367
       830.902
       829.328
       827.564
       825.734
       823.847
       821.958
       820.246
       818.581
       816.868
       815.135
       813.412
       811.711
       809.846
       807.964
       806.138
       804.408
       802.646
       800.939
       799.301
       797.785
       796.422
       795.137
       793.928
       792.728
       791.602
       790.402
       789.183
       788.035
       786.962
       785.968
       785.041
        784.18
       783.408
       782.711
       782.075
         781.5
       780.968
       780.497
       780.114
       786.357
       786.238
       779.753
       793.033
       793.034
       793.034
       793.034
       793.034
       793.034
       793.034
       793.034
       793.034
       793.034
       793.034
       793.034
       793.034
       793.034
       793.034
       793.033
       793.033
       793.033
       793.032
       793.031
        793.03
       793.029
       793.028
       793.026
       793.024
       793.022
       793.019
       793.016
       793.013
       793.009
       793.004
           793
       792.994
       792.988
       792.982
       792.975
       792.967
       792.958
       792.949
       792.939
       792.929
       792.918
       792.906
       792.894
       792.881
       792.868
       792.854
        792.84
       792.826
       792.813
       792.799
       792.787
       792.775
       792.765
       792.757
       792.752
        792.75
       792.751
       792.757
       792.769
       792.788
       792.814
       793.005
       793.209
       793.427
       793.611
       793.814
       794.038
       794.283
       794.555
       794.856
        795.16
       795.498
       795.874
       796.313
       796.795
       797.313
       797.893
       798.527
       799.217
       799.973
       800.764
       801.544
       802.184
       802.803
       803.397
       803.829
       804.243
       804.643
       805.086
       805.514
       805.951
       806.478
       806.991
       807.504
       808.029
       808.541
       809.041
       809.485
       809.907
       810.256
       810.537
        810.78
       810.936
       811.059
       811.174
       811.245
       811.288
       811.388
       811.501
       811.588
       811.645
       811.748
       811.821
       811.831
       811.789
       811.705
       811.568
        811.31
       810.968
       810.581
       810.103
       809.517
       808.726
       807.806
       806.978
       806.268
       806.369
       805.948
        805.03
       804.033
       802.727
       801.315
       799.781
       798.015
       796.182
       794.294
       792.421
       790.802
       789.264
       787.675
       786.062
       784.458
       782.876
       781.061
       779.211
       777.417
       775.731
       773.978
       772.271
       770.629
       769.124
       767.798
        766.55
       765.379
       764.193
       763.081
       761.848
       760.563
       759.349
       758.213
       757.158
       756.171
       755.249
       754.425
       753.678
       752.993
       752.367
       751.778
       751.249
       750.817
       759.213
       759.093
       750.446
       762.784
       762.784
       762.784
       762.784
       762.784
       762.785
       762.785
       762.785
       762.785
       762.785
       762.785
       762.785
       762.785
       762.785
       762.784
       762.784
       762.784
       762.783
       762.783
       762.782
       762.781
       762.779
       762.778
       762.776
       762.774
       762.772
       762.769
       762.766
       762.762
       762.758
       762.754
       762.749
       762.743
       762.737
        762.73
       762.723
       762.715
       762.706
       762.696
       762.685
       762.674
       762.662
        762.65
       762.636
       762.622
       762.607
       762.592
       762.576
        762.56
       762.544
       762.528
       762.512
       762.497
       762.483
        762.47
        762.46
       762.452
       762.447
       762.447
       762.451
       762.461
       762.477
       762.697
       762.929
       763.174
       763.371
       763.587
       763.824
        764.08
       764.363
       764.674
       764.979
       765.318
       765.695
       766.138
       766.624
       767.141
       767.722
       768.355
       769.042
       769.792
       770.596
       771.408
       772.048
       772.666
       773.258
        773.65
       774.025
       774.386
       774.805
       775.208
       775.627
       776.162
       776.681
       777.206
       777.748
       778.278
       778.796
       779.247
       779.673
       780.008
       780.262
       780.473
        780.58
        780.65
       780.715
       780.726
       780.707
       780.764
       780.846
       780.906
       780.937
       781.035
       781.105
       781.113
       781.075
       781.006
        780.89
       780.645
       780.314
        779.95
       779.495
       778.928
        778.13
       777.195
       776.402
       775.782
       776.202
       775.996
       775.195
       774.317
        773.07
       771.711
       770.216
       768.449
       766.612
        764.72
       762.862
       761.334
       759.922
       758.457
       756.964
       755.478
       754.012
       752.248
       750.428
       748.666
       747.023
       745.277
        743.57
       741.925
       740.431
       739.142
        737.93
       736.796
       735.625
       734.528
        733.26
       731.909
       730.629
       729.429
       728.313
       727.264
       726.281
       725.403
       724.606
        723.87
       723.191
       722.544
       721.956
       721.474
       732.029
       731.908
       721.093
       732.566
       732.567
       732.567
       732.567
       732.567
       732.567
       732.568
       732.568
       732.568
       732.568
       732.568
       732.568
       732.568
       732.568
       732.567
       732.567
       732.567
       732.566
       732.565
       732.565
       732.563
       732.562
       732.561
       732.559
       732.557
       732.554
       732.551
       732.548
       732.544
        732.54
       732.536
        732.53
       732.524
       732.518
       732.511
       732.503
       732.494
       732.485
       732.474
       732.463
       732.451
       732.438
       732.424
       732.409
       732.393
       732.377
       732.359
       732.341
       732.323
       732.303
       732.284
       732.264
       732.245
       732.226
       732.209
       732.192
       732.178
       732.165
       732.156
       732.151
       732.151
       732.156
       732.402
        732.66
        732.93
       733.139
       733.365
       733.612
       733.877
       734.167
       734.485
       734.789
       735.126
       735.499
       735.944
       736.431
       736.944
       737.524
       738.154
       738.837
       739.584
       740.391
       741.225
       741.862
       742.478
       743.067
       743.419
       743.754
       744.076
       744.471
        744.85
        745.25
       745.792
       746.319
       746.855
       747.415
       747.963
         748.5
       748.958
       749.387
        749.71
       749.937
       750.117
       750.176
       750.194
       750.207
       750.159
       750.079
       750.094
       750.146
       750.181
       750.187
       750.281
       750.348
       750.356
       750.324
       750.271
       750.178
       749.946
       749.628
       749.288
       748.857
       748.311
       747.506
       746.558
         745.8
       745.271
       746.012
       746.022
       745.338
       744.579
       743.393
       742.087
       740.631
       738.861
       737.019
       735.123
       733.279
       731.843
       730.558
       729.214
       727.839
        726.47
       725.121
       723.406
       721.615
       719.884
       718.284
       716.546
       714.838
       713.189
       711.706
       710.454
       709.279
       708.182
       707.027
       705.943
        704.64
       703.223
       701.877
       700.612
       699.435
       698.324
       697.278
       696.345
       695.496
       694.706
       693.974
       693.266
       692.617
       692.085
       704.806
       704.684
       691.693
       702.377
       702.377
       702.377
       702.377
       702.378
       702.378
       702.378
       702.378
       702.378
       702.378
       702.378
       702.378
       702.378
       702.378
       702.378
       702.377
       702.377
       702.376
       702.376
       702.375
       702.374
       702.372
       702.371
       702.369
       702.367
       702.364
       702.361
       702.358
       702.354
       702.349
       702.344
       702.339
       702.333
       702.326
       702.318
        702.31
       702.301
        702.29
       702.279
       702.267
       702.254
        702.24
       702.225
       702.208
       702.191
       702.172
       702.152
       702.132
        702.11
       702.087
       702.064
        702.04
       702.016
       701.992
       701.968
       701.945
       701.922
       701.902
       701.883
       701.867
       701.855
       701.848
       702.118
         702.4
       702.693
       702.911
       703.146
       703.399
       703.671
       703.966
       704.288
       704.588
       704.921
       705.288
       705.732
       706.215
       706.722
       707.298
       707.923
       708.599
       709.343
       710.144
       710.986
       711.624
       712.238
       712.823
       713.135
       713.429
       713.712
       714.081
       714.436
       714.817
       715.367
       715.901
       716.448
       717.027
       717.594
       718.151
       718.616
       719.049
       719.359
        719.56
        719.71
       719.722
       719.689
       719.652
       719.546
       719.404
       719.377
         719.4
        719.41
       719.393
       719.484
        719.55
       719.559
       719.535
       719.499
        719.43
       719.212
       718.909
       718.594
       718.188
       717.664
       716.853
       715.892
        715.17
       714.733
       715.796
       716.023
       715.457
       714.818
       713.693
       712.439
       711.022
       709.248
         707.4
         705.5
        703.67
       702.325
       701.166
       699.944
       698.686
       697.433
         696.2
       694.534
       692.773
       691.072
       689.515
       687.784
       686.077
       684.424
       682.951
       681.736
       680.599
       679.539
       678.399
       677.331
       675.993
       674.509
       673.096
       671.766
       670.526
       669.351
       668.241
       667.251
       666.348
       665.503
       664.715
       663.944
       663.233
       662.649
       677.542
       677.419
       662.244
        672.21
        672.21
        672.21
        672.21
       672.211
       672.211
       672.211
       672.211
       672.211
       672.211
       672.211
       672.211
       672.211
       672.211
       672.211
        672.21
        672.21
       672.209
       672.209
       672.208
       672.206
       672.205
       672.203
       672.201
       672.199
       672.196
       672.193
        672.19
       672.186
       672.181
       672.176
        672.17
       672.164
       672.156
       672.148
       672.139
       672.129
       672.119
       672.107
       672.094
       672.079
       672.064
       672.047
       672.029
        672.01
       671.989
       671.967
       671.943
       671.918
       671.892
       671.864
       671.835
       671.806
       671.775
       671.745
       671.713
       671.683
       671.652
       671.623
       671.595
        671.57
       671.548
       671.842
       672.146
       672.459
       672.685
       672.926
       673.185
        673.46
       673.758
       674.082
       674.376
       674.701
        675.06
         675.5
       675.978
       676.476
       677.045
       677.662
       678.331
       679.067
       679.861
       680.707
       681.336
       681.945
       682.526
       682.795
       683.048
        683.29
       683.635
       683.964
       684.327
       684.884
       685.426
       685.985
       686.582
       687.169
       687.745
       688.219
       688.655
       688.954
        689.13
       689.249
       689.216
       689.133
       689.046
       688.882
       688.678
       688.611
       688.607
       688.593
       688.554
       688.643
       688.707
        688.72
       688.705
       688.689
       688.645
       688.443
       688.156
       687.866
       687.487
       686.985
       686.169
       685.195
        684.51
       684.166
       685.552
       685.998
       685.549
       685.031
       683.967
       682.765
       681.386
       679.607
       677.753
       675.847
        674.03
       672.777
       671.743
       670.643
       669.502
       668.366
       667.249
       665.632
         663.9
       662.231
       660.717
       658.994
       657.286
       655.629
       654.169
       652.991
       651.892
        650.87
       649.745
       648.692
       647.319
       645.769
       644.289
       642.892
       641.589
       640.349
       639.173
       638.125
       637.165
       636.262
       635.415
       634.579
       633.802
       633.165
       650.236
       650.111
       632.745
       642.061
       642.061
       642.061
       642.061
       642.062
       642.062
       642.062
       642.062
       642.062
       642.062
       642.062
       642.062
       642.062
       642.062
       642.062
       642.061
       642.061
        642.06
       642.059
       642.058
       642.057
       642.056
       642.054
       642.052
       642.049
       642.047
       642.043
        642.04
       642.035
       642.031
       642.025
       642.019
       642.012
       642.005
       641.996
       641.987
       641.976
       641.965
       641.952
       641.938
       641.922
       641.906
       641.887
       641.867
       641.846
       641.823
       641.798
       641.771
       641.742
       641.712
        641.68
       641.646
        641.61
       641.573
       641.535
       641.495
       641.455
       641.414
       641.373
       641.333
       641.293
       641.255
        641.57
       641.895
       642.228
       642.459
       642.704
       642.966
       643.243
       643.542
       643.866
       644.151
       644.466
       644.814
       645.248
       645.719
       646.206
       646.766
       647.373
       648.032
       648.759
       649.544
       650.383
       650.995
       651.599
       652.173
         652.4
        652.61
        652.81
       653.129
       653.433
       653.776
       654.341
        654.89
       655.461
       656.078
       656.684
       657.282
       657.764
       658.205
       658.492
       658.643
       658.734
       658.657
       658.524
       658.387
       658.167
       657.902
       657.796
       657.766
        657.73
       657.669
       657.757
       657.821
        657.84
       657.836
        657.84
       657.823
       657.638
       657.366
       657.104
       656.751
       656.272
       655.451
       654.465
       653.817
       653.566
       655.277
       655.942
       655.612
       655.214
        654.21
        653.06
       651.719
       649.935
       648.074
       646.163
       644.358
       643.195
       642.288
        641.31
       640.287
       639.267
       638.266
       636.699
       634.997
       633.359
        631.89
       630.174
       628.467
       626.807
       625.359
        624.22
       623.159
       622.177
       621.068
        620.03
       618.623
       617.006
       615.458
       613.995
       612.627
       611.321
       610.077
       608.967
       607.947
       606.984
       606.074
       605.169
       604.325
        603.63
       622.888
       622.759
       603.192
       611.925
       611.925
       611.925
       611.926
       611.926
       611.926
       611.926
       611.926
       611.927
       611.927
       611.927
       611.927
       611.926
       611.926
       611.926
       611.926
       611.925
       611.924
       611.923
       611.922
       611.921
        611.92
       611.918
       611.916
       611.913
        611.91
       611.907
       611.903
       611.899
       611.894
       611.888
       611.882
       611.874
       611.866
       611.857
       611.847
       611.836
       611.824
        611.81
       611.795
       611.778
        611.76
        611.74
       611.719
       611.695
       611.669
       611.641
       611.611
       611.579
       611.544
       611.507
       611.468
       611.426
       611.382
       611.335
       611.286
       611.236
       611.184
        611.13
       611.076
       611.021
       610.966
       611.301
       611.645
       611.995
        612.23
       612.478
       612.742
       613.018
       613.316
       613.638
       613.912
       614.215
        614.55
       614.975
       615.437
       615.911
        616.46
       617.055
       617.701
       618.417
        619.19
       620.014
       620.604
       621.199
       621.764
       621.946
       622.112
       622.269
       622.561
       622.838
       623.161
       623.733
        624.29
       624.873
        625.51
       626.137
       626.756
       627.247
       627.693
        627.97
       628.098
       628.162
       628.042
        627.86
       627.675
       627.399
       627.073
       626.929
       626.875
       626.818
       626.738
       626.827
       626.895
       626.918
       626.926
       626.951
       626.962
       626.795
       626.541
       626.306
        625.98
       625.525
       624.699
       623.701
       623.089
       622.931
       624.967
        625.85
        625.64
       625.362
       624.419
       623.321
       622.018
       620.229
        618.36
       616.442
       614.649
       613.578
       612.798
       611.942
       611.037
       610.135
       609.251
       607.734
       606.062
       604.457
       603.033
       601.326
       599.619
       597.959
       596.524
       595.425
       594.404
       593.461
        592.37
       591.348
       589.906
       588.223
       586.607
       585.077
       583.643
       582.268
       580.955
        579.78
       578.697
       577.669
       576.693
       575.715
       574.799
       574.044
       595.494
       595.361
       573.582
       581.798
       581.798
       581.798
       581.799
       581.799
       581.799
       581.799
       581.799
       581.799
       581.799
       581.799
       581.799
       581.799
       581.799
       581.799
       581.798
       581.798
       581.797
       581.796
       581.795
       581.794
       581.792
        581.79
       581.788
       581.785
       581.782
       581.779
       581.775
        581.77
       581.765
       581.759
       581.753
       581.745
       581.737
       581.727
       581.717
       581.705
       581.692
       581.677
       581.661
       581.643
       581.624
       581.602
       581.579
       581.553
       581.525
       581.494
        581.46
       581.424
       581.385
       581.343
       581.297
       581.249
       581.197
       581.142
       581.084
       581.022
       580.958
       580.891
       580.822
        580.75
       580.677
       581.032
       581.393
        581.76
       581.997
       582.246
        582.51
       582.784
       583.079
       583.396
       583.657
       583.947
       584.267
       584.682
       585.133
       585.591
       586.127
       586.709
        587.34
       588.042
       588.801
       589.613
       590.164
       590.744
       591.297
       591.431
       591.551
       591.664
       591.927
       592.177
        592.48
       593.059
       593.623
       594.219
       594.876
       595.525
       596.166
       596.665
       597.117
       597.385
       597.492
       597.532
       597.369
       597.138
       596.906
       596.573
       596.188
       596.008
       595.932
       595.856
       595.757
        595.85
       595.923
       595.953
       595.974
       596.021
       596.061
       595.913
       595.677
        595.47
       595.172
        594.74
        593.91
       592.899
       592.324
       592.258
       594.619
       595.723
       595.631
       595.474
       594.591
       593.545
       592.279
       590.484
       588.607
       586.683
       584.902
       583.924
        583.27
       582.537
       581.751
       580.967
       580.201
       578.735
       577.095
       575.522
       574.144
       572.448
       570.744
       569.084
       567.664
       566.606
       565.627
       564.726
       563.653
       562.648
       561.173
       559.424
        557.74
       556.142
       554.641
       553.197
        551.81
       550.567
       549.418
        548.32
       547.271
       546.215
       545.223
       544.403
       568.054
       567.914
        543.91
       551.675
       551.675
       551.675
       551.675
       551.676
       551.676
       551.676
       551.676
       551.676
       551.676
       551.676
       551.676
       551.676
       551.676
       551.676
       551.675
       551.674
       551.674
       551.673
       551.672
        551.67
       551.669
       551.667
       551.664
       551.662
       551.659
       551.655
       551.651
       551.646
       551.641
       551.635
       551.628
        551.62
       551.611
       551.601
        551.59
       551.578
       551.564
       551.549
       551.532
       551.513
       551.492
       551.469
       551.443
       551.415
       551.384
       551.351
       551.314
       551.274
        551.23
       551.182
       551.131
       551.076
       551.016
       550.952
       550.884
       550.811
       550.735
       550.654
       550.568
        550.48
       550.387
        550.76
       551.137
       551.519
       551.757
       552.006
       552.268
       552.539
       552.829
        553.14
       553.387
       553.661
       553.965
       554.367
       554.804
       555.245
       555.766
       556.333
       556.948
       557.634
       558.377
       559.171
       559.672
       560.223
       560.767
       560.853
       560.924
       560.991
       561.224
       561.445
       561.727
       562.312
       562.885
       563.493
       564.172
       564.843
       565.506
       566.016
       566.475
       566.735
       566.821
       566.839
       566.634
       566.356
       566.078
       565.689
       565.246
       565.031
       564.934
       564.841
       564.726
       564.825
       564.905
       564.943
       564.978
       565.049
       565.119
       564.991
       564.774
       564.596
       564.326
       563.918
       563.083
       562.058
       561.519
       561.545
       564.233
       565.556
       565.583
       565.545
       564.722
       563.726
       562.497
       560.697
       558.813
       556.882
       555.113
       554.228
       553.703
       553.094
       552.427
       551.762
       551.115
       549.701
       548.093
       546.555
       545.224
        543.54
       541.842
       540.183
       538.781
       537.767
       536.831
       535.973
        534.92
       533.934
       532.427
       530.613
       528.862
       527.195
       525.626
        524.11
       522.647
       521.332
       520.111
       518.937
       517.811
       516.669
       515.592
       514.701
       540.561
       540.413
       514.167
       521.551
       521.551
       521.551
       521.552
       521.552
       521.552
       521.552
       521.552
       521.552
       521.552
       521.552
       521.552
       521.552
       521.552
       521.552
       521.551
        521.55
        521.55
       521.549
       521.548
       521.546
       521.544
       521.542
        521.54
       521.537
       521.534
        521.53
       521.526
       521.521
       521.516
       521.509
       521.502
       521.494
       521.485
       521.475
       521.463
        521.45
       521.436
        521.42
       521.402
       521.382
        521.36
       521.335
       521.308
       521.278
       521.244
       521.208
       521.168
       521.124
       521.075
       521.023
       520.965
       520.903
       520.835
       520.763
       520.684
         520.6
        520.51
       520.414
       520.313
       520.206
       520.094
       520.483
       520.876
       521.272
        521.51
       521.757
       522.016
       522.282
       522.565
       522.869
       523.099
       523.356
       523.641
        524.03
       524.452
       524.874
       525.379
       525.927
       526.524
       527.193
       527.918
       528.691
        529.14
       529.652
       530.176
       530.208
       530.229
       530.247
       530.448
       530.639
       530.898
        531.49
        532.07
       532.693
       533.394
       534.087
       534.774
       535.294
       535.761
       536.014
       536.083
        536.08
       535.835
       535.511
       535.187
       534.743
       534.245
       533.996
        533.88
        533.77
       533.641
       533.747
       533.839
       533.886
       533.938
       534.034
       534.135
       534.028
       533.831
       533.682
        533.44
       533.055
       532.215
       531.176
       530.672
       530.789
       533.803
       535.345
        535.49
       535.572
       534.807
       533.862
        532.67
       530.864
       528.972
       527.034
       525.279
       524.488
       524.092
       523.608
       523.062
       522.518
       521.991
       520.629
       519.056
       517.554
       516.273
       514.603
       512.912
       511.257
       509.875
       508.907
       508.017
       507.205
       506.175
       505.209
       503.672
       501.794
       499.976
       498.241
       496.604
       495.014
       493.472
       492.081
       490.781
       489.524
       488.311
       487.075
       485.904
       484.932
       513.011
       512.852
       484.344
       491.421
       491.422
       491.422
       491.422
       491.423
       491.423
       491.423
       491.423
       491.423
       491.423
       491.423
       491.423
       491.423
       491.423
       491.422
       491.422
       491.421
        491.42
       491.419
       491.418
       491.417
       491.415
       491.413
        491.41
       491.408
       491.404
       491.401
       491.396
       491.391
       491.386
       491.379
       491.372
       491.364
       491.354
       491.344
       491.332
       491.318
       491.303
       491.287
       491.268
       491.247
       491.223
       491.197
       491.168
       491.136
       491.101
       491.062
       491.018
        490.97
       490.918
        490.86
       490.797
       490.727
       490.652
        490.57
       490.481
       490.385
       490.282
       490.171
       490.053
       489.927
       489.794
       490.199
       490.607
       491.016
       491.252
       491.496
       491.751
        492.01
       492.286
        492.58
       492.793
       493.031
       493.296
       493.669
       494.075
       494.476
       494.963
       495.492
       496.069
       496.719
       497.424
       498.175
        498.57
       499.027
       499.515
       499.493
        499.46
       499.427
       499.593
       499.753
       499.988
       500.587
       501.175
       501.813
       502.536
       503.253
       503.964
       504.496
       504.973
       505.221
       505.275
       505.251
       504.967
       504.599
        504.23
       503.733
        503.18
         502.9
       502.766
       502.642
       502.499
       502.613
       502.719
       502.779
       502.849
       502.974
       503.109
       503.023
       502.847
       502.728
       502.514
       502.152
       501.305
       500.251
       499.781
       499.988
       503.327
       505.089
       505.351
       505.551
       504.844
       503.949
       502.793
        500.98
       499.081
       497.137
       495.396
       494.701
       494.435
       494.077
       493.653
        493.23
       492.825
       491.519
       489.981
       488.517
       487.287
       485.634
       483.953
       482.306
       480.947
       480.028
       479.187
       478.425
       477.419
       476.477
       474.913
       472.972
        471.09
       469.287
        467.58
       465.915
        464.29
       462.818
       461.433
       460.085
       458.774
       457.432
       456.154
       455.089
       485.397
       485.223
       454.427
       461.282
       461.283
       461.283
       461.283
       461.283
       461.283
       461.284
       461.284
       461.284
       461.284
       461.284
       461.284
       461.284
       461.283
       461.283
       461.282
       461.282
       461.281
        461.28
       461.279
       461.277
       461.275
       461.273
       461.271
       461.268
       461.265
       461.261
       461.257
       461.252
       461.246
       461.239
       461.232
       461.223
       461.214
       461.203
       461.191
       461.177
       461.162
       461.144
       461.125
       461.103
       461.079
       461.051
       461.021
       460.987
        460.95
       460.908
       460.861
        460.81
       460.753
        460.69
       460.621
       460.545
       460.462
       460.371
       460.272
       460.164
       460.047
       459.921
       459.786
       459.641
       459.486
       459.907
       460.329
       460.749
       460.983
       461.223
       461.472
       461.723
        461.99
       462.274
       462.468
       462.685
       462.929
       463.284
       463.672
       464.051
       464.518
       465.027
       465.583
       466.213
       466.896
       467.624
       467.965
       468.363
       468.802
       468.704
       468.614
       468.525
       468.655
        468.78
        468.99
       469.595
       470.193
       470.848
       471.595
       472.336
       473.071
       473.616
       474.104
        474.35
       474.391
       474.349
       474.028
       473.617
       473.204
       472.656
        472.05
       471.741
       471.589
       471.451
       471.295
       471.419
       471.541
       471.617
       471.712
       471.867
       472.038
       471.977
       471.821
       471.733
       471.547
       471.207
       470.353
       469.282
       468.843
       469.139
       472.804
       474.784
       475.161
       475.479
       474.829
       473.983
       472.863
       471.043
       469.135
       467.185
       465.459
       464.862
       464.728
       464.497
       464.196
       463.897
       463.616
       462.366
       460.866
       459.443
       458.268
       456.635
       454.967
       453.331
       451.998
       451.132
       450.344
       449.634
       448.658
       447.743
       446.154
       444.154
       442.209
        440.34
       438.564
       436.822
       435.112
       433.552
       432.075
       430.624
       429.203
        427.74
       426.338
       425.163
       457.709
       457.515
       424.398
       431.128
       431.129
       431.129
       431.129
       431.129
        431.13
        431.13
        431.13
        431.13
        431.13
        431.13
        431.13
        431.13
       431.129
       431.129
       431.128
       431.128
       431.127
       431.126
       431.125
       431.123
       431.121
       431.119
       431.117
       431.114
       431.111
       431.107
       431.103
       431.098
       431.092
       431.085
       431.078
       431.069
       431.059
       431.048
       431.036
       431.022
       431.006
       430.988
       430.968
       430.946
       430.921
       430.893
       430.861
       430.826
       430.786
       430.742
       430.693
       430.639
       430.578
       430.511
       430.436
       430.354
       430.263
       430.164
       430.054
       429.934
       429.804
       429.663
        429.51
       429.345
       429.168
       429.604
       430.039
       430.471
       430.701
       430.935
       431.177
        431.42
       431.676
       431.948
       432.121
       432.316
       432.537
       432.875
       433.243
       433.598
       434.044
       434.532
       435.065
       435.673
       436.335
        437.04
       437.326
       437.667
       438.039
       437.855
       437.689
       437.536
       437.624
       437.713
       437.897
       438.506
       439.117
       439.796
       440.567
        441.33
       442.089
       442.648
        443.15
       443.397
       443.427
       443.369
       443.014
       442.562
       442.107
       441.509
       440.852
       440.514
       440.348
       440.197
       440.028
       440.162
       440.299
         440.4
       440.523
       440.714
       440.924
       440.888
       440.755
       440.697
       440.539
       440.221
       439.357
       438.266
       437.857
        438.24
        442.23
       444.427
       444.918
       445.351
       444.757
       443.959
       442.875
       441.047
       439.131
       437.175
       435.465
       434.965
       434.965
       434.863
       434.688
       434.514
        434.36
       433.169
       431.709
       430.329
       429.211
       427.602
       425.951
        424.33
       423.028
       422.219
       421.489
       420.836
       419.894
        419.01
         417.4
       415.346
       413.341
       411.409
       409.566
       407.745
       405.947
       404.295
       402.716
       401.151
       399.604
           398
       396.451
       395.142
       429.935
       429.716
       394.233
       400.955
       400.956
       400.956
       400.956
       400.956
       400.956
       400.957
       400.957
       400.957
       400.957
       400.957
       400.957
       400.956
       400.956
       400.956
       400.955
       400.955
       400.954
       400.953
       400.951
        400.95
       400.948
       400.946
       400.944
       400.941
       400.938
       400.934
       400.929
       400.924
       400.919
       400.912
       400.905
       400.896
       400.886
       400.875
       400.863
       400.849
       400.833
       400.815
       400.794
       400.772
       400.746
       400.717
       400.685
       400.648
       400.607
       400.562
        400.51
       400.453
       400.389
       400.318
       400.238
        400.15
       400.052
       399.944
       399.825
       399.694
        399.55
       399.393
       399.223
       399.038
       398.839
       399.289
       399.736
       400.178
       400.404
       400.632
       400.866
       401.098
       401.343
       401.602
       401.753
       401.925
       402.121
       402.439
       402.786
       403.117
        403.54
       404.004
       404.514
         405.1
        405.74
       406.423
       406.658
       406.948
       407.268
       406.996
        406.75
       406.531
       406.575
       406.625
       406.778
       407.384
       407.991
       408.665
       409.446
       410.228
       411.011
       411.584
       412.108
       412.358
       412.378
       412.306
        411.92
       411.429
       410.935
       410.289
       409.582
       409.219
       409.039
       408.876
       408.695
       408.835
       408.992
       409.127
       409.285
       409.516
       409.767
       409.759
       409.649
       409.622
       409.491
       409.192
       408.317
       407.204
       406.821
       407.286
       411.599
       414.011
       414.615
       415.162
       414.623
       413.872
       412.822
       410.986
       409.062
       407.102
       405.407
       405.007
       405.142
       405.172
       405.124
       405.078
       405.052
       403.923
       402.506
       401.172
       400.115
       398.534
       396.905
       395.303
       394.037
       393.291
       392.623
       392.033
       391.129
       390.282
       388.658
       386.555
       384.496
       382.505
       380.596
       378.699
        376.81
       375.061
        373.37
       371.676
       369.984
       368.214
        366.49
       365.013
       402.059
       401.807
       363.901
       370.758
       370.758
       370.759
       370.759
       370.759
       370.759
       370.759
        370.76
        370.76
        370.76
        370.76
       370.759
       370.759
       370.759
       370.759
       370.758
       370.757
       370.757
       370.756
       370.754
       370.753
       370.751
       370.749
       370.747
       370.744
       370.741
       370.737
       370.733
       370.728
       370.722
       370.716
       370.708
         370.7
        370.69
       370.679
       370.667
       370.653
       370.637
       370.619
       370.598
       370.575
       370.549
        370.52
       370.487
        370.45
       370.408
       370.361
       370.308
       370.249
       370.182
       370.107
       370.024
       369.931
       369.826
       369.711
       369.582
        369.44
       369.283
       369.111
       368.923
       368.718
       368.497
        368.96
       369.419
        369.87
        370.09
       370.311
       370.536
       370.757
       370.989
       371.233
       371.361
       371.509
        371.68
       371.976
         372.3
       372.605
       373.004
       373.444
       373.928
       374.491
       375.108
        375.77
       375.957
       376.203
       376.481
       376.135
       375.821
        375.54
       375.542
       375.551
       375.669
       376.265
       376.855
       377.517
       378.296
       379.079
       379.869
       380.449
       380.977
       381.226
       381.237
       381.152
       380.744
       380.218
       379.686
       378.993
       378.238
       377.851
        377.66
       377.489
       377.302
       377.456
       377.635
       377.804
           378
       378.274
       378.569
       378.591
       378.505
       378.508
       378.403
       378.123
       377.234
       376.096
       375.735
       376.279
       380.911
       383.535
       384.247
       384.907
        384.42
       383.715
       382.699
       380.855
       378.923
       376.959
       375.283
       374.984
       375.256
       375.419
       375.501
       375.584
        375.69
       374.625
       373.254
       371.971
       370.979
        369.43
       367.827
        366.25
       365.025
       364.347
       363.748
       363.227
       362.369
       361.565
       359.934
       357.788
       355.681
       353.638
       351.668
       349.698
       347.719
       345.868
       344.057
       342.219
       340.358
       338.391
       336.453
       334.764
       374.058
       373.766
       333.367
       340.532
       340.533
       340.533
       340.533
       340.533
       340.534
       340.534
       340.534
       340.534
       340.534
       340.534
       340.534
       340.534
       340.533
       340.533
       340.532
       340.532
       340.531
        340.53
       340.529
       340.527
       340.526
       340.524
       340.521
       340.519
       340.516
       340.512
       340.508
       340.503
       340.497
       340.491
       340.484
       340.475
       340.466
       340.455
       340.443
       340.429
       340.414
       340.396
       340.376
       340.353
       340.327
       340.298
       340.264
       340.227
       340.185
       340.137
       340.083
       340.022
       339.954
       339.877
        339.79
       339.692
       339.582
        339.46
       339.323
       339.171
       339.002
       338.815
       338.609
       338.385
        338.14
       338.617
       339.087
       339.547
        339.76
       339.972
       340.187
       340.395
       340.613
       340.842
       340.945
       341.066
        341.21
       341.484
       341.785
       342.061
       342.435
       342.849
       343.306
       343.844
       344.436
       345.073
       345.217
       345.429
       345.674
       345.262
       344.889
       344.555
        344.52
       344.489
       344.571
       345.154
       345.729
       346.378
       347.154
       347.934
       348.726
       349.296
       349.816
       350.048
       350.032
       349.927
       349.488
       348.929
       348.357
       347.617
       346.817
       346.407
       346.208
       346.036
       345.851
       346.036
       346.238
       346.433
       346.675
       346.993
       347.333
       347.386
       347.326
        347.36
       347.279
       347.015
       346.109
       344.941
       344.597
       345.214
       350.161
       352.992
       353.809
       354.578
        354.14
       353.481
       352.499
       350.648
        348.71
       346.743
       345.086
       344.891
       345.302
       345.599
       345.812
       346.027
       346.268
       345.269
       343.948
       342.719
       341.798
       340.287
       338.715
       337.168
       335.991
       335.387
       334.864
       334.419
       333.614
       332.863
       331.232
       329.054
       326.909
       324.822
         322.8
       320.762
       318.696
       316.741
       314.803
       312.805
       310.751
        308.55
       306.349
       304.386
       345.905
       345.566
       302.589
       310.273
       310.274
       310.274
       310.274
       310.274
       310.275
       310.275
       310.275
       310.275
       310.275
       310.275
       310.275
       310.275
       310.274
       310.274
       310.273
       310.273
       310.272
       310.271
        310.27
       310.269
       310.267
       310.265
       310.263
        310.26
       310.257
       310.254
        310.25
       310.245
        310.24
       310.234
       310.227
       310.219
        310.21
       310.199
       310.187
       310.174
       310.159
       310.141
       310.121
       310.099
       310.074
       310.045
       310.012
       309.975
       309.933
       309.885
       309.831
        309.77
         309.7
       309.621
       309.532
       309.432
       309.318
        309.19
       309.046
       308.884
       308.704
       308.503
       308.281
       308.036
       307.768
       308.258
       308.738
       309.205
       309.411
       309.614
       309.817
       310.011
       310.214
       310.426
       310.503
       310.597
       310.713
       310.962
       311.238
       311.485
       311.833
       312.219
       312.643
       313.159
       313.735
       314.368
       314.477
       314.653
       314.869
       314.399
       313.974
       313.592
       313.524
       313.457
       313.503
       314.072
       314.629
       315.261
       316.024
       316.793
       317.577
       318.137
       318.654
        318.87
       318.823
       318.679
       318.186
       317.567
       316.944
       316.154
       315.314
       314.882
       314.688
       314.536
       314.373
       314.595
       314.821
       315.042
        315.32
       315.676
       316.061
       316.147
       316.116
       316.181
       316.125
       315.873
       314.945
       313.741
       313.407
       314.089
       319.344
       322.377
       323.292
       324.166
       323.776
       323.162
       322.215
       320.357
       318.414
       316.448
       314.812
       314.722
       315.273
       315.707
       316.052
       316.402
       316.779
        315.85
       314.582
       313.413
       312.569
         311.1
       309.566
       308.056
       306.933
       306.411
       305.972
       305.611
       304.868
       304.178
        302.56
        300.36
       298.191
       296.072
        294.01
       291.915
       289.769
       287.714
       285.642
       283.471
       281.196
       278.719
       276.196
       273.878
       317.567
       317.172
       271.522
       279.977
       279.977
       279.977
       279.977
       279.977
       279.978
       279.978
       279.978
       279.978
       279.978
       279.978
       279.978
       279.978
       279.977
       279.977
       279.976
       279.976
       279.975
       279.974
       279.973
       279.972
        279.97
       279.969
       279.967
       279.964
       279.961
       279.958
       279.954
        279.95
       279.945
       279.939
       279.932
       279.925
       279.916
       279.906
       279.895
       279.882
       279.867
       279.851
       279.832
        279.81
       279.785
       279.757
       279.726
       279.689
       279.648
       279.601
       279.548
       279.487
       279.417
       279.338
       279.248
       279.146
        279.03
       278.897
       278.748
       278.579
       278.388
       278.175
       277.936
       277.672
       277.381
       277.883
       278.372
       278.846
       279.043
       279.235
       279.425
       279.604
        279.79
       279.984
       280.034
       280.099
       280.184
       280.409
       280.659
       280.872
       281.195
       281.559
       281.977
       282.492
       283.072
       283.706
       283.784
       283.933
       284.122
       283.593
       283.114
        282.68
       282.575
       282.468
       282.477
        283.03
       283.568
       284.181
       284.928
        285.68
        286.45
       286.991
       287.497
        287.69
       287.607
        287.42
       286.851
       286.158
       285.477
       284.632
       283.732
       283.297
       283.146
       283.033
       282.896
       283.151
       283.402
       283.648
       283.944
       284.324
       284.748
       284.876
        284.88
       284.978
       284.944
       284.702
       283.746
         282.5
       282.167
       282.904
       288.458
       291.682
       292.688
       293.662
       293.317
       292.746
       291.835
       289.974
        288.03
       286.066
       284.454
       284.471
       285.165
       285.736
       286.215
       286.701
       287.218
       286.362
       285.151
       284.047
       283.286
       281.867
       280.377
       278.911
       277.849
       277.418
        277.07
       276.802
       276.131
       275.514
       273.921
       271.715
       269.537
       267.404
        265.32
       263.183
       260.972
       258.824
       256.622
       254.268
       251.747
        248.95
       246.031
       243.256
       289.003
       288.544
       240.132
       249.637
       249.637
       249.637
       249.638
       249.638
       249.638
       249.638
       249.638
       249.638
       249.638
       249.638
       249.638
       249.638
       249.638
       249.637
       249.637
       249.636
       249.636
       249.635
       249.634
       249.633
       249.631
        249.63
       249.628
       249.625
       249.623
        249.62
       249.616
       249.612
       249.607
       249.602
       249.596
       249.589
       249.581
       249.571
       249.561
       249.549
       249.535
       249.519
       249.501
       249.481
       249.457
       249.431
       249.401
       249.366
       249.326
       249.281
       249.229
        249.17
       249.102
       249.024
       248.934
       248.832
       248.715
       248.581
       248.427
       248.253
       248.054
       247.829
       247.576
       247.293
       246.978
       247.492
       247.989
       248.468
       248.655
       248.834
       249.009
       249.172
        249.34
       249.515
       249.536
       249.572
       249.623
       249.824
        250.05
        250.25
       250.567
       250.932
       251.351
       251.867
        252.45
       253.085
       253.137
       253.261
       253.426
        252.84
       252.304
       251.816
       251.672
       251.525
       251.497
       252.034
        252.55
        253.14
       253.868
       254.603
       255.358
       255.876
       256.355
       256.509
       256.384
       256.157
       255.524
       254.767
       254.029
       253.126
       252.173
       251.742
        251.63
       251.551
       251.446
        251.75
       252.035
        252.27
       252.551
       252.948
       253.427
       253.603
       253.631
       253.757
       253.743
       253.508
        252.52
       251.222
       250.878
       251.655
       257.494
       260.899
       261.986
       263.054
       262.749
       262.223
       261.352
       259.491
       257.551
       255.594
        254.01
       254.137
       254.974
       255.682
       256.295
       256.918
       257.577
       256.798
       255.649
       254.615
       253.943
        252.58
       251.143
       249.729
       248.738
       248.404
       248.156
       247.991
       247.404
       246.872
       245.319
       243.125
       240.959
       238.834
       236.751
       234.597
       232.343
       230.123
       227.802
       225.266
       222.482
       219.321
       215.928
       212.572
       260.167
        259.64
       208.411
        219.25
        219.25
        219.25
       219.251
       219.251
       219.251
       219.251
       219.251
       219.251
       219.251
       219.251
       219.251
       219.251
       219.251
        219.25
        219.25
        219.25
       219.249
       219.248
       219.247
       219.246
       219.245
       219.243
       219.242
        219.24
       219.237
       219.234
       219.231
       219.227
       219.223
       219.218
       219.213
       219.206
       219.199
        219.19
        219.18
       219.169
       219.157
       219.142
       219.126
       219.107
       219.085
        219.06
       219.032
           219
       218.962
        218.92
        218.87
       218.814
       218.749
       218.673
       218.587
       218.486
        218.37
       218.237
       218.082
       217.905
       217.701
       217.467
         217.2
       216.899
       216.561
       217.086
       217.589
       218.071
       218.245
       218.409
       218.568
       218.714
       218.864
       219.017
       219.008
       219.018
       219.055
       219.252
       219.479
       219.676
        219.99
       220.351
       220.768
       221.283
       221.865
         222.5
       222.526
       222.627
       222.772
        222.13
        221.54
       221.001
        220.82
       220.634
       220.568
       221.087
       221.578
       222.141
       222.848
       223.562
       224.294
       224.777
       225.218
       225.329
       225.163
       224.891
       224.197
       223.381
       222.593
       221.647
       220.665
       220.274
       220.229
       220.201
       220.128
       220.464
       220.735
       220.941
       221.212
       221.632
       222.146
       222.327
        222.37
       222.524
        222.53
       222.301
       221.276
       219.918
       219.549
       220.347
       226.448
       230.015
       231.168
        232.32
       232.053
       231.574
       230.749
       228.898
       226.971
       225.029
       223.478
       223.719
       224.699
        225.54
       226.283
       227.042
       227.845
       227.145
       226.063
       225.106
       224.531
       223.235
       221.861
       220.509
       219.596
       219.369
       219.229
       219.174
       218.681
       218.249
       216.754
       214.594
       212.465
       210.378
       208.327
        206.19
       203.927
       201.667
       199.255
       196.554
       193.507
       189.952
       186.008
       181.928
       231.016
       230.418
       176.414
       188.811
       188.811
       188.811
       188.812
       188.812
       188.812
       188.812
       188.812
       188.812
       188.812
       188.812
       188.812
       188.812
       188.812
       188.811
       188.811
       188.811
        188.81
       188.809
       188.809
       188.808
       188.807
       188.805
       188.804
       188.802
         188.8
       188.797
       188.794
       188.791
       188.787
       188.783
       188.778
       188.772
       188.765
       188.758
       188.749
       188.739
       188.728
       188.715
         188.7
       188.683
       188.663
       188.641
       188.615
       188.586
       188.552
       188.512
       188.467
       188.415
       188.354
       188.283
       188.201
       188.105
       187.994
       187.863
       187.711
       187.534
       187.328
       187.088
       186.811
       186.493
       186.132
       186.665
       187.173
       187.654
       187.813
       187.961
         188.1
       188.225
       188.361
       188.505
       188.494
       188.504
        188.54
       188.737
       188.962
       189.152
        189.46
       189.814
       190.221
       190.729
       191.307
       191.941
       191.941
       192.022
       192.149
       191.457
        190.82
       190.235
       190.021
       189.798
       189.696
       190.194
       190.655
       191.187
       191.868
       192.554
        193.26
       193.704
       194.105
       194.167
       193.944
       193.612
       192.859
       191.991
       191.154
       190.172
       189.211
       188.896
       188.906
        188.94
       188.893
       189.238
       189.508
       189.698
       189.942
        190.34
        190.85
       191.031
       191.095
       191.285
       191.315
       191.092
        190.03
       188.605
       188.194
       188.984
       195.315
       199.016
       200.214
       201.438
       201.204
       200.773
       200.005
       198.179
       196.283
        194.37
       192.863
       193.221
        194.34
       195.308
       196.174
       197.064
       198.008
       197.388
       196.379
       195.508
       195.043
       193.825
       192.526
       191.247
       190.422
       190.308
       190.282
       190.347
       189.958
        189.64
       188.222
       186.122
       184.061
       182.048
       180.071
       177.996
       175.772
       173.522
       171.069
       168.247
       164.966
       161.016
       156.465
       151.517
       201.514
       200.846
       144.317
       158.315
       158.315
       158.315
       158.316
       158.316
       158.316
       158.316
       158.316
       158.316
       158.316
       158.316
       158.316
       158.316
       158.316
       158.315
       158.315
       158.315
       158.314
       158.314
       158.313
       158.312
       158.311
        158.31
       158.309
       158.307
       158.305
       158.303
       158.301
       158.298
       158.295
       158.291
       158.287
       158.282
       158.276
       158.269
       158.262
       158.253
       158.243
       158.232
       158.219
       158.204
       158.187
       158.168
       158.145
       158.119
       158.089
       158.055
       158.014
       157.968
       157.913
       157.849
       157.773
       157.685
        157.58
       157.457
       157.311
       157.139
       156.936
       156.695
       156.412
        156.08
       155.695
       156.235
       156.743
       157.218
       157.355
       157.488
       157.619
       157.748
       157.891
       158.047
       158.037
       158.048
       158.082
       158.277
       158.497
       158.675
       158.971
       159.311
       159.703
       160.198
       160.765
       161.394
       161.367
       161.429
       161.547
       160.815
       160.141
        159.52
       159.282
       159.027
       158.888
       159.362
       159.789
       160.284
        160.93
        161.58
       162.249
       162.648
       163.006
       163.017
       162.733
        162.35
       161.545
        160.64
       159.798
       158.827
       157.881
       157.556
       157.552
       157.582
       157.558
       157.955
       158.265
       158.486
       158.709
       159.079
       159.566
       159.738
       159.823
       160.053
        160.11
         159.9
       158.805
        157.31
       156.837
        157.58
       164.089
       167.884
       169.095
       170.375
       170.167
       169.793
       169.097
       167.318
       165.481
       163.626
       162.178
       162.651
       163.901
       164.985
       165.962
       166.969
       168.049
        167.51
       166.579
       165.806
       165.466
       164.342
       163.134
       161.941
       161.214
       161.219
       161.311
       161.498
       161.221
       161.033
       159.715
       157.704
       155.751
       153.856
       152.002
       150.045
       147.924
       145.754
       143.338
       140.479
       137.042
       132.753
       127.593
       121.666
       171.655
       170.922
       112.512
       127.757
       127.757
       127.758
       127.758
       127.758
       127.758
       127.758
       127.758
       127.758
       127.758
       127.758
       127.758
       127.758
       127.758
       127.758
       127.758
       127.757
       127.757
       127.756
       127.756
       127.755
       127.754
       127.753
       127.752
       127.751
       127.749
       127.748
       127.746
       127.743
       127.741
       127.738
       127.734
        127.73
       127.725
        127.72
       127.714
       127.707
       127.699
       127.689
       127.679
       127.666
       127.652
       127.636
       127.617
       127.595
        127.57
       127.541
       127.507
       127.467
        127.42
       127.365
       127.299
        127.22
       127.127
       127.015
        126.88
       126.719
       126.525
       126.291
       126.008
       125.667
       125.257
       125.798
       126.304
       126.777
       126.914
        127.05
       127.191
       127.327
       127.477
       127.643
       127.635
       127.645
       127.676
       127.868
       128.082
       128.244
       128.523
       128.841
       129.207
       129.678
       130.225
       130.842
       130.787
       130.835
       130.951
       130.194
         129.5
       128.861
        128.61
       128.332
       128.157
       128.604
        128.99
       129.438
       130.036
       130.635
       131.255
       131.599
       131.908
       131.871
       131.541
       131.124
       130.289
       129.385
       128.577
       127.645
       126.724
       126.395
       126.358
        126.36
       126.315
       126.707
       127.026
       127.234
       127.461
       127.842
       128.336
       128.503
       128.586
       128.842
       128.929
       128.743
       127.632
       126.079
       125.529
       126.169
       132.768
       136.591
        137.77
       139.082
       138.895
       138.589
       137.995
       136.303
       134.567
       132.809
       131.444
       132.034
       133.396
        134.57
       135.631
       136.735
       137.941
       137.485
       136.644
       135.983
       135.786
       134.779
       133.683
       132.596
       131.976
       132.102
       132.308
       132.616
       132.453
       132.405
       131.212
       129.329
       127.529
       125.806
       124.135
       122.362
       120.423
       118.427
       116.159
       113.394
       109.952
       105.476
       99.8205
       92.8996
       141.487
       140.701
       81.7616
       97.1329
       97.1332
       97.1334
       97.1336
       97.1337
       97.1338
       97.1339
       97.1339
        97.134
        97.134
       97.1339
       97.1339
       97.1338
       97.1337
       97.1336
       97.1334
       97.1331
       97.1328
       97.1325
        97.132
       97.1315
       97.1309
       97.1302
       97.1294
       97.1284
       97.1272
       97.1259
       97.1244
       97.1226
       97.1205
       97.1181
       97.1154
       97.1123
       97.1087
       97.1046
       97.0998
       97.0944
       97.0882
        97.081
       97.0728
       97.0633
       97.0524
       97.0398
       97.0252
       97.0084
       96.9888
       96.9659
       96.9391
       96.9076
       96.8702
       96.8256
       96.7719
       96.7069
       96.6277
       96.5311
       96.4134
       96.2695
       96.0948
       95.8787
       95.6058
       95.2704
       94.8506
       95.4083
       95.9195
       96.4006
       96.5335
       96.6699
       96.8146
       96.9549
        97.111
       97.2849
       97.2807
       97.2947
       97.3237
       97.5132
       97.7156
       97.8586
       98.1129
       98.3986
       98.7284
       99.1603
       99.6724
       100.266
       100.179
       100.217
       100.344
       99.5825
       98.8981
       98.2649
       98.0219
       97.7308
       97.5245
        97.937
         98.27
       98.6552
       99.1868
       99.7157
       100.268
       100.539
       100.785
       100.706
       100.351
       99.9408
       99.1476
        98.313
       97.5853
        96.711
       95.8089
       95.4697
       95.4345
       95.4116
       95.3296
       95.7082
       95.9874
       96.1453
       96.3467
       96.7063
       97.1767
        97.317
       97.3848
       97.6415
       97.7681
       97.6379
       96.5545
       94.9873
       94.3671
       94.8326
       101.355
       105.094
       106.173
       107.481
       107.313
       107.099
       106.651
       105.108
       103.548
       101.953
       100.711
       101.411
       102.851
        104.07
       105.169
       106.332
       107.642
       107.273
        106.54
       106.016
       105.985
       105.125
       104.176
       103.222
       102.724
       102.964
       103.268
       103.679
       103.621
       103.721
        102.68
       100.973
       99.3855
       97.8988
       96.4782
       94.9648
       93.2946
       91.5831
       89.6063
       87.1243
       83.9223
       79.5614
       73.7287
       66.0302
       111.162
        110.35
       53.4133
       66.4373
       66.4376
       66.4378
       66.4379
        66.438
       66.4381
       66.4381
       66.4382
       66.4382
       66.4382
       66.4382
       66.4382
       66.4381
        66.438
       66.4379
       66.4378
       66.4376
       66.4374
       66.4372
       66.4369
       66.4366
       66.4362
       66.4357
       66.4351
       66.4344
       66.4337
       66.4328
       66.4317
       66.4305
       66.4291
       66.4275
       66.4257
       66.4236
       66.4211
       66.4183
       66.4151
       66.4114
       66.4072
       66.4023
       66.3967
       66.3903
       66.3828
       66.3743
       66.3643
       66.3528
       66.3393
       66.3236
       66.3051
       66.2832
        66.257
       66.2254
       66.1867
       66.1384
       66.0774
        66.001
       65.9061
       65.7852
       65.6423
       65.4639
       65.2424
       64.9578
         64.57
       65.1301
       65.6205
       66.0828
       66.2027
       66.3354
       66.4806
       66.6237
       66.7841
       66.9663
       66.9716
       66.9946
       67.0262
       67.2106
       67.4002
       67.5215
       67.7459
       67.9906
        68.268
       68.6392
       69.0886
       69.6353
        69.513
        69.542
       69.6898
       68.9639
       68.3357
       67.7516
        67.541
       67.2547
       67.0236
        67.388
         67.65
       67.9499
       68.3874
       68.8172
       69.2744
       69.4537
       69.6337
       69.5283
       69.1931
       68.8529
       68.1547
       67.4318
       66.8189
       66.0451
       65.2107
       64.9084
       64.8587
       64.7859
         64.65
       64.9836
       65.2056
        65.301
       65.4429
       65.7404
       66.1431
       66.2257
       66.2456
        66.482
       66.6403
       66.5828
       65.6187
        64.163
       63.5479
       63.7571
       69.8593
       73.3132
       74.2012
       75.4567
       75.3147
       75.2266
       74.9878
       73.7024
         72.44
       71.1239
       70.0789
        70.869
       72.3132
       73.5021
       74.5663
       75.7143
       77.0762
       76.8101
       76.2296
        75.877
       76.0373
        75.369
       74.6225
       73.8507
       73.4917
       73.8243
       74.1881
       74.6592
        74.681
       74.9174
       74.0662
       72.6062
       71.3112
       70.1327
       69.0313
       67.8528
       66.5432
       65.2302
       63.7041
       61.7413
       59.1285
       55.3895
       50.0526
        42.276
       81.0007
       80.2304
         29.71
       35.6656
       35.6658
       35.6659
        35.666
        35.666
       35.6661
       35.6661
       35.6661
       35.6661
       35.6661
       35.6661
       35.6661
       35.6661
       35.6661
        35.666
       35.6659
       35.6659
       35.6658
       35.6656
       35.6655
       35.6653
       35.6651
       35.6649
       35.6646
       35.6642
       35.6639
       35.6634
       35.6629
       35.6623
       35.6616
       35.6608
       35.6598
       35.6588
       35.6575
       35.6561
       35.6545
       35.6526
       35.6505
        35.648
       35.6452
       35.6419
       35.6382
       35.6338
       35.6288
       35.6229
       35.6161
        35.608
       35.5986
       35.5873
       35.5738
       35.5572
       35.5363
       35.5088
       35.4691
       35.4161
       35.3536
       35.2845
       35.2073
       35.1111
       34.9839
        34.799
       34.4891
       34.9906
       35.4006
       35.7976
       35.9046
       36.0369
       36.1833
       36.3267
       36.4852
       36.6683
       36.6976
        36.746
       36.7937
       36.9687
       37.1406
       37.2448
       37.4328
       37.6266
        37.836
       38.1145
       38.4524
       38.8938
       38.7504
       38.7656
       38.9175
        38.309
       37.8177
       37.3492
       37.1949
       36.9475
       36.7193
       36.9967
       37.1575
       37.3428
       37.6436
       37.9329
       38.2579
       38.3529
       38.4795
       38.3627
       38.0781
       37.8292
       37.2812
       36.7231
        36.268
       35.6638
       34.9857
       34.7372
       34.6596
       34.5416
       34.3594
       34.5731
       34.6866
        34.698
       34.7571
       34.9534
       35.2511
       35.2792
       35.2663
       35.4611
       35.6105
        35.653
       34.9613
       33.8734
        33.441
       33.4089
       38.3089
       41.0777
        41.704
       42.8104
       42.7564
       42.8412
       42.8736
       42.0318
       41.2655
       40.4375
       39.7553
       40.5608
       41.8497
       42.8905
       43.8197
       44.8285
       46.0977
       45.9982
       45.6726
       45.5469
         45.88
       45.4847
       45.0382
       44.5448
        44.359
       44.7228
       45.0703
       45.5129
       45.5677
       45.8748
       45.2762
       44.2017
       43.3081
       42.5139
       41.7889
       41.0113
       40.1474
       39.3304
       38.3991
        37.199
       35.5901
       33.1918
       29.5438
        23.433
       51.5993
       51.0377
        14.182
       4.81285
       4.81285
       4.81285
       4.81285
       4.81285
       4.81285
       4.81285
       4.81285
       4.81285
       4.81285
       4.81285
       4.81285
       4.81285
       4.81285
       4.81285
       4.81285
       4.81285
       4.81285
       4.81285
       4.81285
       4.81285
       4.81285
       4.81285
       4.81285
       4.81285
       4.81285
       4.81285
       4.81285
       4.81285
       4.81285
       4.81285
       4.81285
       4.81285
       4.81285
       4.81285
       4.81285
       4.81285
       4.81285
       4.81285
       4.81285
       4.81285
       4.81285
       4.81285
       4.81285
       4.81285
       4.81285
       4.81285
       4.81285
       4.81285
       4.81285
       4.81285
       4.81285
       4.81285
       4.81285
       4.81285
       4.81285
       4.81285
       4.81285
       4.81285
       4.81285
       4.81285
       4.81285
        5.0301
       5.24931
       5.46841
       5.61694
       5.76548
       5.91399
       6.05915
       6.20431
       6.34902
       6.45272
       6.55642
       6.66053
       6.79517
       6.92979
       7.04858
       7.18539
        7.3222
        7.4592
       7.60504
       7.75087
       7.89208
       7.87143
       7.85077
       7.82366
       7.59588
       7.36811
       7.14411
       7.00111
       6.85811
       6.74777
       6.78104
        6.8143
       6.87002
       6.96198
       7.05394
       7.14589
       7.17301
       7.18323
       7.10966
       6.96346
       6.78875
       6.51649
        6.2159
       5.92092
       5.58452
         5.235
       4.99886
       4.82545
       4.66284
       4.50023
        4.4446
       4.39187
       4.33914
       4.31965
       4.35221
       4.42137
       4.43876
       4.45615
       4.53408
        4.6144
       4.67735
       4.59156
       4.46569
       4.60884
       5.05798
       6.77524
       7.92206
        8.5315
       9.16687
       9.49341
       9.78819
       10.0191
       10.0279
       10.0367
       10.0611
       10.1958
       10.7655
       11.5214
        12.252
       12.9584
       13.6592
       14.3536
       14.6755
       14.8818
       15.0882
       15.3537
       15.4189
       15.4351
       15.4288
       15.5017
       15.7149
       15.9282
       16.1414
       16.2299
       16.3143
        16.127
       15.7667
       15.4064
       15.0573
       14.7276
       14.3978
       14.0695
       13.7866
       13.5238
       13.2603
       12.9943
       12.6958
       12.3973
       12.1505
            24
            24
       12.1194
