       968.729
       968.766
       968.858
       969.003
       969.198
       969.439
       969.721
       970.041
       970.393
       970.774
       971.182
       971.613
       972.066
       972.539
       973.031
       973.543
       974.075
       974.627
         975.2
       975.796
       976.418
       977.069
       977.752
       978.471
       979.232
        980.04
       980.901
       981.819
       982.804
       983.864
       985.004
       986.244
       987.651
       989.224
       990.961
       992.846
       994.862
       997.001
        999.25
       1001.59
       1004.02
       1006.52
       1009.08
       1011.68
       1014.31
       1016.96
       1019.62
       1022.26
       1024.87
       1027.44
       1029.95
       1032.39
       1034.75
          1037
       1039.12
       1040.99
       1042.53
       1043.75
       1044.64
       1045.21
       1045.46
       1045.39
       1044.99
       1044.27
       1043.24
       1041.91
       1040.28
       1038.37
       1036.18
       1033.73
       1031.05
       1028.15
       1025.05
       1021.76
       1018.31
        1014.7
       1010.95
       1007.11
       1003.24
       999.379
       995.524
       991.689
       987.882
       984.109
       980.373
       976.675
       973.015
       969.392
       965.801
        962.24
       958.703
       955.187
       951.713
       948.299
       944.944
       941.649
       938.416
       935.248
       932.149
       929.125
       926.182
       923.328
        920.58
       918.035
       915.767
       913.774
       912.054
       910.604
       909.384
       908.368
       907.553
       906.936
       906.508
       906.261
       906.164
       906.139
        906.18
       906.275
       906.413
       906.579
       906.762
       906.953
       907.145
       907.331
       907.504
       907.659
        907.79
       907.893
       907.963
       907.994
       907.981
       907.917
       907.798
       907.617
       907.371
       907.053
        906.66
       906.195
       905.658
        905.05
       904.375
       903.636
       902.837
        901.98
       901.069
       900.108
       899.103
       898.061
       896.988
       895.894
       894.784
       893.669
       892.558
       891.467
       890.405
       889.378
       888.393
       887.452
       886.551
       885.694
       884.883
       884.121
       883.411
       882.757
       882.161
       881.626
       881.158
       880.769
       880.459
       880.226
       880.064
       879.959
       879.898
       879.885
        940.08
       940.101
        940.18
       940.314
       940.498
       940.728
       940.999
       941.307
       941.647
       942.017
       942.412
       942.831
       943.271
       943.731
       944.211
        944.71
       945.228
       945.766
       946.325
       946.908
       947.515
       948.151
       948.827
       949.539
       950.296
       951.092
        951.95
       952.857
       953.831
       954.878
       955.999
       957.253
       958.683
       960.265
       962.035
       963.935
       965.962
       968.119
       970.375
       972.737
       975.184
       977.734
       980.331
       982.967
       985.611
        988.26
       990.956
       993.556
       996.206
       998.832
       1001.35
       1003.79
       1006.11
        1008.4
       1010.57
       1012.41
       1013.98
       1015.28
       1016.18
       1016.75
       1017.03
       1017.02
       1016.68
       1015.99
       1014.97
       1013.66
       1012.02
       1010.11
       1007.94
       1005.48
       1002.76
       999.837
       996.726
       993.408
       989.936
       986.328
       982.591
       978.807
       974.937
       971.095
       967.263
       963.424
       959.628
       955.846
       952.088
       948.368
       944.689
       941.055
       937.473
       933.915
       930.389
       926.848
       923.333
        919.87
        916.48
       913.159
       909.915
       906.736
       903.653
       900.712
       897.857
       895.054
       892.343
       889.847
        887.61
       885.644
       883.945
       882.512
       881.318
       880.331
       879.541
       878.927
       878.496
        878.25
        878.16
       878.142
       878.192
       878.308
       878.468
       878.655
       878.857
       879.056
       879.258
       879.449
       879.626
       879.787
       879.929
        880.04
       880.116
       880.155
       880.149
       880.086
       879.962
       879.776
       879.522
       879.201
       878.802
       878.314
       877.751
       877.107
       876.395
       875.626
         874.8
       873.961
       873.077
       872.138
       871.146
       870.112
       869.049
       867.969
       866.874
       865.768
       864.657
       863.563
       862.487
       861.427
       860.408
        859.44
        858.54
       857.677
        856.88
       856.136
       855.411
        854.74
       854.126
       853.573
       853.088
       852.683
       852.372
        852.14
        851.98
       852.879
       852.817
       851.791
       911.266
       911.275
       911.343
       911.465
       911.637
       911.854
       912.112
       912.406
       912.732
       913.086
       913.466
       913.869
       914.292
       914.735
       915.196
       915.677
       916.175
       916.693
       917.232
       917.793
       918.379
       918.992
       919.651
       920.348
       921.092
       921.864
       922.712
       923.596
       924.552
       925.578
       926.673
       927.933
       929.381
       930.968
       932.768
       934.682
       936.718
       938.893
       941.157
       943.537
       946.003
       948.605
       951.245
       953.917
       956.577
       959.227
       961.972
       964.536
        967.23
       969.918
       972.438
       974.888
       977.182
       979.548
       981.741
       983.552
       985.131
       986.508
       987.414
        987.98
       988.294
       988.343
       988.073
       987.409
       986.391
       985.094
        983.45
       981.535
       979.385
        976.91
       974.169
       971.226
       968.116
       964.774
       961.288
        957.69
        953.98
       950.256
       946.376
       942.557
       938.749
       934.906
        931.12
       927.329
       923.547
       919.804
       916.104
       912.456
       908.882
       905.325
       901.807
       898.239
       894.674
       891.155
       887.723
       884.369
       881.108
        877.91
       874.837
       871.972
       869.199
        866.43
       863.753
       861.315
       859.113
       857.181
       855.506
       854.094
        852.93
       851.977
       851.217
       850.611
       850.182
       849.942
       849.869
       849.868
       849.937
       850.082
       850.273
       850.491
        850.72
       850.935
       851.154
       851.357
       851.544
       851.719
       851.877
       852.001
       852.089
       852.139
       852.146
       852.087
       851.964
       851.775
       851.517
       851.197
       850.795
       850.286
       849.697
       849.018
        848.27
       847.471
       846.617
       845.797
       844.939
       844.022
       843.041
       842.013
       840.959
       839.891
       838.809
       837.711
       836.598
       835.498
       834.406
        833.31
       832.256
        831.26
       830.361
       829.492
       828.708
       827.981
       827.241
       826.551
       825.918
       825.345
       824.843
       824.421
        824.11
       823.881
       823.723
       825.641
       825.578
       823.534
       882.294
       882.292
       882.348
       882.457
       882.616
       882.819
       883.062
       883.341
        883.65
       883.987
       884.348
       884.731
       885.133
       885.554
       885.993
       886.449
       886.923
       887.415
       887.926
       888.459
       889.016
       889.598
       890.233
       890.906
       891.628
       892.369
       893.198
       894.051
       894.979
       895.975
       897.038
       898.298
       899.759
       901.346
       903.174
       905.099
       907.142
       909.333
       911.604
       914.001
       916.487
       919.144
       921.829
       924.541
       927.218
       929.873
        932.67
       935.201
       937.943
       940.699
       943.231
       945.693
       947.964
       950.392
       952.607
        954.39
       955.985
       957.438
       958.344
       958.904
       959.247
       959.357
       959.151
       958.511
       957.494
       956.214
       954.563
       952.651
       950.525
       948.039
       945.275
       942.317
       939.214
       935.853
       932.361
       928.779
       925.101
       921.448
        917.56
       913.765
       909.982
       906.134
       902.359
       898.559
       894.753
       890.985
       887.262
         883.6
       880.032
       876.474
       872.962
       869.362
       865.744
       862.163
       858.682
       855.289
       852.004
        848.78
       845.711
       842.919
       840.222
       837.488
       834.855
       832.463
       830.296
       828.397
       826.751
       825.361
       824.232
       823.318
       822.594
       822.001
       821.579
       821.349
       821.299
       821.326
       821.423
       821.605
       821.835
       822.093
       822.356
       822.595
       822.838
        823.06
       823.263
       823.457
       823.637
       823.779
       823.883
        823.95
       823.974
       823.924
       823.804
       823.616
       823.358
       823.041
       822.638
        822.11
       821.498
       820.785
       820.002
       819.173
       818.292
        817.49
       816.657
       815.761
       814.791
       813.768
        812.72
       811.663
       810.592
         809.5
       808.383
       807.275
       806.167
       805.034
       803.942
       802.917
        802.02
       801.144
       800.373
       799.663
       798.905
       798.196
       797.541
       796.949
        796.43
        795.99
        795.68
       795.455
         795.3
       798.249
       798.188
       795.115
       853.166
       853.153
       853.196
       853.292
       853.437
       853.625
       853.852
       854.113
       854.404
       854.721
        855.06
        855.42
       855.798
       856.193
       856.604
       857.032
       857.475
       857.936
       858.414
       858.912
       859.432
       859.977
        860.58
       861.221
       861.913
       862.615
       863.416
        864.23
       865.122
        866.08
         867.1
       868.358
       869.827
       871.411
       873.263
       875.195
       877.244
        879.45
       881.725
       884.139
       886.644
       889.356
       892.089
       894.841
       897.538
       900.199
       903.052
       905.551
       908.345
       911.175
       913.722
       916.201
       918.452
       920.939
       923.169
       924.922
       926.532
       928.059
       928.964
       929.514
       929.886
       930.057
       929.914
       929.296
       928.281
       927.018
        925.36
       923.453
       921.353
        918.86
       916.076
       913.108
       910.015
       906.642
        903.15
        899.59
       895.957
       892.377
       888.482
       884.715
       880.959
       877.108
       873.345
       869.535
       865.705
       861.912
       858.167
        854.49
       850.927
       847.367
       843.859
       840.225
       836.549
       832.901
       829.367
       825.929
       822.615
       819.359
       816.289
       813.565
       810.945
       808.248
       805.656
       803.308
       801.174
       799.312
       797.695
       796.331
       795.242
        794.37
       793.686
        793.11
         792.7
       792.482
       792.466
       792.529
        792.66
       792.887
       793.164
       793.469
       793.773
       794.043
       794.315
       794.562
       794.787
       795.005
       795.212
       795.377
       795.503
       795.591
       795.635
       795.598
       795.485
       795.301
       795.046
       794.736
       794.335
       793.791
       793.157
       792.411
       791.593
       790.734
       789.825
       789.041
       788.234
       787.359
       786.398
       785.379
       784.336
       783.289
       782.229
       781.141
       780.019
       778.902
       777.775
       776.604
       775.474
        774.42
       773.523
        772.64
       771.882
       771.187
       770.412
       769.682
       769.006
       768.393
       767.856
         767.4
       767.091
        766.87
       766.719
       770.711
       770.651
        766.54
        823.88
       823.856
       823.887
       823.969
       824.099
       824.271
       824.481
       824.723
       824.993
       825.287
       825.602
       825.936
       826.286
       826.652
       827.032
       827.426
       827.835
       828.258
       828.698
       829.156
       829.633
       830.133
       830.698
         831.3
       831.955
        832.61
       833.374
       834.142
       834.991
       835.904
       836.875
       838.123
       839.597
       841.171
       843.044
        844.98
        847.03
       849.247
       851.525
       853.955
       856.478
       859.246
       862.026
        864.82
       867.538
       870.206
       873.117
       875.587
       878.436
       881.343
       883.909
       886.409
       888.648
       891.188
       893.422
       895.141
       896.763
       898.366
       899.267
       899.805
       900.204
       900.435
       900.355
        899.76
       898.746
         897.5
       895.836
       893.936
       891.866
       889.369
       886.567
       883.593
       880.517
       877.135
       873.647
       870.114
       866.526
       863.031
       859.138
       855.404
       851.678
       847.826
       844.077
       840.259
       836.406
       832.588
       828.821
       825.128
        821.57
       818.008
       814.504
       810.834
       807.097
       803.379
       799.787
         796.3
       792.952
        789.66
       786.584
       783.927
        781.38
       778.716
       776.171
       773.868
       771.769
       769.943
       768.358
       767.024
       765.977
       765.152
       764.512
       763.959
       763.565
       763.369
       763.391
       763.492
       763.664
       763.942
       764.272
       764.629
       764.981
       765.285
       765.594
        765.87
       766.122
       766.369
       766.608
       766.801
       766.951
       767.064
       767.133
       767.112
        767.01
       766.834
       766.584
       766.283
       765.886
       765.328
       764.674
       763.897
       763.045
       762.157
        761.22
       760.454
       759.673
       758.818
       757.866
       756.851
       755.812
       754.774
       753.723
       752.639
       751.511
       750.384
       749.238
       748.028
       746.859
       745.776
       744.879
       743.988
       743.243
       742.564
       741.771
       741.019
        740.32
       739.686
       739.132
        738.66
       738.352
       738.136
       737.989
       743.033
       742.975
       737.817
       794.435
       794.399
       794.417
       794.485
       794.599
       794.755
       794.946
       795.167
       795.415
       795.684
       795.973
       796.278
       796.597
        796.93
       797.275
       797.632
       798.002
       798.384
        798.78
       799.192
       799.621
       800.071
        800.59
       801.146
       801.757
       802.358
        803.08
       803.794
       804.592
       805.454
       806.372
       807.602
       809.074
       810.633
       812.522
       814.458
       816.506
       818.731
       821.009
       823.452
       825.992
       828.815
       831.642
       834.478
       837.217
       839.892
       842.864
       845.303
       848.211
       851.197
       853.785
       856.308
       858.537
       861.102
       863.349
       865.035
        866.67
       868.347
       869.243
       869.768
       870.193
       870.484
       870.468
       869.895
       868.882
       867.653
       865.984
       864.093
       862.057
       859.558
       856.742
       853.766
       850.711
       847.325
       843.846
       840.345
       836.806
       833.406
       829.522
       825.826
       822.135
       818.286
       814.553
       810.729
       806.854
       803.014
       799.225
       795.518
       791.967
       788.403
       784.903
       781.196
       777.396
       773.605
       769.954
       766.414
        763.03
       759.699
       756.615
       754.021
       751.547
       748.915
       746.419
       744.164
       742.101
       740.315
       738.763
        737.46
       736.459
       735.685
       735.092
       734.566
       734.194
       734.025
       734.089
       734.232
       734.448
       734.782
        735.17
       735.584
       735.988
       736.333
       736.682
       736.992
       737.276
       737.556
        737.83
       738.054
       738.233
       738.374
       738.472
        738.47
       738.381
       738.216
       737.974
       737.686
       737.295
       736.724
       736.052
       735.244
       734.359
       733.443
       732.479
       731.732
       730.976
       730.142
       729.199
       728.187
       727.153
       726.123
       725.081
           724
       722.866
       721.729
       720.564
       719.314
       718.107
       716.994
       716.098
       715.199
       714.466
       713.804
       712.991
       712.217
       711.494
       710.841
       710.269
        709.78
       709.474
       709.263
       709.119
       715.223
       715.169
       708.955
       764.825
       764.777
       764.782
       764.836
       764.934
       765.071
       765.242
       765.442
       765.666
       765.909
       766.169
       766.443
       766.729
       767.026
       767.333
        767.65
       767.976
       768.312
        768.66
       769.021
       769.397
        769.79
       770.259
       770.762
       771.323
       771.863
       772.536
       773.189
        773.93
       774.733
       775.592
         776.8
       778.264
       779.803
       781.703
       783.633
       785.674
       787.904
       790.178
       792.632
       795.186
       798.063
       800.935
       803.813
       806.571
       809.254
       812.286
       814.695
       817.662
       820.732
       823.341
       825.887
       828.091
       830.679
        832.94
       834.592
       836.239
       837.992
       838.882
       839.391
       839.842
       840.194
       840.242
       839.692
        838.68
        837.47
       835.796
       833.917
       831.917
        829.42
       826.593
       823.619
       820.591
       817.205
       813.739
       810.276
       806.792
       803.494
        799.63
       795.978
       792.327
       788.484
       784.771
       780.944
        777.05
       773.189
       769.381
       765.663
        762.12
       758.557
       755.062
       751.319
       747.456
       743.591
       739.878
       736.286
       732.864
       729.491
       726.397
       723.867
       721.462
       718.866
       716.424
       714.218
       712.195
        710.45
       708.934
       707.664
        706.71
        705.99
       705.449
       704.952
       704.605
       704.467
       704.576
       704.764
       705.029
       705.422
       705.872
       706.347
       706.808
       707.197
        707.59
       707.938
       708.257
       708.573
       708.886
       709.145
       709.355
       709.527
       709.656
       709.676
       709.604
       709.451
        709.22
       708.946
       708.564
       707.982
       707.294
       706.456
        705.54
       704.596
       703.606
       702.879
        702.15
       701.337
       700.403
       699.395
       698.365
       697.344
        696.31
       695.233
       694.093
       692.946
       691.762
       690.473
       689.226
       688.084
       687.188
       686.282
       685.562
       684.916
       684.084
       683.287
       682.542
       681.868
       681.278
       680.772
       680.468
       680.262
       680.121
       687.292
        687.24
       679.964
       735.044
       734.984
       734.975
       735.014
       735.095
       735.214
       735.365
       735.542
        735.74
       735.956
       736.185
       736.426
       736.677
       736.935
       737.201
       737.474
       737.754
       738.041
       738.337
       738.642
        738.96
       739.291
       739.704
        740.15
       740.655
       741.128
       741.745
       742.331
       743.006
       743.743
       744.535
       745.717
       747.169
       748.683
       750.589
       752.509
       754.537
       756.767
       759.034
       761.494
       764.058
       766.987
       769.903
       772.821
       775.597
       778.285
       781.379
       783.755
       786.782
       789.937
        792.57
       795.145
       797.312
       799.911
       802.183
         803.8
       805.458
       807.288
        808.17
       808.663
        809.14
       809.553
       809.667
        809.14
       808.129
       806.939
       805.263
       803.397
       801.436
       798.944
        796.11
       793.143
       790.146
       786.765
       783.317
       779.897
       776.475
       773.287
       769.453
       765.853
       762.249
       758.417
       754.729
       750.903
       746.993
       743.115
       739.291
       735.565
       732.034
       728.474
       724.988
       721.213
       717.286
       713.348
       709.574
       705.928
       702.468
       699.055
        695.95
       693.482
        691.14
       688.595
       686.211
       684.057
       682.073
       680.372
       678.894
       677.659
       676.755
        676.09
       675.603
       675.139
        674.82
       674.714
       674.867
       675.106
       675.423
        675.88
       676.394
       676.933
       677.454
        677.89
        678.33
       678.719
       679.075
        679.43
       679.785
       680.079
       680.323
        680.53
       680.692
       680.737
       680.682
       680.545
       680.326
       680.068
       679.697
       679.107
       678.403
       677.538
       676.591
        675.62
       674.605
       673.899
       673.197
       672.406
       671.483
       670.479
       669.455
       668.443
       667.419
       666.346
         665.2
       664.045
       662.841
       661.513
       660.228
       659.056
       658.162
       657.249
       656.543
       655.912
       655.061
       654.243
       653.474
        652.78
        652.17
       651.648
       651.346
       651.142
       651.005
       659.249
       659.199
       650.855
       705.084
       705.012
        704.99
       705.013
       705.077
       705.177
       705.306
       705.459
       705.631
       705.817
       706.015
       706.221
       706.434
       706.653
       706.875
       707.101
       707.332
       707.566
       707.806
       708.052
       708.308
       708.574
       708.926
       709.309
       709.753
       710.152
       710.708
       711.221
       711.824
       712.483
       713.206
       714.359
       715.793
       717.275
       719.181
       721.086
       723.097
       725.322
       727.576
       730.037
       732.608
       735.586
       738.542
       741.497
       744.289
       746.979
       750.133
       752.474
       755.562
       758.801
       761.459
       764.062
       766.161
       768.779
       771.064
       772.644
       774.312
       776.221
       777.094
        777.57
       778.072
       778.548
       778.729
       778.226
       777.217
        776.05
       774.373
       772.521
       770.604
        768.12
       765.284
       762.327
       759.366
       755.995
       752.571
         749.2
       745.848
       742.779
       738.984
       735.446
       731.894
        728.08
       724.423
       720.603
       716.682
       712.791
       708.956
       705.226
       701.712
        698.16
       694.687
       690.882
       686.895
       682.885
       679.052
       675.355
        671.86
       668.407
       665.295
       662.894
        660.63
       658.138
       655.806
       653.704
       651.762
       650.106
       648.667
        647.47
       646.618
       646.011
        645.58
        645.15
        644.86
        644.79
       644.989
        645.28
        645.65
       646.172
       646.754
       647.359
       647.941
       648.426
       648.914
       649.346
       649.741
       650.137
       650.534
       650.867
       651.147
       651.388
       651.586
       651.656
       651.622
       651.501
       651.297
       651.057
       650.699
       650.101
       649.384
       648.492
       647.516
        646.52
        645.48
       644.796
       644.125
       643.357
       642.446
       641.447
       640.429
       639.428
       638.415
       637.348
       636.197
       635.034
       633.812
       632.445
       631.123
       629.924
       629.032
       628.112
        627.42
       626.807
       625.936
       625.096
       624.304
       623.589
        622.96
       622.419
       622.117
       621.915
       621.782
       631.103
       631.056
        621.64
       674.936
       674.852
       674.815
       674.822
       674.869
       674.948
       675.056
       675.184
       675.329
       675.485
        675.65
        675.82
       675.994
        676.17
       676.348
       676.525
       676.704
       676.883
       677.064
       677.248
       677.438
       677.634
       677.921
       678.238
       678.616
       678.937
       679.427
        679.86
       680.386
       680.968
       681.615
       682.729
       684.138
       685.582
       687.483
       689.366
       691.353
       693.567
       695.803
       698.261
       700.833
       703.855
       706.848
       709.836
       712.639
       715.328
        718.54
       720.843
       723.989
       727.314
       729.991
       732.608
       734.631
       737.269
       739.567
       741.108
       742.786
       744.774
       745.637
       746.095
       746.623
       747.163
       747.413
       746.935
        745.93
       744.787
       743.111
       741.278
       739.408
       736.937
         734.1
       731.158
       728.239
       724.884
        721.49
       718.175
       714.898
       711.954
       708.205
       704.743
       701.256
       697.468
       693.849
       690.042
       686.115
       682.218
       678.377
       674.648
       671.157
       667.617
       664.163
       660.332
        656.29
       652.213
       648.325
       644.582
       641.054
       637.567
       634.451
       632.121
       629.937
       627.509
       625.232
       623.184
       621.287
       619.678
       618.281
       617.122
       616.325
       615.778
       615.404
        615.01
       614.751
       614.718
       614.965
       615.306
       615.731
       616.318
       616.967
        617.64
       618.284
       618.819
       619.357
       619.832
       620.266
       620.704
       621.145
       621.517
       621.833
       622.111
       622.345
       622.442
       622.429
       622.326
       622.138
       621.917
       621.573
       620.969
        620.24
       619.323
       618.319
         617.3
       616.238
       615.578
       614.938
       614.196
       613.297
       612.306
       611.296
       610.307
       609.308
       608.248
       607.094
       605.924
       604.686
       603.282
       601.925
       600.698
        599.81
       598.885
       598.208
       597.611
       596.722
       595.859
       595.044
       594.308
       593.659
       593.099
       592.798
       592.597
       592.466
       602.866
       602.821
        592.33
       644.588
       644.491
        644.44
       644.431
       644.459
       644.519
       644.604
       644.707
       644.824
        644.95
       645.081
       645.214
       645.348
        645.48
       645.611
       645.738
       645.863
       645.985
       646.105
       646.225
       646.345
       646.469
       646.688
       646.935
       647.242
       647.481
         647.9
        648.25
       648.694
       649.191
        649.76
       650.828
       652.207
       653.605
       655.495
        657.35
       659.307
       661.504
       663.715
       666.163
        668.73
       671.791
       674.816
       677.833
       680.641
       683.325
        686.59
        688.85
       692.053
       695.463
       698.164
       700.781
       702.713
       705.367
       707.676
       709.175
       710.863
       712.931
       713.783
        714.22
       714.774
       715.381
       715.702
       715.251
       714.251
       713.134
       711.463
       709.652
       707.834
       705.378
       702.546
       699.624
       696.754
       693.419
       690.062
        686.81
       683.615
       680.806
       677.111
       673.736
       670.328
       666.574
       663.003
       659.216
       655.291
       651.393
       647.554
       643.833
       640.372
       636.853
       633.423
       629.572
       625.482
       621.344
       617.408
       613.623
       610.069
       606.551
       603.436
       601.183
       599.085
       596.729
       594.513
       592.524
       590.675
       589.116
       587.762
       586.642
       585.901
       585.416
       585.101
       584.743
       584.516
       584.519
       584.816
       585.206
       585.684
       586.336
       587.054
       587.794
         588.5
       589.084
       589.672
       590.189
       590.663
       591.142
       591.627
       592.038
       592.391
       592.706
       592.976
       593.101
       593.109
       593.025
       592.854
       592.653
       592.324
       591.716
       590.976
       590.036
       589.006
       587.965
       586.882
       586.249
       585.642
       584.928
       584.045
       583.063
       582.064
        581.09
       580.105
       579.056
       577.901
       576.727
       575.475
       574.036
       572.644
       571.392
       570.509
       569.581
       568.919
       568.341
       567.433
       566.547
       565.709
       564.952
       564.282
       563.703
         563.4
       563.198
       563.069
       574.549
       574.506
       562.937
       614.028
       613.918
       613.852
       613.827
       613.837
       613.876
       613.938
       614.016
       614.105
       614.199
       614.296
       614.392
       614.485
       614.573
       614.656
       614.732
       614.802
       614.866
       614.923
       614.976
       615.026
       615.074
       615.223
       615.396
        615.63
       615.783
       616.128
       616.389
       616.747
       617.156
        617.64
       618.657
       619.999
       621.347
       623.219
       625.038
       626.959
       629.132
       631.311
       633.742
       636.298
       639.391
       642.442
       645.481
        648.29
        650.96
       654.276
       656.484
        659.74
       663.232
       665.954
       668.538
       670.383
       673.054
       675.373
       676.829
       678.524
       680.673
       681.512
       681.928
       682.508
       683.182
       683.578
       683.155
       682.161
       681.075
        679.41
       677.625
       675.864
        673.43
       670.606
       667.712
       664.897
       661.589
       658.274
       655.093
       651.991
       649.325
       645.694
       642.418
       639.101
       635.391
       631.878
       628.122
       624.207
       620.317
       616.486
       612.783
        609.36
        605.87
       602.473
       598.611
        594.48
       590.289
       586.313
       582.494
       578.921
        575.38
       572.272
       570.096
       568.096
       565.824
       563.676
        561.75
       559.952
       558.446
       557.137
       556.057
       555.375
       554.952
       554.696
       554.375
       554.178
       554.217
       554.561
       554.999
       555.531
       556.248
       557.033
       557.839
       558.606
       559.239
       559.874
       560.433
       560.946
       561.465
       561.992
       562.442
        562.83
       563.181
       563.488
        563.64
       563.671
       563.606
       563.451
       563.272
       562.959
       562.348
       561.599
       560.637
       559.583
       558.522
        557.42
       556.816
       556.245
       555.562
       554.697
       553.727
       552.741
       551.784
       550.818
        549.78
       548.629
       547.453
        546.19
       544.719
       543.296
        542.02
       541.145
       540.214
        539.57
        539.01
       538.084
       537.175
       536.315
       535.536
       534.844
       534.244
       533.938
       533.733
       533.604
       546.163
       546.121
       533.474
       583.241
       583.118
       583.037
       582.996
       582.987
       583.006
       583.045
       583.098
       583.158
       583.221
       583.283
       583.341
       583.393
       583.437
       583.472
       583.497
       583.511
       583.516
        583.51
       583.495
       583.473
       583.445
       583.521
       583.619
       583.778
       583.842
        584.11
       584.279
       584.547
       584.865
       585.259
        586.22
        587.52
        588.81
       590.658
       592.434
       594.311
       596.454
       598.592
           601
       603.535
       606.654
       609.724
       612.777
       615.578
       618.228
       621.586
       623.736
       627.038
       630.604
       633.328
       635.872
       637.627
       640.312
        642.64
       644.048
        645.75
        647.98
       648.805
       649.198
       649.805
       650.549
       651.021
       650.628
       649.643
       648.588
       646.933
        645.18
       643.483
       641.075
       638.267
       635.405
       632.653
       629.379
       626.115
       623.014
       620.012
       617.501
       613.942
       610.777
       607.563
       603.912
       600.469
       596.753
       592.859
       588.987
       585.176
       581.499
       578.125
       574.674
       571.321
       567.457
       563.296
       559.062
       555.054
       551.211
       547.629
       544.073
       540.981
       538.895
       537.013
       534.823
       532.746
       530.889
       529.145
       527.695
       526.434
       525.399
       524.775
       524.414
       524.217
       523.932
       523.765
       523.837
       524.223
       524.705
       525.293
       526.074
       526.924
       527.793
       528.619
       529.298
       529.979
       530.578
       531.126
       531.683
       532.251
       532.738
       533.161
       533.547
       533.889
       534.068
        534.12
       534.073
       533.937
        533.78
       533.484
       532.871
       532.114
       531.132
       530.055
       528.976
       527.858
       527.286
       526.753
       526.103
        525.26
       524.306
       523.336
         522.4
       521.454
       520.433
       519.288
       518.115
       516.844
       515.344
       513.893
       512.597
       511.731
         510.8
       510.174
       509.634
       508.691
        507.76
       506.876
       506.074
        505.36
       504.738
       504.425
       504.215
       504.084
       517.719
       517.678
       503.953
       552.213
       552.077
       551.981
       551.923
       551.896
       551.895
       551.911
       551.938
        551.97
       552.002
        552.03
       552.051
       552.062
       552.062
       552.049
       552.022
       551.982
       551.927
       551.858
       551.776
       551.681
       551.576
        551.58
       551.602
       551.684
       551.657
       551.845
       551.919
       552.091
       552.314
       552.618
       553.519
       554.773
           556
       557.816
       559.543
       561.369
       563.473
       565.562
       567.936
       570.443
        573.58
       576.659
       579.718
       582.501
       585.121
       588.514
       590.594
       593.935
       597.569
        600.28
       602.773
       604.429
       607.126
       609.458
       610.815
        612.52
       614.833
       615.642
       616.009
       616.643
       617.459
       618.011
       617.651
       616.676
       615.657
       614.016
       612.298
       610.672
       608.296
        605.51
       602.688
       600.007
       596.775
        593.57
       590.558
       587.667
       585.323
       581.848
       578.803
       575.705
        572.13
       568.769
       565.107
       561.245
       557.402
       553.621
       549.983
        546.67
       543.269
       539.972
       536.119
       531.939
       527.673
       523.645
        519.79
       516.209
       512.651
       509.586
       507.602
       505.852
       503.751
       501.752
       499.967
       498.284
       496.894
       495.684
       494.695
        494.13
       493.831
       493.692
       493.442
       493.303
       493.405
       493.832
        494.36
       494.997
       495.838
       496.748
       497.678
       498.559
        499.28
       500.003
       500.637
       501.218
        501.81
       502.417
       502.937
       503.392
       503.811
       504.186
       504.391
       504.464
       504.436
       504.316
       504.181
       503.904
       503.289
       502.525
       501.525
       500.427
       499.333
       498.202
       497.664
       497.174
       496.561
       495.743
       494.808
       493.858
       492.948
       492.027
       491.027
       489.892
       488.724
        487.45
       485.925
        484.45
       483.137
       482.283
       481.354
       480.748
       480.229
       479.269
       478.316
        477.41
       476.584
       475.844
       475.197
       474.874
       474.657
       474.522
       489.228
       489.187
       474.385
       520.928
       520.778
       520.667
       520.592
       520.547
       520.526
        520.52
       520.522
       520.526
       520.528
       520.522
       520.506
       520.477
       520.434
       520.374
       520.298
       520.203
       520.091
        519.96
       519.811
       519.645
       519.464
       519.395
       519.341
       519.347
       519.229
       519.336
       519.313
       519.388
        519.52
       519.727
       520.564
       521.765
       522.922
       524.702
       526.373
       528.139
       530.195
       532.227
       534.558
       537.026
       540.171
       543.249
       546.304
       549.058
       551.636
       555.053
       557.051
       560.423
        564.13
       566.797
       569.225
       570.773
       573.477
       575.811
       577.111
       578.817
       581.211
       582.001
       582.342
       583.003
       583.893
       584.528
       584.203
        583.24
       582.262
       580.639
       578.962
       577.412
       575.077
       572.319
       569.545
       566.943
       563.762
       560.627
       557.713
       554.945
        552.78
       549.398
       546.486
       543.519
       540.033
        536.77
       533.176
        529.36
       525.559
       521.822
       518.236
       514.997
        511.66
       508.434
       504.604
       500.418
       496.135
       492.102
       488.248
       484.682
       481.133
       478.108
       476.239
       474.634
       472.632
       470.718
       469.013
       467.395
       466.068
       464.913
       463.972
       463.466
        463.23
       463.148
       462.932
       462.819
        462.95
       463.418
       463.986
       464.665
       465.561
       466.528
       467.512
       468.443
       469.201
        469.96
       470.626
       471.236
       471.859
       472.499
        473.05
       473.534
       473.983
        474.39
       474.618
        474.71
       474.699
       474.597
       474.484
       474.225
       473.609
        472.84
       471.823
       470.707
         469.6
       468.458
       467.959
       467.515
       466.943
       466.154
       465.242
       464.318
       463.437
       462.546
       461.571
        460.45
       459.294
        458.02
       456.475
        454.98
       453.654
       452.815
       451.892
       451.308
       450.812
       449.836
       448.861
       447.932
        447.08
       446.313
       445.638
       445.301
       445.073
        444.93
       460.702
       460.658
       444.783
       489.369
       489.206
        489.08
       488.988
       488.925
       488.883
       488.855
       488.834
       488.811
       488.783
       488.745
       488.693
       488.626
       488.541
       488.437
       488.312
       488.166
       487.998
       487.807
       487.594
       487.359
       487.103
       486.965
       486.836
       486.767
       486.558
       486.585
       486.465
       486.444
       486.484
       486.591
        487.36
       488.505
       489.588
       491.326
       492.933
       494.631
       496.631
       498.595
       500.872
       503.291
       506.433
       509.499
       512.537
       515.249
       517.769
       521.197
       523.095
       526.483
       530.241
       532.847
        535.21
       536.643
        539.35
       541.681
       542.918
       544.621
       547.097
       547.865
       548.176
       548.863
        549.83
       550.551
       550.264
       549.317
       548.385
       546.784
       545.154
       543.689
         541.4
       538.678
        535.96
       533.449
       530.328
       527.271
       524.468
       521.834
       519.861
       516.582
       513.819
       510.995
       507.614
       504.468
       500.956
       497.201
       493.458
       489.779
       486.259
        483.11
       479.853
       476.711
       472.919
       468.746
       464.462
       460.439
       456.602
       453.065
       449.539
       446.563
       444.828
       443.384
       441.492
       439.671
       438.053
       436.506
       435.248
       434.149
       433.258
       432.813
       432.639
       432.614
        432.43
        432.34
       432.498
       433.002
       433.604
       434.321
       435.264
       436.281
       437.314
       438.288
       439.077
       439.868
        440.56
       441.192
       441.841
       442.511
       443.088
       443.597
       444.072
       444.507
       444.756
       444.865
        444.87
       444.783
       444.692
       444.452
       443.837
       443.065
       442.032
       440.901
       439.784
       438.635
       438.177
       437.783
       437.257
       436.501
       435.617
       434.723
       433.877
       433.022
       432.077
       430.976
       429.835
       428.567
       427.008
       425.499
       424.164
       423.345
        422.43
       421.872
       421.399
       420.409
       419.414
       418.462
       417.582
       416.784
       416.077
        415.72
       415.477
       415.322
       432.151
       432.102
       415.156
       457.521
       457.343
       457.202
       457.094
       457.013
       456.952
       456.903
       456.858
        456.81
       456.753
       456.684
         456.6
       456.496
       456.372
       456.226
       456.056
        455.86
        455.64
       455.392
       455.118
       454.818
       454.492
       454.287
       454.087
       453.945
       453.648
       453.598
        453.38
       453.264
       453.215
       453.221
        453.92
       455.006
        456.01
         457.7
       459.237
       460.859
       462.793
       464.679
       466.893
       469.249
       472.376
       475.416
       478.423
       481.077
       483.524
       486.944
       488.721
       492.103
       495.891
       498.423
       500.716
       502.026
       504.731
       507.053
       508.221
       509.916
       512.472
       513.214
       513.492
       514.206
       515.251
       516.061
       515.814
       514.886
       514.005
       512.432
       510.856
       509.485
       507.251
       504.572
        501.92
        499.51
       496.459
       493.491
        490.81
       488.322
       486.556
       483.394
       480.793
       478.128
       474.867
       471.855
       468.441
       464.763
       461.095
        457.49
       454.053
       451.011
       447.852
       444.813
       441.077
       436.935
       432.667
       428.673
        424.87
        421.38
       417.893
       414.982
        413.41
       412.133
        410.36
       408.642
       407.117
       405.647
        404.46
       403.422
       402.582
       402.197
       402.087
       402.117
       401.963
       401.894
       402.073
       402.607
       403.234
       403.985
        404.97
       406.029
       407.103
       408.113
       408.926
       409.741
       410.451
         411.1
       411.769
       412.462
        413.06
       413.589
       414.086
       414.546
       414.813
       414.936
       414.955
       414.883
       414.813
       414.591
       413.978
       413.204
       412.159
       411.014
       409.891
       408.738
       408.326
       407.986
       407.509
       406.793
       405.943
       405.084
       404.278
       403.464
       402.556
       401.481
       400.362
       399.106
       397.539
        396.02
       394.683
       393.888
       392.986
       392.457
       392.011
       391.008
       389.995
       389.018
       388.108
       387.277
       386.531
       386.149
       385.882
       385.708
       403.583
       403.529
       385.513
       425.366
       425.174
       425.018
       424.894
       424.796
       424.717
       424.647
        424.58
       424.508
       424.425
       424.328
       424.212
       424.075
       423.915
        423.73
       423.518
       423.278
       423.009
       422.711
       422.381
       422.021
       421.629
       421.362
       421.097
       420.887
       420.506
       420.381
       420.071
       419.869
       419.728
       419.633
        420.26
       421.284
       422.205
       423.842
       425.302
        426.84
       428.699
       430.498
       432.635
       434.917
       438.015
       441.015
       443.973
       446.552
       448.904
       452.297
       453.928
       457.278
       461.055
       463.517
       465.733
       466.912
       469.609
       471.916
       473.007
       474.688
       477.321
       478.033
       478.274
       479.012
       480.136
       481.039
       480.836
        479.93
       479.105
       477.565
       476.051
       474.784
       472.613
       469.987
       467.412
       465.113
       462.143
       459.277
        456.73
       454.402
       452.856
       449.824
         447.4
        444.91
       441.781
       438.921
       435.626
       432.043
       428.467
       424.956
       421.621
       418.705
       415.663
       412.748
        409.09
       404.998
       400.767
       396.821
       393.072
       389.649
       386.222
       383.399
       382.005
       380.906
       379.264
       377.657
       376.234
       374.847
       373.738
       372.762
       371.974
       371.651
       371.603
       371.687
       371.558
       371.506
       371.701
       372.259
       372.904
        373.68
       374.698
       375.791
       376.896
       377.933
       378.762
       379.593
       380.314
       380.972
       381.653
       382.363
       382.975
       383.519
       384.034
       384.513
       384.793
       384.928
       384.959
         384.9
       384.851
       384.648
       384.037
       383.262
       382.207
       381.053
       379.927
       378.775
       378.414
       378.133
       377.711
       377.039
       376.228
        375.41
        374.65
       373.884
       373.019
       371.977
       370.886
       369.649
        368.08
       366.559
       365.225
        364.46
       363.577
       363.081
       362.666
       361.654
       360.623
        359.62
       358.679
        357.81
        357.02
       356.603
       356.303
         356.1
       375.009
       374.944
        355.86
       392.892
       392.686
       392.514
       392.375
        392.26
       392.163
       392.075
       391.988
       391.893
       391.787
       391.663
       391.519
       391.352
        391.16
       390.941
       390.692
       390.413
       390.102
       389.758
       389.379
       388.965
       388.515
       388.194
        387.87
         387.6
       387.142
       386.948
       386.551
        386.27
       386.041
       385.846
       386.401
       387.362
       388.196
       389.775
       391.152
       392.598
       394.374
       396.073
       398.122
       400.316
       403.368
       406.311
       409.204
       411.686
       413.923
       417.266
       418.725
       422.015
       425.756
       428.129
       430.259
       431.297
       433.977
       436.262
       437.267
       438.927
       441.633
       442.308
       442.506
       443.267
       444.472
        445.47
       445.312
       444.432
       443.668
       442.168
       440.724
       439.571
       437.473
       434.912
       432.424
       430.249
       427.371
       424.617
       422.218
       420.063
       418.754
       415.865
       413.634
       411.333
       408.352
       405.661
       402.506
       399.037
       395.573
       392.176
       388.964
       386.195
       383.292
       380.523
       376.965
       372.946
       368.775
       364.901
       361.228
       357.893
       354.543
       351.834
       350.638
       349.732
       348.231
       346.746
       345.432
       344.136
        343.11
       342.201
       341.468
       341.206
       341.216
        341.35
       341.244
       341.203
       341.409
       341.984
        342.64
       343.429
       344.469
       345.585
       346.712
       347.766
         348.6
       349.438
       350.161
       350.819
       351.503
       352.223
       352.843
       353.394
        353.92
       354.415
       354.705
       354.847
       354.887
       354.839
        354.81
       354.627
        354.02
       353.246
       352.184
       351.024
       349.899
       348.753
       348.447
        348.23
       347.868
       347.246
        346.48
       345.709
       345.003
       344.291
       343.476
       342.474
        341.42
       340.208
       338.646
       337.129
       335.806
       335.078
        334.22
       333.762
       333.382
       332.364
       331.319
       330.291
       329.316
       328.404
       327.559
       327.097
       326.753
       326.508
       346.434
       346.353
       326.199
       360.086
       359.864
       359.678
       359.523
       359.393
        359.28
       359.175
       359.069
       358.955
       358.827
       358.681
       358.513
        358.32
       358.101
       357.853
       357.573
       357.261
       356.915
       356.533
       356.114
       355.655
       355.156
        354.79
       354.417
       354.096
       353.569
       353.314
       352.844
       352.489
       352.176
       351.883
       352.368
       353.263
        354.01
       355.527
       356.816
       358.163
       359.845
       361.434
       363.382
       365.471
       368.462
       371.328
       374.135
         376.5
       378.598
       381.867
       383.129
       386.332
       390.014
       392.259
       394.297
       395.181
       397.836
       400.089
       400.996
       402.626
       405.399
        406.03
        406.18
        406.96
       408.246
        409.34
        409.23
       408.377
        407.68
       406.227
       404.862
       403.833
       401.821
       399.334
       396.946
       394.908
       392.135
       389.507
       387.269
         385.3
       384.242
        381.51
       379.485
       377.389
       374.573
       372.071
       369.075
       365.742
       362.411
       359.151
       356.084
       353.486
       350.745
       348.146
       344.714
       340.792
       336.707
        332.93
        329.36
       326.136
       322.887
       320.326
        319.34
       318.639
       317.291
       315.937
       314.742
       313.543
       312.604
       311.765
       311.089
       310.888
       310.954
       311.134
       311.047
       311.011
       311.219
       311.802
       312.461
       313.251
       314.302
       315.429
       316.566
       317.626
       318.454
       319.288
       320.002
        320.65
        321.33
        322.05
       322.669
       323.221
       323.752
       324.256
        324.55
       324.697
       324.743
       324.705
       324.696
       324.532
        323.93
       323.161
       322.096
       320.933
       319.815
       318.679
       318.434
       318.287
        317.99
       317.424
       316.709
       315.992
       315.345
       314.695
       313.938
       312.984
       311.974
       310.797
       309.249
       307.746
       306.442
       305.758
       304.932
       304.519
       304.179
       303.161
       302.104
       301.052
       300.041
        299.08
       298.171
        297.65
       297.243
       296.937
       317.862
       317.757
       296.528
       326.938
       326.702
       326.502
       326.332
       326.188
        326.06
        325.94
       325.818
       325.687
       325.541
       325.376
       325.188
       324.975
       324.734
       324.463
        324.16
       323.823
        323.45
        323.04
       322.589
       322.096
       321.559
       321.161
       320.751
        320.39
       319.806
       319.506
       318.974
       318.551
       318.159
       317.772
       318.189
       319.021
       319.679
       321.133
       322.328
        323.57
       325.149
       326.616
       328.448
       330.417
       333.327
       336.096
       338.794
       341.018
       342.955
       346.125
       347.162
       350.246
       353.825
        355.92
       357.857
       358.575
       361.191
       363.399
       364.196
       365.785
       368.618
       369.196
        369.29
       370.085
        371.45
       372.641
        372.58
       371.758
       371.133
       369.733
       368.456
       367.565
       365.649
       363.249
       360.974
       359.088
       356.432
       353.944
       351.879
       350.111
       349.319
       346.755
        344.95
       343.078
       340.442
       338.146
        335.33
       332.155
       328.981
        325.88
       322.984
       320.582
       318.028
       315.626
       312.347
        308.55
       304.581
       300.931
       297.491
       294.406
       291.288
         288.9
        288.14
       287.656
       286.473
       285.261
       284.193
       283.096
       282.247
       281.481
       280.864
       280.722
       280.843
       281.064
        280.99
       280.954
       281.156
       281.737
       282.385
       283.164
       284.213
       285.339
       286.473
       287.525
       288.335
       289.153
       289.846
       290.475
       291.139
        291.85
       292.461
       293.005
       293.534
        294.04
       294.335
       294.481
        294.53
         294.5
        294.51
       294.366
       293.772
       293.012
       291.947
       290.788
       289.682
       288.562
       288.383
       288.311
       288.086
        287.58
       286.923
       286.266
       285.686
       285.105
       284.413
       283.515
       282.559
       281.428
       279.904
       278.425
       277.148
       276.517
       275.731
       275.371
       275.078
       274.066
       273.002
       271.928
        270.88
       269.866
        268.88
       268.281
       267.789
       267.394
       289.292
       289.152
       266.835
       293.446
       293.195
        292.98
       292.798
       292.641
         292.5
       292.367
       292.232
       292.088
       291.928
       291.748
       291.546
       291.318
       291.062
       290.776
       290.457
       290.103
       289.713
       289.286
       288.816
       288.301
       287.739
       287.322
       286.891
       286.507
       285.885
       285.554
       284.969
       284.487
       284.024
       283.551
       283.903
       284.675
       285.245
       286.632
       287.732
        288.86
       290.327
        291.66
       293.361
       295.192
           298
       300.649
       303.215
       305.276
       307.027
       310.072
       310.857
       313.798
       317.262
       319.169
       320.964
       321.496
       324.058
       326.206
       326.877
       328.412
       331.295
       331.809
       331.837
        332.64
       334.081
        335.37
       335.359
       334.571
       334.025
       332.686
       331.506
       330.763
       328.954
       326.655
       324.507
       322.789
       320.265
       317.929
       316.052
       314.497
       313.984
         311.6
        310.03
       308.396
       305.957
       303.885
        301.27
       298.277
       295.284
       292.367
       289.668
       287.489
       285.151
       282.974
       279.877
       276.239
       272.417
       268.925
       265.646
       262.725
        259.78
       257.586
       257.068
       256.813
       255.805
       254.745
        253.81
       252.823
       252.069
       251.378
        250.82
       250.734
       250.906
       251.165
       251.099
       251.054
       251.241
       251.808
        252.43
       253.181
       254.219
       255.329
       256.445
       257.475
       258.254
       259.041
       259.703
         260.3
       260.938
        261.63
       262.222
       262.751
       263.269
       263.771
       264.059
       264.201
        264.25
       264.226
       264.254
       264.133
        263.55
       262.801
       261.743
       260.593
       259.506
       258.409
       258.303
       258.311
       258.162
       257.724
       257.129
       256.539
       256.032
       255.528
        254.91
       254.078
       253.184
       252.109
       250.622
       249.176
       247.938
        247.37
       246.633
       246.333
       246.097
         245.1
       244.035
       242.946
       241.864
        240.79
       239.714
       239.017
       238.405
       237.882
       260.716
       260.528
       237.096
       259.611
       259.345
       259.117
       258.924
       258.756
       258.605
       258.461
       258.316
       258.163
       257.994
       257.804
       257.593
       257.356
       257.093
         256.8
       256.475
       256.117
       255.723
       255.291
       254.816
       254.296
       253.726
       253.307
       252.872
       252.484
        251.84
       251.494
       250.872
       250.343
        249.82
       249.271
       249.565
       250.279
       250.762
        252.08
       253.075
       254.083
       255.428
       256.614
       258.168
       259.843
       262.526
       265.032
       267.444
       269.316
       270.854
       273.746
       274.253
       277.023
       280.346
       282.027
        283.63
       283.966
       286.459
       288.531
       289.059
       290.523
       293.443
        293.88
        293.83
       294.633
       296.143
       297.526
       297.565
       296.814
       296.354
       295.084
       294.012
       293.431
       291.744
        289.56
       287.554
       286.019
       283.642
       281.472
       279.794
       278.465
       278.242
       276.049
       274.725
       273.343
       271.119
       269.289
       266.895
       264.109
       261.322
       258.617
       256.141
       254.214
        252.12
       250.199
       247.319
       243.874
       240.236
       236.938
       233.855
       231.139
       228.399
       226.419
       226.156
       226.139
       225.317
       224.416
       223.622
       222.749
       222.094
       221.479
       220.979
       220.948
       221.166
       221.458
       221.393
       221.333
       221.495
       222.035
       222.618
       223.332
       224.337
       225.413
       226.494
       227.485
       228.217
       228.961
       229.578
        230.13
       230.731
       231.393
       231.956
       232.459
       232.958
        233.45
       233.726
       233.858
       233.904
       233.884
       233.931
       233.834
       233.265
       232.534
        231.49
       230.358
       229.298
       228.231
       228.203
       228.297
       228.229
       227.862
       227.336
       226.817
       226.389
       225.969
       225.434
       224.677
       223.858
        222.85
        221.41
       220.012
       218.825
       218.328
        217.65
       217.421
       217.251
       216.281
       215.228
       214.133
       213.024
       211.887
       210.712
       209.889
       209.115
       208.404
       232.117
       231.862
       207.276
       225.444
       225.163
       224.923
        224.72
       224.546
       224.388
       224.239
        224.09
       223.931
       223.759
       223.567
       223.354
       223.117
       222.855
       222.566
       222.246
       221.895
        221.51
       221.088
       220.624
       220.114
       219.553
        219.15
        218.73
       218.359
       217.714
       217.373
       216.734
        216.18
       215.615
       215.002
       215.247
       215.907
       216.304
       217.547
       218.431
        219.31
        220.52
       221.544
       222.933
       224.429
       226.962
       229.298
       231.526
       233.182
       234.479
       237.192
       237.396
       239.969
       243.122
       244.547
       245.926
        246.03
       248.431
       250.405
        250.77
       252.146
       255.084
       255.429
       255.287
       256.075
       257.645
       259.117
       259.203
       258.491
       258.123
       256.932
        255.98
       255.574
       254.025
       251.972
       250.127
       248.792
       246.577
       244.588
       243.122
       242.026
       242.102
       240.108
        239.04
       237.925
       235.932
       234.361
       232.209
       229.654
       227.102
       224.636
       222.411
       220.764
       218.946
       217.312
       214.684
       211.471
       208.058
       204.998
       202.156
       199.692
       197.183
       195.434
       195.435
       195.664
       195.033
       194.297
        193.65
       192.896
       192.342
       191.805
       191.363
       191.384
       191.643
       191.961
        191.89
       191.807
       191.936
       192.438
        192.97
       193.625
       194.577
         195.6
       196.627
       197.561
       198.229
       198.916
       199.474
        199.97
       200.521
       201.142
       201.664
       202.133
       202.604
       203.077
       203.333
       203.451
        203.49
       203.473
        203.54
        203.47
        202.92
       202.216
       201.195
       200.092
       199.069
       198.041
       198.097
        198.28
       198.296
       198.003
       197.548
       197.106
       196.764
       196.434
       195.988
       195.316
       194.583
       193.655
       192.278
       190.941
       189.817
       189.405
       188.795
       188.646
       188.554
       187.625
       186.601
       185.517
       184.394
         183.2
        181.92
       180.945
       179.953
       178.966
       203.462
       203.118
        177.32
       190.968
       190.675
       190.427
        190.22
       190.042
       189.884
       189.735
       189.586
       189.429
       189.257
       189.069
       188.862
       188.633
       188.381
       188.105
       187.802
       187.469
       187.107
        186.71
       186.273
       185.792
        185.26
       184.894
       184.512
       184.179
       183.558
       183.246
       182.614
       182.058
       181.472
       180.812
       181.016
       181.623
       181.932
       183.094
       183.862
       184.606
       185.669
       186.517
       187.721
       189.012
       191.364
       193.499
       195.513
       196.925
       197.955
       200.463
       200.338
       202.689
       205.646
       206.795
       207.898
       207.722
       210.016
       211.872
       212.052
       213.315
       216.252
       216.486
       216.233
       216.991
       218.604
       220.153
       220.283
       219.612
       219.343
       218.239
       217.419
       217.204
        215.81
       213.909
       212.245
       211.131
       209.097
       207.304
       206.059
       205.202
       205.579
       203.788
       202.982
       202.142
       200.395
       199.103
       197.215
       194.919
       192.632
       190.435
        188.49
        187.15
       185.635
       184.324
       181.986
       179.048
       175.908
       173.138
       170.592
        168.42
       166.168
       164.667
       164.938
       165.414
       164.977
       164.408
        163.91
       163.278
       162.827
       162.369
       161.984
       162.055
        162.35
       162.686
       162.603
       162.488
       162.573
       163.028
       163.495
       164.071
       164.946
       165.896
       166.847
       167.703
       168.293
       168.908
       169.394
        169.82
        170.31
       170.877
       171.349
       171.772
       172.206
        172.65
       172.881
       172.979
       173.008
       172.992
       173.079
       173.039
       172.517
       171.849
       170.866
       169.806
       168.833
       167.854
       167.999
       168.272
       168.372
       168.154
       167.772
       167.409
       167.155
       166.921
       166.573
       165.995
        165.36
       164.527
        163.23
        161.97
       160.925
       160.608
       160.078
       160.019
       160.016
       159.145
       158.172
       157.125
        156.01
       154.782
       153.407
       152.261
       150.986
       149.597
       174.696
       174.244
       147.164
       156.222
       155.917
       155.666
       155.459
       155.285
       155.131
       154.987
       154.843
       154.692
       154.529
       154.351
       154.156
       153.943
       153.711
       153.459
       153.183
       152.884
       152.561
       152.207
       151.817
       151.385
       150.903
       150.596
       150.274
       150.005
       149.433
       149.177
       148.581
       148.053
       147.471
       146.783
        146.95
       147.501
       147.718
       148.793
       149.438
       150.035
       150.941
       151.601
         152.6
       153.659
       155.793
        157.69
       159.456
       160.595
       161.337
       163.615
       163.144
       165.246
        167.98
       168.836
       169.646
       169.151
        171.28
       172.986
       172.954
       174.078
       176.985
       177.089
        176.71
       177.413
       179.041
       180.646
       180.813
       180.187
       180.026
       179.021
       178.345
       178.336
       177.115
        175.39
       173.935
       173.067
       171.238
       169.658
       168.643
       168.024
       168.697
       167.104
        166.56
       165.999
       164.513
       163.522
       161.923
       159.914
       157.926
       156.031
       154.394
       153.386
         152.2
        151.24
       149.232
       146.625
       143.823
       141.408
       139.207
       137.364
       135.394
       134.157
       134.695
       135.409
       135.161
        134.76
       134.411
       133.903
       133.559
       133.181
       132.854
        132.97
       133.293
        133.64
       133.537
       133.383
       133.421
        133.82
       134.209
       134.683
       135.461
       136.311
       137.158
       137.919
       138.412
       138.935
       139.336
       139.682
       140.099
       140.598
       141.007
       141.377
       141.763
       142.169
       142.366
       142.439
       142.455
       142.439
       142.546
        142.54
       142.054
       141.439
       140.512
       139.517
       138.612
       137.694
       137.928
       138.289
       138.467
       138.321
       138.012
       137.728
       137.564
       137.428
       137.181
       136.707
       136.184
       135.464
       134.266
       133.106
       132.157
       131.946
       131.504
       131.542
       131.639
       130.846
        129.95
       128.976
       127.912
       126.697
       125.265
       123.954
       122.339
       120.378
       145.724
       145.164
       116.765
       121.243
       120.931
       120.685
       120.487
       120.323
        120.18
       120.047
       119.915
       119.777
       119.628
       119.468
       119.296
       119.109
       118.908
        118.69
       118.455
       118.203
       117.934
       117.641
       117.318
       116.956
       116.545
       116.319
       116.081
       115.906
       115.413
       115.241
       114.712
       114.243
         113.7
       113.009
        113.14
       113.622
        113.74
       114.714
       115.226
        115.67
       116.409
       116.868
       117.643
       118.441
       120.313
       121.925
       123.406
       124.249
       124.688
       126.713
       125.888
       127.712
       130.188
       130.739
       131.261
       130.413
       132.317
        133.81
       133.536
        134.49
       137.328
       137.285
        136.77
       137.389
       138.984
       140.602
       140.798
       140.229
        140.19
       139.298
       138.777
       138.981
       137.959
       136.444
       135.233
       134.642
        133.05
       131.709
        130.93
       130.535
        131.48
       130.077
       129.786
       129.503
       128.285
       127.614
       126.336
       124.655
       123.007
       121.455
       120.156
       119.493
       118.647
        118.06
        116.43
        114.22
       111.835
       109.843
       108.049
       106.581
       104.933
       103.968
       104.746
       105.666
        105.59
       105.349
        105.15
        104.77
       104.535
        104.24
       103.971
       104.128
        104.47
       104.819
       104.696
       104.508
       104.492
       104.824
       105.128
       105.494
       106.146
       106.868
       107.594
       108.236
       108.607
       109.024
       109.323
       109.575
       109.901
       110.321
       110.655
        110.95
       111.273
       111.628
       111.785
        111.83
        111.83
       111.814
       111.938
        111.97
       111.531
       110.989
       110.147
       109.248
        108.44
       107.597
       107.916
       108.346
        108.59
       108.507
       108.269
       108.063
       107.987
       107.945
       107.802
       107.438
        107.04
       106.454
       105.386
       104.355
       103.525
        103.43
       103.077
       103.211
       103.411
       102.717
       101.937
       101.085
       100.135
       99.0106
       97.6078
       96.2042
       94.2513
       91.5341
       116.395
       115.787
       86.2175
        86.075
       85.7682
       85.5436
       85.3704
       85.2291
        85.106
       84.9911
       84.8776
       84.7601
       84.6352
       84.5008
       84.3586
       84.2066
       84.0444
       83.8722
       83.6885
       83.4963
       83.2966
       83.0878
       82.8517
       82.5844
       82.2694
       82.1383
        82.003
       81.9609
       81.5741
       81.5078
       81.0818
       80.7106
       80.2576
       79.6127
       79.6858
       80.0651
        80.073
       80.9206
       81.2895
       81.5744
       82.1398
       82.4001
       82.9404
       83.4491
       84.9897
       86.2518
       87.4009
       87.9356
       88.0678
       89.8162
       88.6708
       90.1686
       92.3144
       92.5616
       92.8368
       91.7175
       93.3395
       94.5794
       94.0637
        94.774
       97.4074
       97.2097
       96.5814
       97.0808
        98.542
       100.077
       100.269
       99.7596
       99.8535
        99.101
       98.7418
       99.1471
       98.3516
       97.1061
       96.1908
       95.9019
       94.5995
       93.5398
        93.005
       92.8005
       93.9485
        92.732
       92.6768
       92.6558
       91.7149
       91.3752
       90.4567
        89.163
       87.9182
       86.7572
       85.8193
        85.497
       84.9854
       84.7738
       83.5677
       81.8415
       79.9703
       78.4893
       77.1743
       76.1469
        74.878
       74.1839
        75.127
       76.1757
       76.2412
       76.1524
       76.1038
       75.8596
       75.7426
       75.5427
       75.3379
       75.5233
       75.8645
       76.2023
       76.0662
       75.8582
       75.7986
       76.0621
       76.2699
       76.5125
       77.0194
       77.5809
       78.1483
       78.6446
       78.8842
       79.1856
       79.3783
       79.5287
       79.7585
       80.0842
       80.3241
       80.5308
       80.7732
        81.061
       81.1631
       81.1708
       81.1496
        81.122
       81.2517
       81.3154
       80.9412
       80.4998
       79.7858
       79.0325
       78.3632
       77.6224
       78.0016
        78.464
       78.7424
       78.7128
       78.5432
       78.4142
        78.417
       78.4598
       78.4136
       78.1637
       77.9029
       77.4777
       76.5851
       75.7311
       75.0508
       75.0724
       74.8025
       75.0102
       75.3022
       74.7303
       74.1116
       73.4438
       72.6946
       71.7765
       70.5613
       69.2577
       67.1543
       63.6412
       86.4835
       86.0107
       56.1873
       50.7582
       50.4979
       50.3296
       50.2028
       50.0963
       50.0019
        49.912
       49.8229
       49.7324
       49.6375
       49.5378
       49.4348
        49.327
       49.2143
       49.0967
       48.9745
       48.8503
       48.7306
       48.6357
       48.5013
       48.3557
       48.1665
       48.1244
       48.0814
       48.1091
       47.8417
       47.8768
       47.5934
       47.3593
       47.0106
       46.4833
       46.5489
       46.8661
       46.8018
       47.4571
       47.6736
       47.8107
       48.1892
       48.2765
       48.5878
       48.8073
        49.886
       50.6984
       51.4439
       51.6874
       51.5697
       52.9261
       51.6761
       52.7328
       54.3326
        54.313
       54.4263
       53.2703
        54.505
       55.4093
       54.7867
        55.206
       57.3305
       57.0518
       56.4552
       56.8027
       57.9305
       59.1632
       59.2989
       58.8973
       59.0905
       58.5488
       58.3509
       58.8479
       58.3265
       57.4649
       56.8861
       56.8708
       55.9672
       55.2802
       55.0012
       54.9285
        56.067
       55.1216
       55.2553
       55.4331
       54.8161
       54.7817
       54.2678
       53.4617
       52.7124
       52.0181
       51.4774
       51.4457
       51.2236
       51.3128
       50.5878
       49.4829
       48.2806
       47.4136
       46.6558
       46.1291
       45.3391
       44.9491
       45.8816
       46.8841
       47.0545
       47.1151
       47.2168
       47.1323
        47.147
       47.0674
       46.9524
       47.1437
       47.4402
       47.7315
       47.6122
       47.4301
       47.3541
       47.5358
       47.6414
        47.758
       48.0857
       48.4449
       48.8102
       49.1261
       49.2319
       49.4103
       49.5008
       49.5595
       49.6862
       49.8963
       50.0323
       50.1427
       50.2874
       50.4807
       50.5229
       50.4967
       50.4524
        50.401
       50.4969
       50.5613
       50.2698
       49.9637
        49.451
       48.9181
       48.4558
       47.8844
       48.2483
       48.6545
       48.9109
       48.9243
       48.8352
       48.7868
       48.8505
       48.9495
       48.9816
       48.8487
       48.7272
       48.4876
       47.8553
       47.2619
       46.7839
       46.8895
        46.696
       46.9162
        47.234
       46.8284
        46.433
        46.021
       45.5647
        44.996
       44.2025
       43.3558
       41.7118
       38.1253
       55.7078
        55.663
       29.5673
       15.2441
       15.1864
       15.1287
        15.071
       15.0133
       14.9556
       14.8979
       14.8402
       14.7826
       14.7249
       14.6672
       14.6095
       14.5518
       14.4941
       14.4364
       14.3787
        14.321
       14.2633
       14.2056
       14.1479
       14.0903
       14.0326
       14.0161
       14.0054
       14.0112
       13.9687
       13.9879
        13.946
       13.9145
         13.87
       13.8017
       13.8824
       14.0186
       14.0747
        14.265
       14.3547
       14.4148
       14.5134
       14.5547
       14.6468
       14.7424
       15.0151
       15.2301
        15.406
        15.462
       15.4426
       15.6723
       15.4423
       15.6409
       15.9386
       15.9201
       15.8885
       15.6575
       15.8771
       16.0692
        16.024
       16.1922
       16.6593
       16.7071
       16.7011
       16.8913
       17.2522
       17.6264
       17.7856
       17.8197
       17.9171
       17.8761
       17.8767
       17.9706
       17.8657
       17.6727
       17.5212
       17.4707
       17.2814
       17.1505
       17.1339
       17.2034
       17.5029
       17.4447
       17.5696
       17.6997
       17.6767
       17.7367
       17.6935
       17.5762
       17.4595
       17.3585
       17.3025
       17.3583
       17.3848
       17.4561
       17.3403
       17.1164
         16.86
       16.6844
       16.5623
       16.5264
       16.4832
       16.5964
       17.0732
       17.5886
       17.9011
       18.1569
       18.3845
       18.5342
       18.6737
       18.7679
       18.8413
       18.9799
        19.133
       19.2587
       19.2576
       19.2156
       19.1886
       19.2201
       19.2378
       19.2647
       19.3487
       19.4463
       19.5439
       19.6222
       19.6458
        19.678
       19.6877
       19.6902
       19.7116
       19.7545
       19.7822
        19.803
       19.8291
       19.8599
       19.8498
       19.8151
       19.7696
       19.7194
       19.6959
       19.6539
       19.5224
       19.3709
       19.1662
       18.9615
       18.7942
       18.6466
       18.7503
       18.8992
       19.0278
       19.1017
       19.1498
       19.2077
       19.2922
       19.3812
        19.443
       19.4497
       19.4339
       19.3637
       19.1826
       18.9987
       18.8524
       18.8597
       18.8259
       18.9041
       19.0056
       18.9293
       18.8402
       18.7453
       18.6512
       18.5567
       18.4605
       18.4505
       18.4492
       18.4485
            24
            24
       18.4483
