       941.874
       941.902
       941.934
        941.98
       942.039
       942.114
       942.204
        942.31
       942.433
       942.572
       942.728
       942.901
       943.093
       943.305
       943.536
       943.788
       944.061
       944.359
        944.68
       945.028
       945.404
        945.81
       946.251
       946.732
       947.258
       947.875
       948.622
       949.502
       950.515
       951.661
       952.938
       954.333
       955.831
       957.422
       959.097
       960.848
       962.668
        964.55
       966.487
       968.474
       970.507
        972.58
       974.688
       976.827
        978.99
       981.171
       983.364
       985.561
       987.756
       989.939
       992.095
       994.195
       996.117
       997.799
       999.249
       1000.47
       1001.47
       1002.24
       1002.78
       1003.08
       1003.15
       1002.98
       1002.56
       1001.91
       1001.03
       999.916
       998.592
       997.068
       995.354
       993.455
       991.383
       989.146
       986.744
       984.173
       981.452
       978.657
       975.798
       972.885
       969.923
       966.917
        963.87
       960.789
       957.678
       954.541
       951.383
       948.207
       945.018
        941.82
       938.614
       935.426
       932.278
       929.172
       926.107
       923.087
       920.112
       917.182
         914.3
       911.465
       908.678
        906.03
       903.586
       901.341
       899.292
       897.441
       895.787
        894.33
       893.064
       891.973
        891.01
       890.177
       889.476
       888.906
       888.465
       888.145
       887.927
       887.806
       887.779
       887.805
        887.85
       887.908
        887.97
        888.03
       888.084
       888.128
       888.159
       888.173
       888.168
       888.142
       888.091
       888.013
       887.905
       887.763
       887.587
       887.375
       887.124
       886.834
       886.505
       886.145
       885.756
       885.341
       884.906
       884.452
       883.981
       883.493
       882.989
       882.466
       881.927
       881.371
         880.8
       880.216
        879.62
       879.016
       878.408
       877.807
       877.218
       876.643
       876.086
       875.551
       875.046
       874.564
       874.099
       873.654
        873.23
       872.832
       872.461
       872.121
       871.819
       871.567
       871.365
       871.214
       871.111
       871.055
       871.023
       871.017
       913.522
       913.533
        913.56
       913.601
       913.658
       913.729
       913.817
       913.919
       914.038
       914.174
       914.327
       914.497
       914.685
       914.892
       915.119
       915.367
       915.637
        915.93
       916.247
        916.59
       916.961
       917.361
       917.835
       918.353
       918.928
       919.556
       920.368
       921.258
       922.291
       923.445
       924.709
       926.154
       927.672
       929.211
       930.956
       932.686
       934.457
       936.326
       938.199
       940.168
       942.186
       944.349
        946.46
       948.593
       950.746
       952.849
       955.191
       957.121
       959.439
       961.837
        963.93
       965.951
       967.578
       969.389
       970.948
       972.067
        973.12
       974.107
       974.481
       974.574
       974.607
       974.554
       974.316
         973.8
       972.937
       971.905
       970.535
       969.004
       967.368
       965.403
       963.188
       960.845
       958.468
       955.809
       953.055
       950.326
       947.435
       944.694
       941.578
       938.654
         935.7
       932.572
       929.494
       926.437
       923.292
        920.13
        916.97
       913.799
       910.597
       907.389
       904.261
       901.135
       898.048
       894.977
       892.023
       889.077
       886.173
       883.311
       880.492
       877.779
       875.304
       873.175
        871.25
       869.497
       867.872
       866.434
       865.148
       864.036
       863.176
        862.46
       861.851
       861.258
       860.759
       860.394
       860.183
       860.058
       860.012
       860.047
       860.114
       860.194
       860.261
        860.32
       860.395
       860.439
       860.458
        860.47
       860.483
        860.46
       860.406
        860.33
       860.228
       860.092
       859.919
         859.7
       859.438
       859.161
       858.829
       858.462
       858.056
       857.577
       857.078
       856.593
       856.109
       855.611
       855.103
       854.598
       854.069
         853.5
       852.925
        852.36
       851.787
       851.211
       850.641
       850.058
       849.467
       848.883
       848.315
       847.768
       847.245
       846.708
       846.264
       845.855
       845.442
       845.044
       844.669
       844.324
       844.019
       843.762
       843.559
       843.408
       843.307
        844.01
       843.977
       843.207
       884.899
       884.904
       884.925
       884.962
       885.014
       885.081
       885.163
        885.26
       885.374
       885.504
        885.65
       885.813
       885.995
       886.195
       886.414
       886.654
       886.915
       887.199
       887.507
        887.84
       888.201
        888.59
       889.091
        889.64
       890.262
       890.893
       891.766
        892.66
       893.709
       894.868
       896.116
        897.61
       899.147
       900.631
       902.446
       904.154
       905.877
       907.733
       909.541
       911.493
       913.497
       915.755
        917.87
       920.001
       922.148
       924.176
       926.676
       928.339
       930.789
       933.417
       935.459
       937.374
       938.709
       940.652
        942.32
       943.331
        944.44
       945.649
       945.859
       945.738
       945.737
       945.808
        945.75
       945.372
       944.531
       943.582
       942.168
       940.633
        939.08
       937.054
       934.699
       932.257
       929.915
        927.18
       924.401
       921.735
       918.812
       916.244
       912.975
       910.136
       907.277
       904.103
       901.061
       898.087
       894.956
        891.81
        888.68
       885.541
       882.349
        879.12
       876.013
        872.87
       869.764
       866.642
       863.713
       860.751
       857.829
       854.941
       852.097
       849.325
       846.824
       844.819
       843.026
       841.377
       839.784
        838.37
       837.065
       835.936
       835.182
       834.584
       834.068
       833.456
         832.9
       832.491
        832.29
       832.162
       832.098
       832.145
       832.236
        832.34
       832.413
       832.473
        832.57
       832.616
       832.625
       832.636
       832.667
       832.649
       832.594
       832.521
       832.427
       832.296
       832.128
       831.903
       831.632
        831.37
       831.036
       830.663
       830.242
         829.7
       829.137
       828.622
       828.126
       827.621
       827.111
       826.626
       826.109
       825.528
        824.95
       824.405
       823.855
       823.308
       822.776
       822.211
       821.617
       821.025
       820.445
       819.887
       819.346
       818.752
       818.329
       817.956
       817.554
       817.156
       816.776
       816.427
       816.119
       815.858
       815.655
       815.504
       815.406
       816.876
       816.842
       815.306
       856.019
        856.02
       856.037
       856.068
       856.115
       856.175
       856.251
       856.341
       856.447
       856.568
       856.705
        856.86
       857.031
        857.22
       857.429
       857.657
       857.906
       858.177
       858.471
       858.789
       859.134
       859.507
        860.03
       860.606
        861.27
       861.899
       862.829
       863.724
       864.785
       865.945
       867.173
       868.715
       870.269
       871.694
       873.581
       875.265
       876.938
       878.783
       880.525
        882.46
       884.451
       886.807
       888.929
        891.06
       893.204
       895.159
       897.825
       899.219
       901.811
       904.676
       906.658
       908.467
       909.508
       911.585
       913.365
       914.264
       915.431
       916.867
        916.91
       916.571
       916.538
       916.736
       916.863
       916.627
        915.81
       914.947
       913.491
       911.954
       910.491
       908.408
       905.916
       903.379
       901.079
       898.274
       895.469
       892.878
       889.925
       887.538
       884.114
       881.362
       878.602
       875.384
       872.379
       869.491
       866.378
        863.25
       860.154
       857.049
        853.87
       850.623
       847.541
       844.382
       841.259
       838.089
       835.187
       832.213
       829.273
       826.359
       823.492
       820.673
       818.154
       816.281
       814.624
       813.085
       811.529
       810.142
       808.822
       807.678
       807.031
       806.554
       806.135
       805.503
       804.891
        804.44
       804.251
       804.122
       804.042
       804.102
       804.219
       804.349
        804.43
       804.492
       804.613
       804.662
       804.661
       804.673
       804.724
       804.711
       804.656
       804.588
       804.502
       804.379
       804.216
       803.987
       803.708
       803.463
       803.129
       802.751
       802.315
       801.711
       801.085
       800.543
       800.037
       799.525
       799.015
       798.552
       798.048
       797.457
       796.876
       796.352
       795.827
       795.309
       794.816
       794.269
       793.672
       793.071
       792.479
        791.91
        791.35
       790.701
       790.299
       789.963
       789.571
       789.173
       788.787
       788.434
       788.124
       787.859
       787.656
       787.508
       787.414
       789.654
       789.621
       787.315
       826.892
        826.89
       826.902
       826.927
       826.967
        827.02
       827.087
       827.169
       827.265
       827.375
       827.502
       827.644
       827.803
       827.979
       828.172
       828.385
       828.618
       828.872
       829.148
       829.447
       829.772
       830.124
       830.664
       831.263
       831.966
       832.587
       833.572
       834.463
       835.532
        836.69
       837.894
       839.482
       841.052
       842.416
       844.374
       846.034
       847.655
       849.487
       851.161
        853.08
       855.058
       857.515
       859.645
       861.777
       863.921
       865.803
       868.643
       869.767
       872.507
       875.618
       877.534
       879.232
       879.971
       882.186
        884.08
       884.867
       886.092
       887.761
       887.632
       887.072
       887.007
       887.337
       887.654
       887.564
       886.774
       886.001
       884.503
       882.969
         881.6
       879.463
       876.837
       874.208
       871.956
       869.082
       866.263
       863.753
       860.774
       858.573
       854.994
       852.334
       849.677
       846.415
       843.452
       840.654
        837.56
       834.453
       831.393
       828.327
       825.162
       821.901
       818.848
       815.677
       812.539
       809.325
       806.454
       803.469
       800.513
       797.568
       794.693
       791.832
       789.301
       787.565
       786.052
       784.627
       783.112
       781.755
       780.423
       779.264
       778.728
       778.375
       778.055
       777.406
       776.739
       776.247
       776.072
       775.944
       775.848
       775.924
       776.069
       776.225
       776.316
       776.381
       776.527
       776.581
       776.571
       776.584
       776.656
       776.651
       776.597
       776.534
       776.458
       776.343
       776.188
       775.956
        775.67
       775.442
       775.109
       774.727
       774.279
       773.613
       772.927
       772.357
       771.843
       771.326
       770.818
       770.379
       769.889
       769.289
       768.706
       768.205
       767.705
       767.216
       766.763
       766.234
       765.635
       765.025
       764.422
       763.841
       763.263
       762.557
       762.176
       761.877
       761.496
       761.097
       760.706
       760.349
       760.036
       759.768
       759.566
       759.421
       759.331
       762.348
       762.316
       759.235
       797.525
        797.52
       797.527
       797.546
       797.578
       797.623
       797.681
       797.751
       797.836
       797.934
       798.047
       798.175
       798.319
       798.478
       798.655
       798.849
       799.062
       799.295
       799.549
       799.826
       800.125
       800.452
       801.006
       801.624
       802.362
       802.972
       804.008
       804.892
       805.966
       807.118
       808.295
       809.927
        811.51
       812.811
        814.84
       816.473
       818.039
       819.857
       821.462
       823.363
       825.328
       827.888
       830.027
       832.162
       834.306
       836.117
       839.136
       839.986
       842.883
        846.26
       848.087
       849.667
       850.099
       852.455
       854.466
       855.136
       856.421
       858.329
       858.027
       857.241
       857.145
       857.609
       858.122
       858.183
       857.421
       856.742
       855.204
       853.675
       852.408
       850.219
        847.46
       844.743
       842.545
       839.606
       836.781
       834.363
       831.359
       829.351
       825.616
       823.053
       820.502
       817.199
        814.28
       811.577
       808.505
       805.423
       802.404
       799.379
       796.232
        792.96
        789.94
       786.761
       783.613
       780.357
       777.521
       774.531
       771.566
       768.605
       765.723
       762.816
       760.274
       758.681
       757.316
       756.009
       754.538
       753.214
        751.87
       750.701
        750.28
       750.054
       749.836
        749.17
       748.449
       747.918
       747.758
       747.632
       747.521
       747.615
       747.788
       747.974
       748.075
       748.145
       748.317
       748.376
       748.359
       748.375
       748.469
       748.472
       748.419
       748.363
       748.298
       748.193
       748.045
       747.811
       747.519
       747.311
        746.98
       746.596
       746.137
       745.411
       744.664
        744.07
       743.549
       743.028
       742.523
       742.108
       741.635
       741.026
       740.444
       739.965
       739.492
       739.034
       738.621
       738.111
        737.51
        736.89
       736.276
       735.684
       735.088
       734.325
       733.967
       733.704
       733.333
       732.934
       732.536
       732.176
       731.861
       731.591
       731.391
       731.249
       731.164
        734.96
       734.929
        731.07
       767.927
       767.919
       767.921
       767.933
       767.957
       767.992
       768.039
       768.098
       768.169
       768.254
       768.351
       768.463
       768.589
       768.729
       768.886
       769.059
        769.25
       769.458
       769.687
       769.936
       770.207
       770.503
       771.067
         771.7
        772.47
       773.067
       774.152
       775.025
         776.1
       777.244
        778.39
       780.064
       781.658
       782.891
       784.991
       786.594
       788.103
       789.905
       791.438
        793.32
       795.271
       797.935
       800.083
       802.221
       804.365
       806.103
       809.306
        809.88
       812.937
       816.575
       818.304
       819.771
       819.889
       822.391
       824.521
       825.073
       826.419
       828.571
       828.092
       827.077
       826.949
       827.553
       828.266
       828.482
       827.751
       827.169
       825.594
       824.073
       822.911
       820.675
       817.785
       814.982
       812.844
       809.844
       807.021
         804.7
       801.677
        799.87
       795.981
       793.519
        791.08
       787.739
       784.868
       782.263
       779.219
       776.164
        773.19
       770.211
       767.086
       763.809
       760.825
       757.641
       754.486
       751.191
       748.396
       745.406
       742.438
        739.47
       736.585
       733.632
       731.081
       729.635
       728.423
        727.24
       725.815
       724.527
       723.173
       721.996
       721.693
       721.597
       721.483
       720.801
       720.028
       719.459
       719.315
       719.193
       719.068
        719.18
       719.384
         719.6
       719.712
       719.787
       719.987
       720.053
       720.029
       720.048
       720.165
       720.177
       720.127
       720.079
       720.026
       719.931
       719.792
       719.558
       719.261
       719.073
       718.745
       718.362
       717.893
       717.107
       716.301
       715.683
       715.156
       714.633
       714.133
       713.745
       713.289
       712.673
       712.091
       711.637
       711.191
       710.764
       710.392
       709.902
       709.299
       708.672
       708.046
       707.443
       706.829
        706.01
       705.673
       705.448
       705.087
       704.688
       704.284
       703.921
       703.605
       703.331
       703.133
       702.996
       702.914
       707.495
       707.464
       702.823
       738.106
       738.094
       738.091
       738.096
       738.111
       738.136
       738.171
       738.217
       738.274
       738.343
       738.423
       738.516
       738.623
       738.742
       738.876
       739.026
       739.191
       739.372
       739.572
        739.79
       740.028
        740.29
        740.86
       741.503
       742.304
       742.884
       744.016
       744.876
       745.951
       747.083
       748.195
       749.908
        751.51
       752.671
        754.84
       756.411
       757.861
       759.644
       761.102
       762.963
       764.898
       767.667
       769.822
       771.961
       774.106
        775.77
        779.16
       779.452
       782.674
       786.576
       788.194
       789.544
       789.342
       791.993
       794.245
       794.677
       796.086
       798.487
       797.828
       796.579
        796.42
       797.167
       798.086
       798.461
       797.762
       797.283
       795.672
       794.161
       793.111
        790.83
        787.81
       784.923
        782.85
       779.791
       776.969
        774.76
       771.726
        770.13
        766.09
       763.734
       761.413
       758.035
       755.217
       752.716
       749.703
       746.681
       743.756
       740.828
        737.73
       734.451
       731.508
       728.323
       725.165
       721.837
       719.086
       716.101
       713.135
       710.165
       707.282
       704.288
       701.731
       700.436
       699.381
       698.325
       696.951
       695.702
       694.339
       693.157
       692.974
       693.011
       693.003
       692.308
       691.483
       690.876
        690.75
       690.632
       690.495
       690.626
       690.862
       691.108
       691.232
       691.314
       691.543
       691.615
       691.585
       691.608
        691.75
       691.772
       691.725
       691.685
       691.645
       691.562
       691.433
       691.199
       690.898
       690.732
       690.409
       690.026
       689.549
       688.705
       687.842
         687.2
        686.67
       686.146
       685.651
       685.291
       684.855
       684.233
       683.653
       683.225
       682.806
       682.411
       682.082
       681.612
       681.009
       680.373
       679.737
       679.124
       678.492
       677.617
       677.302
       677.115
       676.764
       676.364
       675.955
       675.589
        675.27
       674.994
       674.797
       674.663
       674.584
       679.954
       679.925
       674.497
        708.07
       708.055
       708.046
       708.044
        708.05
       708.063
       708.086
       708.118
       708.159
       708.211
       708.273
       708.346
       708.431
       708.528
       708.637
        708.76
       708.897
       709.049
       709.217
       709.401
       709.604
       709.828
       710.399
       711.046
       711.871
       712.438
       713.617
       714.461
       715.532
        716.65
       717.725
       719.474
       721.081
       722.166
       724.401
       725.938
       727.324
       729.087
       730.466
       732.303
       734.219
       737.092
       739.253
       741.392
       743.534
       745.121
       748.701
       748.707
       752.105
       756.248
       757.754
       758.985
       758.459
       761.262
       763.639
       763.948
       765.422
       768.078
       767.235
       765.749
       765.558
       766.451
       767.581
       768.119
       767.455
       767.082
       765.437
        763.94
       763.007
       760.682
       757.534
       754.566
       752.563
       749.448
        746.63
       744.544
       741.508
       740.131
       735.943
       733.701
       731.502
       728.092
       725.331
        722.94
       719.962
       716.978
       714.108
       711.236
        708.17
       704.895
       701.997
       698.815
       695.658
         692.3
         689.6
       686.623
       683.663
       680.688
       677.819
       674.789
       672.231
       671.093
         670.2
       669.275
       667.955
       666.746
       665.377
       664.191
       664.131
       664.304
       664.405
       663.698
       662.821
       662.178
       662.071
       661.958
       661.808
        661.96
       662.227
       662.505
       662.642
       662.731
       662.989
       663.069
       663.034
       663.061
       663.228
        663.26
       663.217
       663.187
       663.161
        663.09
       662.972
       662.739
       662.435
       662.292
       661.975
       661.594
        661.11
        660.21
       659.289
       658.627
       658.093
        657.57
       657.083
       656.753
       656.337
        655.71
       655.134
       654.732
       654.342
       653.981
       653.695
       653.246
       652.642
           652
       651.354
        650.73
       650.081
        649.15
       648.857
       648.708
       648.368
       647.968
       647.552
       647.184
       646.863
       646.584
       646.388
       646.257
        646.18
       652.341
       652.314
       646.097
       677.829
        677.81
       677.795
       677.785
       677.781
       677.783
       677.793
        677.81
       677.835
       677.868
       677.911
       677.963
       678.025
       678.097
       678.181
       678.275
       678.382
       678.502
       678.635
       678.784
       678.947
       679.131
       679.702
       680.351
       681.203
       681.748
       682.971
       683.795
        684.86
       685.961
       686.996
       688.778
       690.386
        691.39
        693.69
       695.188
       696.506
       698.245
       699.541
       701.351
       703.245
       706.221
       708.384
        710.52
       712.657
       714.161
        717.93
       717.638
       721.203
       725.583
       726.983
       728.097
       727.241
       730.199
       732.704
       732.888
       734.428
       737.343
       736.314
       734.585
       734.362
       735.406
       736.751
       737.457
        736.83
       736.566
       734.888
       733.409
       732.598
       730.232
       726.957
        723.91
       721.982
       718.814
       716.007
       714.053
       711.026
       709.876
       705.542
        703.42
        701.35
       697.912
       695.214
       692.939
       690.001
       687.059
       684.249
       681.439
       678.415
       675.145
       672.297
       669.123
       665.973
       662.589
       659.945
       656.983
       654.032
       651.059
       648.208
       645.147
       642.592
       641.615
       640.888
       640.099
       638.835
        637.67
       636.296
       635.108
       635.174
       635.485
       635.696
       634.978
       634.051
       633.372
       633.284
       633.177
       633.015
       633.187
       633.488
       633.797
       633.948
       634.045
       634.331
        634.42
       634.379
       634.412
       634.604
       634.647
       634.609
       634.589
       634.577
        634.52
       634.414
       634.183
       633.877
       633.758
       633.449
       633.071
       632.581
       631.625
       630.649
       629.966
       629.432
       628.911
       628.433
       628.133
       627.739
       627.109
       626.537
       626.163
       625.804
       625.478
       625.236
       624.809
       624.205
       623.556
       622.901
       622.268
       621.602
       620.615
       620.345
       620.234
       619.905
       619.504
       619.084
       618.712
       618.388
       618.105
        617.91
       617.783
       617.707
       624.662
       624.636
       617.627
       647.391
       647.368
       647.348
        647.33
       647.315
       647.306
       647.301
       647.303
       647.311
       647.326
       647.348
       647.378
       647.416
       647.462
       647.518
       647.583
       647.658
       647.744
       647.841
       647.951
       648.074
       648.215
       648.784
       649.437
       650.313
       650.832
       652.094
       652.895
       653.949
        655.03
        656.02
       657.834
        659.44
        660.36
       662.722
       664.176
       665.422
       667.133
       668.342
        670.12
       671.988
       675.065
       677.227
       679.354
       681.482
       682.898
       686.853
       686.251
       689.975
       694.592
       695.885
       696.881
        695.69
       698.808
       701.442
       701.499
       703.105
       706.285
       705.066
       703.089
       702.834
       704.031
       705.596
       706.474
       705.885
       705.734
       704.025
       702.566
       701.883
       699.479
       696.079
       692.955
       691.108
        687.89
       685.098
       683.282
        680.27
       679.361
       674.887
       672.893
       670.961
       667.498
       664.869
       662.715
       659.823
       656.929
       654.185
       651.443
       648.462
       645.206
       642.414
       639.255
       636.117
       632.713
       630.131
       627.189
       624.256
       621.295
       618.462
       615.372
       612.825
       612.014
       611.457
       610.806
       609.602
       608.482
       607.106
       605.918
       606.112
       606.561
       606.885
       606.157
       605.182
       604.466
       604.398
       604.296
       604.123
       604.316
        604.65
       604.992
       605.156
       605.261
       605.577
       605.674
       605.628
       605.666
       605.884
       605.939
       605.906
       605.896
       605.899
       605.856
       605.763
       605.535
       605.228
       605.134
       604.833
       604.461
       603.966
       602.955
       601.925
       601.224
       600.689
       600.172
       599.704
       599.437
       599.067
       598.434
       597.868
       597.523
       597.196
       596.906
       596.709
       596.306
       595.703
       595.048
       594.384
       593.743
       593.061
       592.017
       591.771
       591.699
        591.38
       590.979
       590.552
       590.178
       589.851
       589.564
        589.37
       589.245
       589.169
       596.921
       596.895
       589.092
       616.766
        616.74
       616.713
       616.687
       616.662
       616.641
       616.622
       616.608
       616.599
       616.594
       616.596
       616.603
       616.616
       616.636
       616.662
       616.697
       616.739
       616.789
       616.849
       616.918
       616.998
       617.094
       617.661
       618.316
       619.215
       619.703
       621.002
       621.777
       622.817
       623.872
       624.814
       626.657
       628.258
       629.089
        631.51
       632.917
       634.087
       635.765
       636.881
       638.623
        640.46
       643.634
        645.79
       647.905
       650.017
       651.338
       655.477
       654.553
       658.419
       663.281
       664.466
       665.343
       663.811
        667.09
       669.857
       669.784
       671.456
       674.905
       673.491
       671.262
       670.974
       672.327
       674.117
       675.171
       674.622
       674.588
       672.849
       671.414
       670.863
       668.424
       664.899
       661.702
       659.941
       656.677
       653.903
        652.23
       649.247
       648.592
        643.98
       642.124
       640.337
       636.855
         634.3
       632.275
       629.434
       626.594
       623.922
       621.254
       618.321
       615.084
       612.357
       609.218
       606.099
       602.681
       600.167
        597.25
       594.341
       591.399
       588.589
       585.476
        582.94
       582.299
       581.917
       581.408
       580.266
       579.193
       577.814
       576.629
       576.953
       577.544
       577.981
       577.244
       576.221
       575.468
        575.42
       575.325
        575.14
       575.354
        575.72
       576.095
       576.274
       576.386
       576.732
       576.837
       576.787
        576.83
       577.074
        577.14
       577.113
       577.113
       577.132
       577.104
       577.024
       576.799
       576.492
       576.425
       576.134
       575.767
       575.269
       574.205
       573.122
       572.403
       571.871
       571.359
       570.903
        570.67
       570.324
       569.691
       569.132
       568.818
       568.524
       568.271
       568.121
       567.742
       567.142
       566.481
       565.811
       565.162
       564.463
       563.364
       563.142
       563.108
       562.799
       562.396
       561.965
       561.588
       561.258
       560.967
       560.773
       560.647
        560.57
        569.12
       569.096
       560.495
       585.965
       585.935
       585.902
       585.868
       585.833
       585.799
       585.767
       585.737
        585.71
       585.686
       585.666
        585.65
       585.638
        585.63
       585.628
        585.63
       585.638
       585.652
       585.672
         585.7
       585.736
       585.786
       586.347
       587.001
       587.922
       588.379
       589.713
       590.457
       591.481
       592.507
       593.396
       595.264
       596.857
       597.595
       600.071
       601.427
       602.515
       604.156
       605.174
       606.874
       608.675
       611.942
       614.086
       616.183
       618.273
       619.492
       623.809
       622.548
       626.549
       631.657
       632.733
       633.487
       631.608
        635.05
        637.95
       637.744
       639.484
       643.204
       641.591
       639.106
       638.784
       640.296
       642.316
        643.55
       643.044
        643.13
       641.362
       639.954
        639.54
       637.067
        633.42
       630.151
       628.481
       625.174
       622.424
       620.902
       617.952
       617.565
       612.823
       611.113
        609.48
       605.986
       603.512
       601.622
        598.84
       596.059
       593.466
       590.877
           588
       584.789
       582.135
       579.022
       575.928
       572.502
       570.061
       567.175
       564.294
       561.378
       558.598
       555.468
       552.949
       552.483
       552.279
       551.916
       550.838
       549.815
       548.435
       547.254
       547.709
       548.442
       548.993
       548.247
       547.175
       546.387
        546.36
       546.271
       546.075
       546.308
       546.708
       547.116
       547.308
       547.427
       547.804
       547.916
       547.861
       547.909
       548.179
       548.257
       548.235
       548.246
       548.282
       548.268
       548.202
       547.982
       547.676
       547.636
       547.355
       546.996
       546.496
        545.38
       544.245
       543.511
       542.982
       542.477
       542.034
       541.837
       541.518
       540.885
       540.334
       540.052
       539.793
       539.579
       539.476
       539.123
       538.526
       537.862
       537.186
       536.529
       535.816
       534.662
       534.463
       534.468
        534.17
       533.766
        533.33
       532.948
       532.613
       532.316
       532.121
       531.993
       531.916
       541.265
       541.241
       531.841
       554.998
       554.964
       554.925
       554.883
       554.838
       554.792
       554.746
         554.7
       554.655
       554.612
       554.571
       554.532
       554.495
        554.46
       554.428
       554.399
       554.372
       554.349
       554.329
       554.314
       554.305
       554.307
       554.861
       555.512
       556.455
       556.879
       558.243
       558.955
       559.958
       560.952
       561.785
       563.674
       565.254
       565.896
       568.423
       569.722
       570.723
       572.322
       573.235
       574.889
       576.647
       580.002
       582.127
       584.199
       586.261
       587.368
       591.859
       590.242
       594.376
        599.73
       600.693
       601.321
       599.089
       602.695
       605.728
       605.384
       607.191
       611.187
       609.371
       606.622
       606.265
       607.939
       610.193
        611.61
       611.149
        611.36
       609.565
       608.184
       607.913
        605.41
        601.64
       598.303
       596.731
       593.385
       590.663
       589.299
       586.387
       586.284
       581.419
       579.864
       578.394
       574.895
       572.509
       570.762
       568.044
       565.331
       562.822
       560.321
       557.506
       554.329
       551.754
       548.676
       545.613
       542.185
       539.825
       536.975
        534.12
       531.233
       528.501
       525.361
       522.864
       522.578
       522.556
       522.341
        521.33
       520.359
       518.981
       517.803
        518.39
       519.266
       519.932
       519.177
       518.056
       517.232
       517.226
       517.143
       516.935
       517.189
       517.621
        518.06
       518.265
       518.391
       518.797
       518.918
       518.856
       518.909
       519.206
       519.295
       519.278
       519.301
       519.352
       519.354
       519.303
       519.087
       518.783
       518.771
       518.503
       518.152
       517.652
       516.485
         515.3
       514.552
       514.028
       513.531
       513.104
       512.943
       512.652
       512.021
        511.48
       511.231
       511.008
       510.834
       510.781
       510.454
       509.863
       509.196
       508.515
       507.853
       507.125
       505.917
       505.743
       505.786
       505.499
       505.094
       504.652
       504.265
       503.924
        503.62
       503.422
       503.289
        503.21
       513.359
       513.334
       503.134
       523.877
       523.839
       523.795
       523.744
       523.689
       523.631
       523.572
       523.511
       523.449
       523.387
       523.325
       523.263
       523.202
        523.14
       523.078
       523.017
       522.956
       522.895
       522.835
       522.777
       522.721
       522.674
       523.222
       523.871
       524.831
       525.219
       526.613
       527.289
       528.269
       529.227
           530
       531.906
        533.47
       534.009
       536.583
        537.82
       538.729
        540.28
       541.083
       542.682
       544.391
       547.828
       549.928
       551.967
       553.993
       554.981
       559.637
       557.649
       561.909
       567.509
       568.354
       568.853
       566.259
       570.029
       573.196
        572.71
       574.582
       578.856
       576.831
       573.814
        573.42
       575.257
       577.748
       579.353
       578.938
       579.277
       577.456
       576.107
       575.983
       573.453
       569.563
       566.159
       564.691
        561.31
       558.624
       557.425
       554.559
       554.749
        549.77
       548.379
       547.083
       543.586
       541.297
       539.701
       537.054
       534.414
       531.999
       529.593
       526.848
       523.711
       521.224
       518.188
       515.165
       511.743
       509.471
       506.663
       503.845
       501.004
       498.317
        495.17
       492.699
       492.596
       492.759
       492.696
       491.754
       490.836
       489.461
       488.288
       489.006
       490.025
       490.806
       490.042
       488.872
       488.013
       488.027
       487.949
       487.729
       488.003
       488.467
       488.938
       489.154
       489.286
       489.721
       489.848
        489.78
       489.837
       490.159
        490.26
       490.248
       490.282
       490.349
       490.366
        490.33
       490.121
       489.818
       489.837
       489.581
       489.241
       488.741
       487.525
       486.292
       485.532
       485.014
       484.527
       484.116
       483.995
       483.733
       483.105
       482.576
       482.362
       482.175
       482.043
       482.041
       481.743
       481.158
       480.491
       479.806
       479.138
       478.397
       477.135
       476.987
        477.07
       476.793
       476.386
       475.938
       475.545
       475.196
       474.883
        474.68
       474.541
       474.458
       485.406
        485.38
       474.377
       492.614
       492.573
       492.522
       492.464
       492.399
        492.33
       492.258
       492.182
       492.104
       492.024
       491.942
       491.859
       491.773
       491.685
       491.595
       491.502
       491.407
       491.309
       491.208
       491.106
       491.004
       490.907
       491.445
       492.091
       493.069
        493.42
       494.842
        495.48
       496.433
       497.351
        498.06
        499.98
       501.523
       501.955
       504.571
       505.741
       506.552
       508.048
       508.733
       510.272
       511.924
       515.436
       517.503
       519.501
       521.483
        522.34
       527.148
       524.778
       529.158
       535.003
       535.727
       536.091
       533.127
        537.06
       540.359
       539.727
       541.662
       546.216
       543.977
       540.685
       540.251
       542.253
       544.985
        546.78
       546.412
       546.882
       545.036
       543.721
       543.751
       541.196
       537.188
       533.722
       532.363
       528.953
       526.307
       525.282
       522.466
       522.959
       517.874
       516.662
       515.549
       512.063
       509.879
       508.443
       505.875
       503.317
       501.003
         498.7
       496.033
       492.946
       490.555
       487.569
       484.594
       481.186
        479.01
       476.256
       473.488
       470.699
       468.059
       464.909
       462.468
       462.551
       462.903
       462.993
       462.122
       461.259
       459.888
       458.719
       459.569
       460.731
       461.626
       460.853
       459.633
       458.739
       458.772
         458.7
       458.467
        458.76
       459.255
       459.755
       459.983
        460.12
       460.582
       460.715
       460.639
         460.7
       461.047
       461.157
        461.15
       461.195
       461.279
       461.311
       461.291
       461.087
       460.788
       460.837
       460.596
       460.267
        459.77
       458.506
       457.226
       456.455
       455.947
       455.471
       455.079
       454.998
       454.767
       454.145
       453.628
        453.45
       453.302
       453.213
       453.264
       452.995
       452.418
       451.751
       451.064
       450.393
        449.64
       448.326
       448.203
       448.325
       448.059
       447.651
       447.195
       446.794
       446.436
       446.112
         445.9
       445.752
       445.662
       457.409
       457.381
       445.573
       461.221
       461.176
        461.12
       461.055
       460.981
       460.902
       460.817
       460.728
       460.635
       460.538
       460.437
       460.333
       460.224
       460.111
       459.994
       459.871
       459.742
       459.608
       459.467
       459.321
       459.172
       459.024
        459.55
       460.196
       461.192
       461.505
       462.952
       463.548
       464.471
       465.346
       465.987
       467.916
       469.433
       469.754
       472.406
       473.504
        474.21
       475.646
       476.207
       477.678
       479.265
       482.844
       484.869
       486.817
       488.745
       489.457
       494.408
       491.644
       496.129
       502.223
       502.821
       503.045
       499.703
       503.797
       507.226
       506.441
       508.438
       513.271
       510.812
       507.238
       506.762
       508.929
       511.904
       513.891
       513.571
       514.175
       512.306
       511.028
       511.217
        508.64
       504.516
       500.992
        499.75
       496.316
       493.716
       492.873
       490.114
       490.921
       485.738
       484.718
       483.799
        480.33
       478.261
       476.994
       474.513
       472.045
        469.84
       467.649
        465.07
       462.042
       459.756
       456.829
        453.91
       450.525
       448.455
       445.762
        443.05
       440.324
       437.739
       434.592
       432.186
       432.458
           433
       433.245
       432.446
       431.639
       430.272
       429.108
       430.089
       431.393
       432.403
        431.62
       430.351
        429.42
       429.472
       429.404
       429.157
       429.467
       429.992
       430.521
       430.758
       430.898
       431.387
       431.524
        431.44
       431.503
       431.873
       431.994
       431.991
       432.045
       432.145
       432.194
       432.189
       431.992
       431.697
       431.778
       431.552
       431.236
       430.743
       429.434
        428.11
        427.33
       426.832
        426.37
       425.998
       425.959
       425.761
       425.145
       424.643
       424.503
       424.394
        424.35
       424.454
       424.217
       423.648
       422.984
       422.297
       421.624
        420.86
       419.495
       419.398
       419.561
       419.305
       418.895
       418.431
        418.02
       417.651
       417.313
       417.088
       416.926
       416.827
        429.37
       429.339
       416.724
       429.713
       429.665
       429.603
       429.531
       429.449
        429.36
       429.264
       429.163
       429.056
       428.944
       428.826
       428.702
       428.573
       428.436
       428.293
       428.141
       427.981
       427.811
       427.632
       427.444
       427.248
        427.05
       427.565
        428.21
       429.221
       429.494
       430.963
       431.515
       432.405
       433.234
       433.804
       435.736
       437.223
       437.426
        440.11
       441.129
       441.725
       443.094
       443.523
       444.918
       446.433
        450.07
       452.044
       453.932
       455.796
       456.351
       461.435
       458.265
       462.848
       469.185
       469.649
       469.726
       465.997
       470.248
       473.804
        472.86
       474.914
       480.028
       477.342
       473.479
       472.956
       475.288
       478.508
       480.689
       480.417
       481.157
       479.266
       478.027
       478.381
       475.787
       471.551
       467.973
       466.856
       463.402
       460.856
       460.202
       457.507
       458.641
       453.364
       452.546
       451.834
       448.391
       446.446
        445.36
       442.974
       440.604
       438.518
       436.449
       433.967
       431.008
       428.836
       425.978
       423.125
       419.771
       417.816
       415.193
       412.546
       409.892
       407.372
       404.234
       401.867
       402.331
       403.065
       403.466
        402.74
       401.988
       400.626
       399.466
       400.578
       402.023
       403.146
       402.353
       401.033
       400.066
       400.136
       400.071
       399.808
       400.135
       400.687
       401.244
       401.488
        401.63
       402.142
       402.282
       402.189
       402.252
       402.645
       402.775
       402.775
       402.839
       402.955
       403.019
        403.03
        402.84
        402.55
       402.664
       402.455
       402.154
       401.667
       400.314
       398.947
       398.162
       397.676
        397.23
        396.88
       396.885
       396.721
       396.113
       395.626
       395.525
       395.458
        395.46
        395.62
       395.415
       394.857
       394.198
       393.512
       392.838
       392.066
       390.651
       390.582
       390.785
       390.539
       390.127
       389.654
       389.231
       388.847
       388.491
       388.248
       388.068
       387.954
       401.293
       401.256
       387.831
       398.103
       398.051
       397.985
       397.907
       397.818
        397.72
       397.615
       397.502
       397.383
       397.257
       397.124
       396.984
       396.836
       396.678
       396.511
       396.333
       396.143
       395.941
       395.724
       395.494
       395.253
       395.005
       395.511
       396.155
       397.178
       397.409
       398.898
       399.403
       400.258
       401.039
       401.533
       403.464
       404.915
       404.996
       407.705
        408.64
        409.12
       410.414
       410.704
       412.016
       413.449
       417.134
       419.048
       420.866
       422.651
       423.039
       428.247
       424.662
       429.341
       435.905
       436.225
       436.146
        432.02
       436.424
       440.102
       438.993
         441.1
       446.492
       443.572
       439.412
       438.838
       441.334
       444.798
       447.174
       446.951
       447.829
       445.915
        444.72
       445.244
       442.637
       438.293
       434.667
       433.682
       430.216
       427.731
       427.276
       424.653
       426.123
        420.76
       420.153
       419.659
       416.252
       414.441
       413.544
       411.265
       409.002
       407.043
       405.105
        402.73
       399.851
       397.805
       395.025
       392.249
       388.938
       387.107
       384.563
       381.994
       379.423
       376.973
       373.851
       371.527
       372.185
       373.112
       373.671
       373.018
        372.32
       370.961
       369.805
       371.046
       372.631
       373.866
       373.062
       371.691
       370.685
       370.772
       370.709
       370.429
       370.771
       371.349
        371.93
        372.18
       372.321
       372.856
       372.997
       372.892
       372.955
       373.369
       373.506
       373.508
       373.581
       373.712
       373.792
       373.819
       373.637
       373.352
         373.5
       373.309
       373.025
       372.547
       371.153
       369.746
       368.957
       368.486
       368.058
       367.731
       367.782
       367.654
       367.056
       366.585
       366.525
         366.5
       366.549
       366.765
       366.595
        366.05
       365.397
       364.715
       364.044
       363.264
       361.803
       361.763
       362.007
       361.772
       361.358
       360.873
       360.436
       360.033
       359.653
       359.384
       359.181
       359.046
       373.177
       373.132
       358.893
       366.406
       366.352
       366.282
       366.198
       366.103
       365.998
       365.884
       365.763
       365.633
       365.496
       365.351
       365.196
       365.031
       364.856
       364.668
       364.466
        364.25
       364.017
       363.765
       363.495
        363.21
       362.911
       363.412
       364.057
        365.09
       365.276
       366.781
       367.236
       368.052
       368.781
       369.196
       371.122
       372.532
       372.487
       375.214
        376.06
       376.417
        377.63
       377.774
       378.993
       380.336
       384.059
       385.902
       387.638
       389.332
       389.539
       394.861
       390.848
       395.613
       402.394
        402.56
       402.317
       397.784
       402.336
       406.131
       404.848
       407.003
       412.671
        409.51
       405.044
       404.413
        407.07
       410.778
       413.348
       413.172
        414.19
       412.255
       411.105
       411.807
       409.192
       404.744
       401.077
       400.236
       396.764
       394.348
       394.101
       391.556
       393.372
       387.927
       387.541
       387.277
       383.917
        382.25
       381.553
        379.39
       377.245
       375.423
       373.625
       371.368
       368.578
        366.67
       363.981
       361.293
       358.036
        356.34
       353.881
        351.41
       348.931
        346.56
       343.458
       341.183
       342.037
       343.158
       343.872
       343.292
       342.647
       341.288
       340.134
       341.503
       343.227
       344.572
       343.756
       342.334
       341.289
       341.391
       341.329
        341.03
       341.384
       341.986
       342.589
       342.842
       342.981
       343.536
       343.676
       343.556
       343.617
       344.051
       344.193
       344.197
       344.278
       344.423
       344.518
        344.56
       344.386
       344.108
       344.291
        344.12
       343.855
       343.388
       341.955
       340.512
       339.722
       339.269
       338.861
        338.56
       338.658
       338.567
       337.979
       337.527
       337.507
       337.526
       337.623
       337.897
       337.763
       337.233
        336.59
       335.914
       335.247
       334.464
       332.958
       332.949
       333.236
       333.013
       332.596
       332.099
       331.644
       331.217
       330.807
       330.505
       330.268
       330.104
       345.021
       344.964
       329.905
       334.639
       334.582
       334.508
        334.42
       334.319
       334.209
       334.089
       333.961
       333.824
       333.678
       333.522
       333.356
       333.179
       332.989
       332.783
       332.562
       332.322
       332.062
       331.779
       331.472
       331.143
       330.798
       331.297
       331.938
       332.979
       333.117
       334.635
       335.038
       335.811
       336.483
       336.815
       338.732
       340.098
       339.922
       342.663
       343.413
       343.642
       344.767
       344.758
       345.875
       347.117
       350.869
       352.628
       354.269
       355.859
       355.873
       361.294
        356.84
       361.676
       368.663
       368.666
       368.251
       363.302
       367.995
       371.901
       370.436
       372.633
       378.574
       375.163
       370.383
       369.688
       372.502
       376.451
       379.213
       379.081
       380.239
       378.283
       377.182
       378.069
       375.453
       370.908
       367.208
        366.52
       363.053
       360.716
       360.685
       358.226
       360.395
       354.876
       354.718
       354.694
       351.392
       349.878
       349.392
       347.354
       345.337
       343.662
       342.016
       339.887
       337.197
        335.44
       332.857
       330.269
        327.08
       325.532
       323.175
       320.815
       318.434
       316.149
       313.076
       310.854
       311.905
       313.219
       314.088
       313.577
       312.983
       311.623
        310.47
       311.963
       313.822
       315.274
       314.447
       312.972
       311.886
       312.002
       311.939
        311.62
       311.984
       312.606
       313.229
       313.482
       313.614
       314.187
       314.324
       314.189
       314.244
       314.696
       314.843
       314.845
       314.933
       315.091
       315.201
       315.259
       315.093
       314.822
       315.041
       314.893
       314.649
       314.196
       312.729
       311.251
       310.465
       310.033
       309.648
       309.374
        309.52
       309.468
       308.891
       308.458
       308.479
       308.542
       308.689
       309.021
       308.925
       308.412
       307.781
       307.114
       306.456
       305.672
       304.125
       304.149
       304.482
       304.272
       303.854
       303.342
       302.867
       302.412
       301.963
       301.616
       301.333
       301.126
       316.823
       316.748
       300.859
       302.818
       302.758
       302.681
       302.589
       302.485
       302.371
       302.247
       302.114
       301.972
        301.82
       301.658
       301.485
       301.298
       301.097
       300.879
       300.642
       300.384
       300.101
       299.791
       299.451
       299.082
       298.696
        299.19
       299.826
       300.872
        300.96
       302.486
       302.832
       303.559
       304.171
       304.417
       306.319
       307.636
       307.327
       310.075
       310.725
       310.821
       311.851
       311.681
       312.689
       313.823
       317.588
       319.252
       320.785
       322.256
       322.063
       327.567
       322.653
        327.54
       334.716
       334.555
       333.961
       328.587
       333.414
       337.424
       335.769
       338.001
        344.21
       340.541
       335.436
        334.67
       337.634
        341.82
        344.77
       344.677
       345.975
       343.997
       342.949
       344.029
        341.42
       336.786
       333.065
       332.544
       329.092
       326.843
       327.038
       324.673
       327.202
       321.615
       321.692
       321.916
       318.679
       317.331
       317.066
       315.163
       313.284
       311.768
       310.284
       308.294
       305.718
       304.127
       301.662
        299.19
       296.083
       294.698
        292.46
       290.224
       287.952
       285.762
       282.726
        280.56
       281.807
       283.312
       284.332
       283.889
       283.343
        281.98
       280.823
       282.435
       284.424
       285.981
       285.139
        283.61
       282.483
       282.614
        282.55
        282.21
       282.579
       283.218
       283.856
       284.106
       284.231
       284.818
       284.948
       284.795
       284.844
        285.31
       285.459
       285.459
       285.552
       285.722
       285.845
       285.919
       285.761
       285.497
       285.755
       285.631
       285.411
       284.976
       283.478
       281.972
       281.192
       280.785
       280.425
       280.182
       280.377
       280.364
         279.8
       279.385
       279.447
       279.554
       279.751
       280.143
       280.085
       279.593
       278.976
       278.323
       277.677
       276.897
       275.312
       275.374
       275.754
       275.561
       275.142
       274.616
       274.118
        273.63
       273.129
       272.724
       272.379
       272.111
       288.578
       288.476
       271.744
       270.959
       270.897
       270.817
       270.724
       270.618
       270.501
       270.376
       270.241
       270.097
       269.943
       269.778
       269.601
        269.41
       269.202
       268.975
       268.729
       268.458
       268.158
       267.827
       267.459
       267.058
       266.633
       267.122
       267.751
       268.798
       268.831
        270.36
       270.647
       271.322
       271.871
       272.027
        273.91
       275.174
       274.729
       277.477
       278.024
       277.982
       278.911
       278.575
       279.466
       280.481
       284.246
         285.8
       287.208
       288.546
       288.131
         293.7
        288.31
       293.216
       300.577
       300.245
       299.464
       293.655
       298.609
       302.714
       300.859
       303.117
       309.589
       305.653
       300.215
       299.368
       302.474
       306.887
       310.018
       309.957
       311.393
       309.392
         308.4
       309.685
       307.092
       302.382
       298.654
       298.315
       294.892
       292.743
       293.174
       290.909
       293.806
       288.154
       288.474
        288.95
       285.787
       284.613
       284.578
        282.82
        281.09
       279.745
       278.435
       276.597
       274.148
       272.735
       270.405
       268.066
       265.058
        263.85
       261.751
        259.66
        257.51
       255.425
       252.432
       250.325
       251.765
       253.455
       254.622
       254.242
        253.74
       252.371
       251.204
       252.929
       255.042
       256.699
        255.84
       254.256
        253.09
       253.236
       253.174
       252.811
       253.178
       253.829
       254.479
       254.723
       254.836
       255.435
       255.556
       255.381
        255.42
         255.9
       256.049
       256.044
       256.139
        256.32
       256.455
       256.544
       256.394
       256.138
       256.435
       256.338
       256.146
       255.733
       254.209
        252.68
       251.913
       251.535
       251.204
       250.993
       251.239
       251.265
       250.713
       250.316
        250.42
        250.57
       250.816
       251.267
       251.249
       250.779
        250.18
       249.544
       248.916
       248.145
       246.529
       246.633
       247.065
       246.892
       246.474
       245.934
       245.411
       244.883
        244.32
        243.84
       243.411
       243.055
       260.274
       260.135
       242.538
       239.081
       239.017
       238.936
       238.841
       238.735
       238.618
       238.494
        238.36
       238.218
       238.065
       237.901
       237.725
       237.534
       237.326
       237.099
       236.849
       236.573
       236.265
        235.92
       235.533
       235.105
       234.643
       235.124
       235.742
       236.784
       236.762
        238.29
       238.514
       239.133
        239.61
       239.671
        241.53
       242.738
       242.153
       244.898
       245.336
       245.154
       245.979
       245.474
        246.24
       247.122
       250.869
       252.299
       253.566
       254.756
       254.103
        259.72
       253.842
       258.764
       266.284
       265.756
       264.775
       258.523
       263.594
       267.785
       265.718
       267.993
       274.722
       270.511
       264.733
       263.797
       267.032
       271.659
       274.957
       274.916
       276.485
       274.458
       273.528
        275.03
       272.467
       267.697
       263.981
       263.846
       260.468
       258.432
       259.108
       256.949
       260.219
       254.508
       255.075
       255.806
        252.72
       251.729
       251.934
        250.33
       248.758
       247.595
       246.472
       244.799
       242.491
       241.275
       239.098
       236.909
       234.019
       233.009
       231.077
        229.14
       227.125
       225.156
       222.215
       220.172
       221.801
        223.67
       224.976
       224.653
       224.189
       222.808
       221.626
       223.454
       225.683
       227.434
       226.554
       224.916
       223.713
       223.876
       223.815
       223.423
       223.788
       224.447
       225.105
       225.339
       225.436
       226.043
       226.151
       225.953
       225.979
       226.469
       226.615
       226.604
         226.7
       226.889
       227.035
       227.136
       226.994
       226.747
       227.084
       227.016
       226.856
       226.471
       224.929
       223.385
       222.637
       222.293
       221.995
       221.818
       222.115
        222.18
        221.64
        221.26
       221.402
       221.595
       221.887
       222.397
       222.419
       221.974
       221.397
       220.783
       220.179
       219.423
       217.783
       217.934
       218.425
       218.276
       217.864
       217.313
       216.767
       216.194
       215.558
       214.984
       214.438
       213.955
       231.895
       231.703
        213.21
       207.202
       207.135
       207.054
       206.961
       206.857
       206.744
       206.624
       206.496
       206.359
       206.212
       206.055
       205.886
       205.702
       205.501
       205.281
       205.036
       204.763
       204.455
       204.105
       203.706
       203.258
       202.764
       203.238
       203.841
       204.877
       204.797
       206.321
       206.478
       207.037
       207.438
       207.399
       209.223
       210.364
       209.634
       212.367
       212.696
       212.372
        213.09
       212.412
       213.043
       213.779
       217.491
       218.778
       219.887
       220.913
       220.007
       225.652
       219.271
       224.187
       231.832
       231.093
       229.908
       223.209
       228.389
       232.653
       230.359
       232.638
       239.617
       235.129
       229.008
       227.978
       231.324
        236.14
       239.584
       239.544
       241.238
        239.18
       238.316
       240.052
       237.539
       232.732
       229.057
       229.153
       225.842
       223.933
       224.861
       222.812
       226.454
       220.685
         221.5
       222.491
       219.486
       218.683
       219.135
       217.694
        216.29
       215.318
       214.395
       212.902
       210.752
       209.752
       207.747
       205.729
       202.979
       202.192
        200.45
       198.685
       196.822
       194.983
       192.107
       190.133
       191.942
       193.977
       195.411
       195.137
       194.704
       193.306
       192.101
       194.019
       196.353
       198.189
       197.285
       195.595
       194.359
       194.544
       194.486
       194.059
       194.415
       195.078
        195.74
       195.959
       196.037
       196.648
       196.741
       196.516
       196.527
       197.024
       197.165
       197.143
       197.238
       197.433
       197.587
       197.699
       197.564
       197.325
       197.704
       197.667
       197.544
       197.194
       195.643
       194.093
       193.374
       193.071
       192.809
       192.668
       193.016
       193.119
       192.589
       192.224
       192.402
       192.633
       192.968
       193.534
       193.597
       193.178
       192.628
       192.044
       191.471
       190.739
       189.083
       189.289
       189.843
       189.725
       189.326
       188.773
        188.21
       187.588
       186.871
       186.182
        185.48
        184.81
       203.416
       203.148
       183.715
       175.347
        175.28
         175.2
       175.111
       175.013
       174.908
       174.796
       174.676
       174.549
       174.413
       174.267
        174.11
       173.939
       173.751
       173.543
       173.312
       173.051
       172.754
       172.411
       172.013
       171.554
       171.035
       171.503
        172.09
       173.113
       172.971
       174.483
       174.571
       175.067
        175.39
       175.246
       177.027
       178.091
       177.209
        179.92
       180.134
       179.668
       180.279
       179.426
       179.915
       180.489
       184.142
       185.264
       186.199
       187.045
       185.873
       191.523
       184.621
       189.497
       197.224
       196.254
       194.877
       187.738
       193.018
       197.335
       194.796
       197.059
       204.281
       199.517
       193.068
       191.947
       195.375
       200.339
       203.893
       203.827
       205.632
       203.535
       202.744
       204.733
       202.296
       197.489
       193.896
       194.258
       191.041
       189.277
        190.46
       188.518
       192.527
       186.697
       187.763
       189.016
       186.093
       185.481
       186.186
       184.913
       183.684
       182.915
       182.204
       180.907
       178.935
       178.169
       176.358
       174.536
       171.956
       171.425
        169.89
        168.32
        166.63
       164.942
       162.148
       160.247
       162.219
       164.398
        165.94
       165.705
         165.3
       163.881
       162.645
       164.636
       167.054
       168.964
       168.032
       166.295
       165.037
       165.249
       165.194
       164.728
       165.068
       165.728
       166.389
        166.59
       166.645
       167.256
       167.331
       167.076
       167.069
       167.569
       167.702
       167.668
       167.757
       167.954
       168.113
       168.235
       168.104
       167.872
       168.293
        168.29
       168.208
       167.903
       166.357
       164.817
       164.138
       163.884
       163.663
       163.558
       163.955
       164.094
       163.572
        163.22
       163.429
        163.69
       164.063
       164.679
       164.782
       164.392
       163.875
       163.329
       162.797
       162.101
       160.441
        160.71
       161.332
       161.252
       160.875
       160.333
       159.762
       159.101
       158.305
       157.482
       156.575
       155.627
       174.794
       174.424
       153.992
        143.54
       143.473
       143.397
       143.314
       143.225
        143.13
       143.029
       142.921
       142.808
       142.686
       142.557
       142.417
       142.265
       142.097
       141.913
       141.705
        141.47
       141.197
       140.876
       140.494
        140.04
       139.505
       139.966
       140.531
       141.532
       141.321
        142.81
       142.826
       143.258
       143.502
       143.248
       144.969
       145.942
         144.9
       147.575
       147.671
       147.069
        147.58
       146.561
       146.901
       147.295
       150.854
       151.786
       152.529
       153.183
       151.733
       157.365
       149.933
       154.724
       162.488
       161.268
       159.705
       152.153
       157.517
       161.857
       159.043
       161.254
       168.701
       163.685
        156.96
        155.77
       159.235
        164.27
       167.871
       167.737
       169.632
        167.49
       166.776
        169.04
       166.718
       161.968
       158.522
       159.197
       156.111
       154.508
        155.94
       154.093
       158.451
       152.557
       153.876
        155.39
       152.551
       152.129
       153.085
       151.984
       150.938
       150.379
       149.894
        148.81
       147.034
       146.526
       144.937
       143.348
       140.975
        140.72
        139.41
       138.061
       136.578
       135.074
       132.389
       130.567
       132.673
       134.956
       136.577
       136.368
       135.989
       134.555
       133.283
       135.317
       137.785
       139.747
        138.79
       137.023
       135.759
       136.009
       135.956
       135.455
       135.781
       136.433
       137.075
       137.245
       137.266
       137.871
       137.926
        137.64
       137.609
       138.111
       138.232
       138.181
       138.261
       138.457
       138.617
       138.744
       138.615
       138.389
       138.848
       138.878
       138.843
       138.596
       137.075
       135.568
       134.948
       134.753
       134.575
       134.504
       134.944
       135.114
         134.6
       134.257
       134.491
       134.774
       135.171
       135.829
       135.966
       135.608
       135.132
       134.637
       134.163
       133.521
       131.872
       132.209
       132.901
       132.865
       132.521
       132.006
       131.449
       130.777
       129.923
       128.966
       127.804
       126.448
       145.957
       145.464
       123.977
       111.799
       111.732
       111.662
       111.588
       111.511
        111.43
       111.344
       111.254
       111.159
       111.058
       110.951
       110.835
       110.709
        110.57
       110.416
       110.243
       110.044
       109.811
       109.531
       109.188
       108.761
       108.227
       108.682
       109.214
        110.18
       109.889
       111.339
       111.278
       111.646
        111.81
       111.441
       113.078
       113.944
       112.732
       115.346
       115.323
       114.601
       115.031
       113.868
       114.064
       114.253
       117.656
       118.363
       118.899
       119.357
       117.629
       123.208
       115.265
       119.892
       127.595
        126.11
       124.403
       116.538
       121.948
       126.247
       123.123
       125.208
       132.822
       127.626
       120.775
       119.587
       122.996
       127.951
       131.491
       131.227
       133.185
       130.999
       130.367
       132.913
       130.764
       126.173
       122.977
       124.019
       121.115
       119.694
       121.349
       119.568
       124.228
       118.286
       119.852
       121.614
       118.872
       118.639
       119.831
       118.903
       118.047
       117.708
       117.455
       116.602
       115.047
       114.824
       113.497
        112.18
       110.049
       110.087
       109.025
       107.934
       106.701
        105.43
       102.906
       101.181
        103.36
       105.671
        107.32
       107.123
       106.786
       105.363
       104.062
       106.085
       108.535
       110.512
       109.541
       107.776
       106.547
       106.853
       106.809
       106.293
       106.608
       107.227
       107.832
       107.952
       107.925
       108.509
       108.538
       108.219
       108.167
       108.662
       108.763
        108.69
       108.755
       108.944
         109.1
       109.227
       109.098
       108.875
       109.366
       109.422
       109.436
       109.262
       107.801
       106.366
       105.831
       105.705
       105.569
       105.523
       105.995
        106.19
       105.684
       105.352
       105.602
        105.89
       106.292
       106.973
       107.136
       106.814
       106.393
       105.967
       105.572
       105.008
       103.396
       103.804
       104.557
       104.564
       104.268
       103.805
       103.301
       102.668
       101.811
       100.763
       99.3328
       97.4045
       116.776
        116.18
       93.6628
       80.1397
       80.0767
       80.0174
       79.9585
       79.8985
       79.8364
       79.7713
       79.7023
       79.6301
       79.5547
       79.4741
       79.3875
       79.2936
       79.1907
       79.0776
       78.9502
       78.8031
       78.6284
       78.4136
       78.1399
       77.7751
       77.2729
       77.7136
       78.1901
       79.0892
       78.7191
       80.0921
       79.9579
       80.2633
       80.3575
       79.8833
       81.3838
       82.1155
       80.7476
       83.2244
       83.0824
       82.2828
       82.6638
       81.4234
       81.4974
       81.4497
       84.5636
       84.9991
        85.318
       85.5975
       83.6313
       89.0507
       80.7821
       85.0832
       92.4282
       90.7285
       89.0599
       81.1645
       86.4315
       90.5159
       87.1032
       88.9115
       96.4458
       91.2928
       84.7233
       83.6957
       86.8391
       91.3985
       94.6822
       94.2296
       96.1996
       94.0229
       93.4767
       96.2331
       94.3494
       90.1313
       87.3617
       88.7891
       86.1508
       84.9491
       86.7475
       84.9946
       89.8053
       83.9338
       85.7184
       87.6709
       85.0856
       85.0411
        86.411
       85.6641
       85.0179
       84.8937
       84.8706
        84.272
       82.9837
        83.056
       82.0264
       81.0375
       79.2099
       79.5461
       78.7654
       77.9611
        77.026
       76.0626
       73.8139
       72.2401
       74.3673
       76.5563
       78.1349
       77.9456
       77.6924
       76.3639
       75.0801
       76.9884
       79.2738
       81.1775
       80.2285
       78.5695
       77.4543
       77.8288
       77.8085
       77.2919
       77.5737
       78.1262
       78.6636
       78.7259
        78.649
       79.1949
       79.1938
       78.8612
       78.7916
       79.2575
       79.3297
       79.2361
        79.281
       79.4461
       79.5817
       79.6992
       79.5689
       79.3449
       79.8389
       79.9032
        79.955
       79.8721
        78.537
       77.2483
       76.8329
       76.7776
       76.6775
       76.6408
       77.1143
        77.321
       76.8385
       76.5303
       76.7849
        77.055
       77.4277
       78.0911
        78.266
       77.9904
       77.6444
       77.3112
       77.0226
       76.5779
       75.0576
       75.5246
        76.301
         76.34
       76.1063
       75.7315
       75.3337
       74.8163
       74.0659
       73.0637
       71.4817
        68.885
       87.0196
        86.457
       63.3815
       48.5818
       48.5318
       48.4904
       48.4514
       48.4126
       48.3732
       48.3328
       48.2897
       48.2458
       48.2006
       48.1528
       48.1019
       48.0475
       47.9882
       47.9235
       47.8511
       47.7678
       47.6683
       47.5432
        47.378
       47.1393
        46.749
       47.1423
       47.5173
       48.2748
       47.8907
       49.0555
       48.8891
       49.1341
       49.1919
       48.6922
       49.8915
       50.4356
       49.0789
       51.1353
       50.9006
       50.1456
       50.4806
       49.3471
       49.3504
       49.0755
       51.5246
       51.6507
       51.7652
        51.915
       49.9519
       54.6657
       47.0997
        50.601
       56.5937
       54.9223
        53.719
       46.8356
       51.2928
       54.6494
       51.3719
       52.6207
       59.0438
        54.632
       49.4154
       48.8017
       51.2077
        54.692
       57.2537
       56.6682
       58.4612
       56.5835
       56.1589
       58.6983
        57.272
       53.9622
       51.9438
       53.5114
       51.3799
       50.5026
       52.1746
       50.5438
       54.8942
       49.7636
       51.5649
       53.4294
       51.2904
       51.4272
       52.7612
       52.2512
       51.8693
       51.9373
       52.1008
       51.7905
       50.8695
       51.1749
       50.5059
        49.925
       48.5572
       49.0898
       48.6028
       48.1224
       47.5475
       46.9928
        45.293
       44.0603
       45.8432
       47.5962
       48.9014
       48.7538
       48.6635
       47.6533
       46.5866
       48.1427
       49.9435
       51.5321
       50.7402
       49.4328
       48.5836
       48.9734
       48.9759
        48.519
       48.7354
       49.1509
       49.5563
       49.5644
       49.4554
       49.9068
       49.8887
        49.596
       49.5234
       49.9082
       49.9458
       49.8492
       49.8738
        49.997
       50.0923
        50.184
       50.0659
       49.8481
        50.262
       50.2908
       50.3431
       50.3436
       49.2858
       48.2942
        48.028
       48.0201
       47.9397
       47.8927
       48.2923
       48.4775
       48.0815
       47.8438
       48.0764
       48.2931
       48.5838
       49.1418
        49.301
       49.1034
       48.8718
         48.66
       48.4988
       48.2287
       46.9735
       47.4299
       48.1056
       48.1528
       48.0073
       47.7701
       47.5403
       47.2336
       46.7548
       46.0745
       44.7946
       41.9876
       56.2782
       56.0768
       35.1462
       17.1097
       17.0982
       17.0867
       17.0752
       17.0637
       17.0522
       17.0407
       17.0291
       17.0176
       17.0061
       16.9946
       16.9831
       16.9716
       16.9601
       16.9485
        16.937
       16.9255
        16.914
       16.9025
        16.891
       16.8794
       16.8679
       17.0624
        17.285
       17.5906
       17.6547
        18.027
       18.0944
       18.2132
       18.2679
       18.2033
       18.4853
       18.6007
       18.3163
       18.7017
       18.5851
       18.3205
       18.2484
       17.8904
       17.7856
       17.6981
       18.1865
       18.1908
       18.1515
       18.0874
       17.6467
       18.4495
       16.9584
       17.6056
       18.7479
       18.3118
       17.8106
       16.3145
       17.0668
       17.6818
       17.1126
       17.4164
       18.6056
       17.7025
       16.5309
       16.3387
       16.9976
       17.9655
       18.7073
       18.8245
       19.2578
       19.0006
       18.9511
       19.3665
       18.9905
       18.1794
       17.5757
       17.6883
       17.1857
       16.9743
       17.3336
       17.1567
       18.0968
       17.2522
       17.6997
       18.2032
       17.9422
       18.1229
       18.5617
       18.6305
       18.7025
       18.8531
       19.0027
       19.0245
       18.9003
       18.9994
       18.8838
       18.7556
       18.4654
       18.5784
       18.4797
       18.3612
        18.206
        18.041
       17.6396
       17.4307
       18.0523
       18.7243
       19.2555
       19.3982
       19.4898
       19.3554
       19.2518
        19.821
       20.4631
       20.9685
       20.8415
         20.51
       20.2533
       20.2884
        20.255
       20.1344
       20.1858
       20.3046
       20.4234
       20.4461
       20.4394
       20.5504
       20.5497
       20.4807
       20.4652
       20.5571
       20.5731
       20.5549
       20.5631
       20.5945
       20.6179
       20.6326
        20.593
         20.53
       20.6004
       20.5783
       20.5348
       20.4385
       20.0767
       19.7148
       19.5396
        19.463
        19.403
       19.3786
       19.4734
       19.5249
       19.4474
       19.4188
       19.5229
       19.6491
       19.8063
       20.0186
       20.1185
       20.1076
        20.062
       20.0023
       19.9378
       19.8331
       19.5228
       19.6381
       19.8412
       19.9029
       19.9086
       19.8856
       19.8669
       19.8456
       19.8162
        19.805
       19.7985
       19.7954
            24
            24
       19.7943
