160                           95.556                        
35                            95.556                        
34                            93.604                        
33                            90.553                        
32                            87.21                         
31                            83.73                         
30                            79.983                        
29                            76.213                        
28                            72.403                        
27                            68.305                        
26                            64.336                        
25                            60.514                        
24                            56.501                        
23                            52.387                        
22                            48.409                        
21                            44.609                        
20                            40.804                        
19                            37.071                        
18                            33.451                        
17                            29.929                        
16                            26.557                        
15                            28.424                        
14                            27.052                        
13                            29.087                        
12                            31.449                        
11                            30.203                        
10                            83.506                        
9                             128.36                        
8                             100.18                        
7                             64.029                        
6                             54.65                         
5                             46.731                        
4                             40.112                        
3                             34.228                        
2                             28.798                        
1                             23.751                        
0                             18.396                        
