160                           219.41                        
35                            219.41                        
34                            214.43                        
33                            214.38                        
32                            214.19                        
31                            213.88                        
30                            213.35                        
29                            212.7                         
28                            211.92                        
27                            211.04                        
26                            210.05                        
25                            208.99                        
24                            207.78                        
23                            206.53                        
22                            205.12                        
21                            203.61                        
20                            201.98                        
19                            200.41                        
18                            198.77                        
17                            197.12                        
16                            195.45                        
15                            190.98                        
14                            184.01                        
13                            184.69                        
12                            197.23                        
11                            196.11                        
10                            141.07                        
9                             129.15                        
8                             99.738                        
7                             64.485                        
6                             55.083                        
5                             46.968                        
4                             39.963                        
3                             33.728                        
2                             28.268                        
1                             23.203                        
0                             18.393                        
