20                            
0                             4.1693                        
1                             4.1693                        
2                             4.1693                        
3                             4.1693                        
4                             4.1693                        
5                             4.1693                        
6                             4.1693                        
7                             4.1693                        
8                             4.1693                        
9                             4.1693                        
10                            4.1693                        
11                            4.1693                        
12                            4.1693                        
13                            4.1693                        
14                            4.1693                        
15                            4.1693                        
16                            4.1693                        
17                            4.1693                        
18                            4.1693                        
19                            4.1693                        
20                            4.1693                        
21                            4.1693                        
22                            4.1693                        
23                            4.1693                        
24                            4.1693                        
25                            4.1693                        
26                            4.1693                        
27                            4.1693                        
28                            4.1693                        
29                            4.1693                        
30                            4.1693                        
31                            4.1693                        
32                            4.1693                        
33                            4.1693                        
34                            4.1693                        
35                            4.1693                        
36                            4.1693                        
37                            4.1693                        
38                            4.1693                        
39                            4.1693                        
40                            4.1693                        
41                            4.1693                        
42                            4.1693                        
43                            4.1693                        
44                            4.1693                        
45                            4.1693                        
46                            4.1693                        
47                            4.1693                        
48                            4.1693                        
49                            4.1693                        
50                            4.1693                        
51                            4.1693                        
52                            4.1693                        
53                            4.1693                        
54                            4.1693                        
55                            4.1548                        
56                            4.1038                        
57                            4.0528                        
58                            4.0095                        
59                            3.9853                        
60                            3.961                         
61                            3.9368                        
62                            3.9125                        
63                            3.8883                        
64                            3.8633                        
65                            3.8364                        
66                            3.8095                        
67                            3.7763                        
68                            3.7275                        
69                            3.6787                        
70                            3.6276                        
71                            3.5706                        
72                            3.5136                        
73                            3.4557                        
74                            3.3953                        
75                            3.3349                        
76                            3.2745                        
77                            3.2142                        
78                            3.1539                        
79                            3.1143                        
80                            3.1208                        
81                            3.1274                        
82                            3.1503                        
83                            3.2083                        
84                            3.2663                        
85                            3.3033                        
86                            3.2976                        
87                            3.2919                        
88                            3.2807                        
89                            3.2583                        
90                            3.2359                        
91                            3.1943                        
92                            3.1138                        
93                            3.0333                        
94                            2.9945                        
95                            3.036                         
96                            3.0775                        
97                            3.1285                        
98                            3.197                         
99                            3.2655                        
100                           3.3272                        
101                           3.3767                        
102                           3.4261                        
103                           3.4641                        
104                           3.4819                        
105                           3.4996                        
106                           3.5062                        
107                           3.4934                        
108                           3.4806                        
109                           3.4805                        
110                           3.5028                        
111                           3.5251                        
112                           3.5474                        
113                           3.5697                        
114                           3.592                         
115                           3.6151                        
116                           3.6394                        
117                           3.6638                        
118                           3.6695                        
119                           3.643                         
120                           3.6166                        
121                           3.6143                        
122                           3.6533                        
123                           3.6922                        
124                           3.6732                        
125                           3.5601                        
126                           3.4471                        
127                           3.334                         
128                           3.221                         
129                           3.1079                        
130                           2.9908                        
131                           2.868                         
132                           2.7453                        
133                           2.6127                        
134                           2.4677                        
135                           2.3227                        
136                           2.175                         
137                           2.0245                        
138                           1.8739                        
139                           1.7329                        
140                           1.6012                        
141                           1.4695                        
142                           1.3559                        
143                           1.2583                        
144                           1.1607                        
145                           1.1197                        
146                           1.1255                        
147                           1.1314                        
148                           1.1436                        
149                           1.1611                        
150                           1.1786                        
151                           1.2218                        
152                           1.2861                        
153                           1.3505                        
154                           1.4271                        
155                           1.5135                        
156                           1.6                           
157                           1.6865                        
158                           1.773                         
159                           1.8595                        
160                           1.9459                        
161                           2.0324                        
162                           2.1188                        
163                           2.1739                        
164                           2.207                         
165                           2.2402                        
166                           2.2571                        
167                           2.2624                        
168                           2.2624                        
169                           2.2624                        
170                           2.2624                        
171                           0                             
172                           0                             
173                           2.2624                        
