28                            
0                             1.8481                        
1                             1.8481                        
2                             1.8481                        
3                             1.8481                        
4                             1.8481                        
5                             1.8481                        
6                             1.8481                        
7                             1.8481                        
8                             1.8937                        
9                             1.9429                        
10                            1.9921                        
11                            2.0413                        
12                            2.0905                        
13                            2.1397                        
14                            2.189                         
15                            2.2382                        
16                            2.2874                        
17                            2.3366                        
18                            2.3858                        
19                            2.435                         
20                            2.4842                        
21                            2.5334                        
22                            2.5826                        
23                            2.6318                        
24                            2.681                         
25                            2.7302                        
26                            2.7794                        
27                            2.8286                        
28                            2.8778                        
29                            2.927                         
30                            2.929                         
31                            2.9005                        
32                            2.872                         
33                            2.8435                        
34                            2.8151                        
35                            2.7866                        
36                            2.7581                        
37                            2.7296                        
38                            2.7011                        
39                            2.6726                        
40                            2.6255                        
41                            2.4722                        
42                            2.3189                        
43                            2.1656                        
44                            2.1183                        
45                            2.0998                        
46                            2.0813                        
47                            2.0628                        
48                            2.0443                        
49                            2.0257                        
50                            2.0072                        
51                            1.9887                        
52                            1.9702                        
53                            1.9517                        
54                            1.9332                        
55                            1.9147                        
56                            1.8962                        
57                            1.8784                        
58                            1.8667                        
59                            1.855                         
60                            1.8433                        
61                            1.8316                        
62                            1.8041                        
63                            1.7701                        
64                            1.736                         
65                            1.702                         
66                            1.6679                        
67                            1.6338                        
68                            1.6003                        
69                            1.5744                        
70                            1.5485                        
71                            1.5226                        
72                            1.4894                        
73                            1.4494                        
74                            1.4095                        
75                            1.3739                        
76                            1.3461                        
77                            1.3183                        
78                            1.2971                        
79                            1.2897                        
80                            1.2824                        
81                            1.2751                        
82                            1.2848                        
83                            1.3176                        
84                            1.3504                        
85                            1.3832                        
86                            1.416                         
87                            1.4282                        
88                            1.4287                        
89                            1.4292                        
90                            1.4298                        
91                            1.5265                        
92                            1.6313                        
93                            1.7361                        
94                            1.8409                        
95                            1.947                         
96                            2.054                         
97                            2.161                         
98                            2.2681                        
99                            2.3751                        
100                           2.4821                        
101                           2.5146                        
102                           2.5315                        
103                           2.5316                        
104                           2.3871                        
105                           2.2425                        
106                           2.098                         
107                           1.9575                        
108                           1.8771                        
109                           1.7967                        
110                           1.7163                        
111                           1.6359                        
112                           1.5555                        
113                           1.475                         
114                           1.3946                        
115                           1.3142                        
116                           1.2338                        
117                           1.1125                        
118                           0.99107                       
119                           0.86965                       
120                           0.75947                       
121                           0.6938                        
122                           0.62814                       
123                           0.56248                       
124                           0.55833                       
125                           0.56234                       
126                           0.56634                       
127                           0.57034                       
128                           0.57434                       
129                           0.57835                       
130                           0.58235                       
131                           0.58095                       
132                           0.57849                       
133                           0.57604                       
134                           0.57359                       
135                           0.57114                       
136                           0.56869                       
137                           0.58535                       
138                           0.64408                       
139                           0.70281                       
140                           0.76154                       
141                           0.82027                       
142                           0.87899                       
143                           0.94737                       
144                           1.0165                        
145                           1.0272                        
146                           1.0301                        
147                           1.033                         
148                           1.036                         
149                           1.0389                        
150                           1.0418                        
151                           1.0614                        
152                           1.0938                        
153                           1.1263                        
154                           1.1587                        
155                           1.1837                        
156                           1.2071                        
157                           1.207                         
158                           1.1294                        
159                           1.0652                        
160                           1.05                          
161                           1.0783                        
162                           1.1773                        
163                           1.2764                        
164                           1.3755                        
165                           1.4746                        
166                           1.5737                        
167                           1.6438                        
168                           1.6438                        
169                           1.6438                        
170                           1.6438                        
171                           0                             
172                           0                             
173                           1.6438                        
