160                           105.1                         
35                            105.1                         
34                            105.36                        
33                            106.3                         
32                            107.4                         
31                            108.66                        
30                            109.93                        
29                            111.25                        
28                            112.61                        
27                            113.96                        
26                            115.38                        
25                            116.8                         
24                            118.27                        
23                            119.73                        
22                            121.26                        
21                            122.75                        
20                            124.31                        
19                            125.83                        
18                            127.4                         
17                            128.95                        
16                            130.5                         
15                            126.4                         
14                            128.33                        
13                            125.86                        
12                            125.89                        
11                            129.83                        
10                            25.135                        
9                             20.136                        
7                             37.2                          
6                             23.498                        
5                             23.507                        
4                             22.645                        
3                             22.431                        
2                             20.964                        
1                             20.851                        
0                             19.39                         
