14                            
0                             4.1107                        
1                             4.1107                        
2                             4.1107                        
3                             4.1107                        
4                             4.1107                        
5                             4.1107                        
6                             4.1107                        
7                             4.1107                        
8                             4.1107                        
9                             4.1107                        
10                            4.1107                        
11                            4.1107                        
12                            4.1107                        
13                            4.1107                        
14                            4.1107                        
15                            4.1107                        
16                            4.1107                        
17                            4.1107                        
18                            4.1107                        
19                            4.1107                        
20                            4.1107                        
21                            4.1107                        
22                            4.1107                        
23                            4.1107                        
24                            4.1107                        
25                            4.1107                        
26                            4.1107                        
27                            4.1107                        
28                            4.1107                        
29                            4.1107                        
30                            4.1107                        
31                            4.1107                        
32                            4.1107                        
33                            4.1107                        
34                            4.1107                        
35                            4.1107                        
36                            4.1107                        
37                            4.1107                        
38                            4.1107                        
39                            4.1107                        
40                            4.1107                        
41                            4.1107                        
42                            4.1107                        
43                            4.1107                        
44                            4.1107                        
45                            4.1107                        
46                            4.1107                        
47                            4.1107                        
48                            4.1107                        
49                            4.1107                        
50                            4.1107                        
51                            4.1107                        
52                            4.1107                        
53                            4.1107                        
54                            4.1107                        
55                            4.1107                        
56                            4.1107                        
57                            4.1107                        
58                            4.1107                        
59                            4.1107                        
60                            4.1107                        
61                            4.1107                        
62                            4.05                          
63                            3.9888                        
64                            3.9275                        
65                            3.886                         
66                            3.8445                        
67                            3.803                         
68                            3.7625                        
69                            3.7219                        
70                            3.6815                        
71                            3.6525                        
72                            3.6235                        
73                            3.5944                        
74                            3.5568                        
75                            3.5192                        
76                            3.4832                        
77                            3.4423                        
78                            3.4013                        
79                            3.3603                        
80                            3.3168                        
81                            3.2734                        
82                            3.2312                        
83                            3.2342                        
84                            3.2373                        
85                            3.2421                        
86                            3.3031                        
87                            3.364                         
88                            3.4239                        
89                            3.4611                        
90                            3.4983                        
91                            3.5265                        
92                            3.5144                        
93                            3.5024                        
94                            3.4841                        
95                            3.4557                        
96                            3.4273                        
97                            3.3989                        
98                            3.3886                        
99                            3.383                         
100                           3.3874                        
101                           3.4063                        
102                           3.4284                        
103                           3.4617                        
104                           3.503                         
105                           3.5436                        
106                           3.596                         
107                           3.6521                        
108                           3.6956                        
109                           3.7314                        
110                           3.7643                        
111                           3.7971                        
112                           3.8201                        
113                           3.846                         
114                           3.8719                        
115                           3.8885                        
116                           3.8906                        
117                           3.8907                        
118                           3.9052                        
119                           3.9198                        
120                           3.9175                        
121                           3.9086                        
122                           3.9017                        
123                           3.924                         
124                           3.9564                        
125                           3.9551                        
126                           3.9045                        
127                           3.7133                        
128                           3.5854                        
129                           3.5171                        
130                           3.3412                        
131                           3.2516                        
132                           3.1709                        
133                           3.1081                        
134                           3.1073                        
135                           3.1065                        
136                           3.1014                        
137                           3.0654                        
138                           2.9079                        
139                           2.6983                        
140                           2.4916                        
141                           2.2876                        
142                           2.0851                        
143                           1.8843                        
144                           1.7877                        
145                           1.7234                        
146                           1.6591                        
147                           1.5882                        
148                           1.5756                        
149                           1.5767                        
150                           1.5841                        
151                           1.5688                        
152                           1.5093                        
153                           1.4497                        
154                           1.3901                        
155                           1.3654                        
156                           1.3417                        
157                           1.3833                        
158                           1.4734                        
159                           1.5634                        
160                           1.6503                        
161                           1.7317                        
162                           1.8132                        
163                           1.8943                        
164                           1.97                          
165                           2.0434                        
166                           2.117                         
167                           2.1912                        
168                           2.2689                        
169                           2.3466                        
170                           2.41                          
171                           0                             
172                           0                             
173                           2.4176                        
