160                           33.365                        
35                            33.365                        
34                            29.168                        
33                            25.722                        
32                            22.3                          
31                            18.347                        
30                            14.092                        
29                            10.039                        
10                            50.895                        
9                             87.284                        
8                             88.476                        
7                             64.174                        
6                             49.729                        
5                             43.667                        
4                             36.697                        
3                             31.744                        
2                             25.829                        
1                             21.82                         
0                             19.188                        
