       904.716
       904.714
       904.713
       904.713
       904.713
       904.714
       904.715
       904.715
       904.717
       904.718
       904.719
       904.721
       904.722
       904.724
       904.726
       904.728
       904.731
       904.733
       904.736
       904.739
       904.742
       904.745
       904.749
       904.753
       904.756
       904.761
       904.765
       904.769
       904.774
       904.779
       904.785
        904.79
       904.796
       904.803
       904.809
       904.816
       904.823
        904.83
       904.838
       904.846
       904.855
       904.864
       904.874
       904.884
       904.894
       904.905
       904.917
       904.929
       904.942
       904.957
       904.972
       904.988
       905.006
       905.025
       905.047
       905.071
       905.097
       905.127
       905.161
         905.2
       905.246
       905.298
       905.359
       905.432
       905.518
        905.62
       905.743
       905.889
       906.064
       906.275
        906.53
        906.83
       907.122
         907.4
       907.663
       907.911
       908.143
       908.358
       908.559
       908.745
       908.917
       909.076
       909.223
       909.359
       909.485
       909.601
       909.708
       909.806
       909.895
       909.975
       910.047
        910.11
       910.166
       910.215
       910.257
       910.291
       910.316
       910.332
        910.34
       910.344
       910.343
       910.337
       910.323
       910.299
       910.267
       910.229
       910.188
       910.144
       910.092
       910.031
       909.953
       909.861
       909.757
       909.622
        909.44
       909.212
       908.941
       908.628
       908.273
       907.876
       907.437
       906.954
       906.426
       905.855
       905.239
       904.578
        903.87
       903.116
       902.314
       901.462
       900.561
       899.631
       898.679
       897.706
       896.713
       895.701
       894.668
       893.612
       892.533
        891.43
       890.302
       889.159
       888.028
       886.923
       885.848
       884.806
       883.802
       882.839
       881.928
       881.075
       880.275
       879.522
       878.813
       878.145
       877.515
       876.923
       876.366
       875.843
       875.352
       874.892
       874.463
       874.062
       873.691
       873.348
       873.034
       872.749
       872.492
       872.263
       872.063
       871.892
       871.751
       871.642
       871.569
       871.543
       874.771
       874.771
       874.771
       874.771
       874.771
       874.772
       874.772
       874.773
       874.774
       874.776
       874.777
       874.778
        874.78
       874.782
       874.784
       874.786
       874.789
       874.791
       874.794
       874.797
         874.8
       874.803
       874.807
        874.81
       874.814
       874.818
       874.823
       874.827
       874.832
       874.837
       874.843
       874.848
       874.854
        874.86
       874.867
       874.873
       874.881
       874.888
       874.896
       874.904
       874.913
       874.922
       874.931
       874.941
       874.952
       874.963
       874.974
       874.987
           875
       875.014
       875.029
       875.045
       875.063
       875.082
       875.103
       875.127
       875.153
       875.183
       875.216
       875.255
       875.299
       875.351
       875.419
       875.498
       875.591
       875.697
       875.822
       875.971
       876.147
       876.357
       876.608
       876.895
       877.196
       877.481
       877.752
       878.007
        878.24
       878.458
        878.66
       878.847
        879.02
       879.181
        879.33
       879.461
       879.583
       879.694
       879.789
       879.875
       879.952
       880.023
       880.085
       880.141
       880.194
        880.24
        880.28
       880.312
       880.336
        880.35
       880.355
       880.355
       880.323
       880.272
       880.203
       880.092
       879.972
       879.848
        879.72
       879.588
       879.488
       879.397
        879.29
       879.169
       879.078
       878.961
       878.797
        878.59
        878.34
       878.065
       877.746
       877.386
       876.985
       876.529
       876.024
       875.447
       874.821
       874.235
        873.68
       873.511
       873.099
       872.452
       871.576
       870.662
       869.724
       868.762
       867.772
       866.762
       865.731
       864.682
       863.624
       862.548
       861.438
       860.307
       859.189
       858.096
       857.019
       855.973
       854.963
       854.014
       853.117
       852.275
       851.484
       850.742
       850.041
        849.38
       848.757
       848.168
       847.613
       847.063
        846.54
       846.048
       845.585
       845.153
       844.751
       844.376
       844.046
        843.75
       843.483
       843.244
       843.022
       842.829
       842.669
       844.622
       844.549
       842.457
       844.858
       844.858
       844.859
       844.859
       844.859
        844.86
        844.86
       844.861
       844.862
       844.864
       844.865
       844.867
       844.868
        844.87
       844.872
       844.874
       844.877
       844.879
       844.882
       844.885
       844.888
       844.891
       844.895
       844.898
       844.902
       844.906
       844.911
       844.915
        844.92
       844.925
        844.93
       844.936
       844.942
       844.948
       844.954
       844.961
       844.968
       844.976
       844.983
       844.992
           845
       845.009
       845.018
       845.028
       845.039
       845.049
       845.061
       845.073
       845.086
         845.1
       845.115
       845.131
       845.148
       845.167
       845.187
        845.21
       845.236
       845.264
       845.297
       845.334
       845.376
       845.425
       845.498
       845.581
       845.677
       845.783
       845.908
       846.054
       846.225
       846.425
       846.657
       846.921
        847.21
       847.506
       847.792
       848.059
       848.298
       848.521
       848.728
        848.92
       849.097
       849.262
       849.414
       849.543
       849.662
       849.771
       849.856
       849.932
       849.999
       850.063
       850.118
       850.167
       850.219
       850.263
       850.302
       850.334
       850.357
       850.372
       850.375
       850.371
       850.309
       850.214
       850.091
       849.893
       849.685
       849.476
       849.262
       849.042
       848.893
       848.772
       848.636
       848.487
       848.409
       848.311
       848.166
        847.98
       847.753
       847.516
       847.234
       846.911
       846.548
        846.12
       845.636
       845.053
       844.419
       843.908
       843.506
       843.922
       843.899
       843.455
       842.606
       841.708
       840.782
        839.83
       838.841
       837.832
       836.801
       835.754
       834.714
        833.66
       832.564
       831.442
       830.334
       829.252
       828.172
       827.118
       826.102
       825.168
       824.283
       823.451
       822.669
       821.938
       821.243
       820.588
       819.972
       819.384
       818.831
       818.254
       817.697
       817.171
       816.676
       816.211
       815.776
       815.369
        815.02
       814.714
       814.436
       814.185
        813.94
       813.724
       813.542
       817.563
       817.489
       813.325
       814.972
       814.972
       814.972
       814.973
       814.973
       814.974
       814.975
       814.975
       814.977
       814.978
       814.979
       814.981
       814.982
       814.984
       814.986
       814.988
       814.991
       814.993
       814.996
       814.999
       815.002
       815.005
       815.008
       815.012
       815.016
        815.02
       815.024
       815.029
       815.034
       815.039
       815.044
        815.05
       815.055
       815.061
       815.068
       815.075
       815.082
       815.089
       815.097
       815.105
       815.113
       815.122
       815.131
       815.141
       815.151
       815.162
       815.173
       815.185
       815.197
       815.211
       815.225
        815.24
       815.257
       815.275
       815.295
       815.316
        815.34
       815.367
       815.398
       815.432
       815.471
       815.517
       815.593
       815.678
       815.775
       815.879
       815.999
       816.139
         816.3
       816.486
       816.699
       816.935
       817.197
       817.487
       817.783
       818.066
       818.314
       818.547
       818.762
       818.961
       819.146
       819.317
       819.475
       819.604
       819.723
       819.831
       819.908
       819.976
       820.036
       820.094
       820.144
       820.188
       820.239
       820.284
       820.322
       820.356
        820.38
       820.396
       820.397
       820.392
       820.301
       820.162
       819.985
       819.701
       819.406
       819.113
       818.813
       818.506
       818.309
       818.158
       817.993
       817.816
        817.75
       817.672
       817.548
       817.383
        817.18
       816.982
       816.737
        816.45
       816.126
       815.726
       815.264
       814.675
       814.031
       813.596
       813.346
       814.346
       814.712
       814.474
       813.651
       812.767
       811.853
       810.908
       809.919
       808.908
       807.874
       806.828
       805.801
       804.766
       803.682
       802.568
       801.468
       800.393
       799.308
       798.245
       797.222
       796.302
       795.428
       794.606
       793.832
       793.112
       792.422
       791.772
       791.162
       790.574
       790.022
       789.416
       788.825
       788.264
       787.735
       787.237
       786.768
       786.327
        785.96
       785.641
        785.35
       785.086
       784.816
       784.576
        784.37
       790.464
        790.39
       784.148
       785.108
       785.108
       785.109
       785.109
       785.109
        785.11
       785.111
       785.112
       785.113
       785.114
       785.115
       785.117
       785.119
        785.12
       785.122
       785.125
       785.127
       785.129
       785.132
       785.135
       785.138
       785.141
       785.145
       785.148
       785.152
       785.156
        785.16
       785.165
       785.169
       785.174
        785.18
       785.185
       785.191
       785.197
       785.203
        785.21
       785.217
       785.224
       785.231
       785.239
       785.248
       785.256
       785.265
       785.275
       785.285
       785.295
       785.306
       785.317
        785.33
       785.342
       785.356
       785.371
       785.386
       785.403
       785.421
       785.442
       785.464
       785.488
       785.516
       785.547
       785.582
       785.623
       785.701
       785.787
       785.883
       785.982
       786.096
       786.227
       786.377
       786.548
       786.741
       786.953
       787.188
       787.447
       787.736
       788.023
       788.286
       788.533
        788.76
        788.97
       789.165
       789.345
       789.511
       789.643
       789.763
       789.873
       789.944
       790.007
        790.06
       790.115
        790.16
       790.201
       790.254
       790.299
        790.34
       790.376
       790.402
        790.42
       790.421
       790.416
       790.296
       790.115
       789.886
       789.516
       789.135
       788.758
       788.373
        787.98
       787.735
       787.555
       787.361
       787.156
       787.103
       787.046
       786.943
         786.8
       786.621
       786.463
       786.255
       786.005
        785.72
       785.347
       784.906
       784.311
       783.657
       783.296
       783.199
       784.783
       785.538
       785.504
       784.708
       783.836
       782.932
       781.994
       781.002
       779.986
       778.948
       777.899
       776.884
       775.866
       774.792
       773.683
       772.591
       771.522
        770.43
       769.358
       768.326
       767.419
       766.556
       765.742
       764.976
       764.265
        763.58
       762.935
       762.329
       761.742
       761.189
       760.554
       759.927
       759.331
       758.766
       758.233
       757.729
       757.253
       756.864
       756.531
       756.226
       755.947
       755.652
       755.385
       755.155
       763.328
       763.253
       754.926
       755.263
       755.263
       755.264
       755.264
       755.264
       755.265
       755.266
       755.267
       755.268
       755.269
        755.27
       755.272
       755.274
       755.275
       755.277
        755.28
       755.282
       755.284
       755.287
        755.29
       755.293
       755.296
       755.299
       755.303
       755.307
       755.311
       755.315
       755.319
       755.324
       755.329
       755.334
       755.339
       755.345
       755.351
       755.357
       755.364
        755.37
       755.377
       755.385
       755.393
       755.401
       755.409
       755.418
       755.427
       755.437
       755.447
       755.457
       755.468
        755.48
       755.492
       755.505
       755.518
       755.533
       755.548
       755.565
       755.583
       755.603
       755.625
       755.649
       755.676
       755.706
       755.741
       755.819
       755.905
           756
       756.093
       756.199
        756.32
       756.457
       756.613
       756.788
       756.977
       757.186
       757.417
       757.674
       757.949
       758.211
       758.478
       758.721
       758.945
       759.152
       759.344
       759.521
       759.657
       759.782
       759.895
       759.963
        760.02
       760.069
       760.122
       760.165
       760.205
       760.261
       760.309
       760.352
       760.392
       760.422
       760.443
       760.446
       760.442
       760.294
       760.072
       759.791
       759.337
       758.872
       758.412
       757.942
       757.465
       757.171
       756.962
        756.74
       756.506
       756.465
       756.432
       756.352
       756.232
       756.077
       755.959
       755.789
       755.575
       755.328
       754.983
       754.562
        753.96
       753.295
       753.009
       753.062
       755.229
       756.372
       756.543
       755.772
       754.912
       754.016
       753.083
       752.086
       751.065
        750.02
       748.966
        747.96
       746.958
       745.894
        744.79
       743.702
       742.638
       741.539
       740.457
       739.415
        738.52
       737.666
        736.86
       736.102
         735.4
        734.72
       734.079
       733.476
       732.888
       732.334
       731.669
       731.005
       730.372
       729.771
       729.201
        728.66
       728.147
       727.736
       727.387
       727.065
       726.769
       726.445
        726.15
       725.896
       736.153
       736.077
       725.658
       725.434
       725.434
       725.434
       725.435
       725.435
       725.436
       725.437
       725.438
       725.439
        725.44
       725.441
       725.443
       725.444
       725.446
       725.448
        725.45
       725.452
       725.455
       725.457
        725.46
       725.463
       725.466
       725.469
       725.473
       725.477
       725.481
       725.485
       725.489
       725.494
       725.498
       725.504
       725.509
       725.514
        725.52
       725.526
       725.533
       725.539
       725.546
       725.553
       725.561
       725.569
       725.577
       725.585
       725.594
       725.603
       725.613
       725.623
       725.633
       725.644
       725.656
       725.667
        725.68
       725.693
       725.707
       725.722
       725.738
       725.755
       725.773
       725.794
       725.816
       725.841
       725.869
       725.947
       726.032
       726.123
        726.21
       726.307
       726.418
       726.543
       726.684
       726.841
       727.008
       727.194
         727.4
       727.631
       727.882
       728.122
       728.382
       728.644
       728.883
       729.106
       729.313
       729.503
       729.645
       729.776
       729.895
        729.96
       730.016
       730.062
       730.115
       730.157
       730.196
       730.257
       730.309
       730.356
       730.401
       730.436
       730.463
       730.469
       730.466
       730.293
       730.031
       729.699
       729.163
       728.614
       728.073
        727.52
       726.958
       726.617
        726.38
       726.131
        725.87
       725.841
       725.832
       725.775
       725.679
       725.548
        725.47
       725.337
        725.16
       724.951
       724.632
       724.231
       723.621
       722.944
       722.731
       722.934
       725.683
       727.213
       727.589
       726.841
       725.991
       725.102
       724.173
        723.17
       722.141
       721.088
       720.028
        719.03
       718.042
       716.987
       715.885
       714.801
       713.742
       712.634
        711.54
       710.489
       709.606
       708.762
       707.964
       707.212
       706.519
       705.843
       705.205
       704.606
       704.017
       703.461
       702.764
       702.063
       701.391
       700.751
       700.143
       699.563
       699.011
       698.574
       698.207
       697.867
       697.551
       697.197
       696.872
       696.591
       708.939
       708.862
       696.344
       695.617
       695.617
       695.618
       695.618
       695.619
       695.619
        695.62
       695.621
       695.622
       695.623
       695.625
       695.626
       695.628
       695.629
       695.631
       695.633
       695.636
       695.638
        695.64
       695.643
       695.646
       695.649
       695.652
       695.656
       695.659
       695.663
       695.667
       695.672
       695.676
       695.681
       695.686
       695.691
       695.696
       695.702
       695.708
       695.714
       695.721
       695.727
       695.734
       695.742
       695.749
       695.757
       695.765
       695.774
       695.783
       695.792
       695.801
       695.811
       695.821
       695.831
       695.842
       695.853
       695.865
       695.877
       695.889
       695.903
       695.917
       695.932
       695.948
       695.965
       695.984
       696.005
       696.083
       696.165
       696.254
       696.333
       696.422
       696.522
       696.634
        696.76
       696.902
       697.049
       697.213
       697.395
       697.602
       697.829
       698.038
       698.275
       698.527
       698.781
       699.024
       699.248
       699.454
       699.605
       699.744
        699.87
       699.936
        699.99
       700.035
       700.089
       700.132
       700.172
       700.239
       700.297
        700.35
       700.402
       700.443
       700.476
       700.487
       700.489
       700.291
        699.99
       699.609
       698.992
       698.361
        697.74
       697.105
       696.461
       696.073
        695.81
       695.534
       695.247
       695.233
       695.247
       695.214
       695.141
       695.035
       694.997
       694.901
        694.76
       694.588
       694.294
       693.912
       693.293
       692.603
       692.462
       692.813
       696.142
       698.057
       698.637
       697.912
        697.07
       696.187
        695.26
        694.25
       693.212
       692.149
       691.082
        690.09
       689.117
        688.07
       686.971
       685.889
       684.833
       683.716
        682.61
       681.549
       680.678
       679.843
       679.053
       678.309
       677.625
       676.951
       676.317
       675.721
       675.129
       674.571
       673.842
       673.101
        672.39
        671.71
       671.062
        670.44
       669.846
       669.382
       668.993
       668.631
       668.294
       667.906
       667.549
        667.24
       681.684
       681.605
       666.981
       665.811
       665.811
       665.811
       665.812
       665.812
       665.813
       665.814
       665.815
       665.816
       665.817
       665.818
        665.82
       665.821
       665.823
       665.825
       665.827
       665.829
       665.831
       665.834
       665.836
       665.839
       665.842
       665.845
       665.849
       665.852
       665.856
        665.86
       665.864
       665.869
       665.873
       665.878
       665.883
       665.888
       665.894
         665.9
       665.906
       665.912
       665.919
       665.925
       665.932
        665.94
       665.947
       665.955
       665.963
       665.971
        665.98
       665.988
       665.997
       666.007
       666.016
       666.025
       666.035
       666.045
       666.055
       666.066
       666.076
       666.087
       666.098
        666.11
       666.122
       666.134
       666.147
       666.224
       666.304
       666.389
       666.461
       666.541
       666.631
       666.731
       666.844
        666.97
       667.098
       667.242
       667.402
       667.588
       667.791
        667.97
       668.174
       668.399
        668.65
       668.906
       669.149
       669.372
       669.534
       669.683
       669.819
       669.885
       669.941
       669.986
       670.043
       670.088
        670.13
       670.205
       670.269
       670.329
       670.389
       670.439
       670.481
       670.499
       670.506
       670.284
       669.946
       669.519
       668.822
       668.111
       667.412
       666.698
       665.971
       665.539
        665.25
        664.95
       664.638
       664.639
       664.676
       664.667
       664.619
       664.538
        664.54
       664.481
       664.375
       664.239
        663.97
       663.606
       662.975
       662.271
       662.199
       662.697
       666.604
       668.904
       669.687
       668.983
       668.149
        667.27
       666.343
       665.325
       664.276
       663.202
       662.125
        661.14
       660.183
       659.145
       658.048
       656.968
       655.914
       654.788
        653.67
       652.597
       651.737
       650.912
       650.131
       649.393
       648.718
       648.048
       647.417
       646.823
       646.229
       645.667
       644.905
       644.124
       643.371
       642.649
       641.959
       641.294
       640.655
        640.16
       639.746
       639.359
       638.996
       638.572
       638.181
        637.84
       654.388
       654.306
       637.567
       636.012
       636.013
       636.013
       636.013
       636.014
       636.014
       636.015
       636.016
       636.017
       636.018
        636.02
       636.021
       636.023
       636.024
       636.026
       636.028
        636.03
       636.032
       636.035
       636.037
        636.04
       636.043
       636.046
       636.049
       636.053
       636.057
        636.06
       636.065
       636.069
       636.073
       636.078
       636.083
       636.088
       636.093
       636.099
       636.105
       636.111
       636.117
       636.124
        636.13
       636.137
       636.144
       636.152
       636.159
       636.167
       636.175
       636.183
       636.191
       636.199
       636.208
       636.216
       636.224
       636.232
        636.24
       636.248
       636.256
       636.263
       636.271
       636.277
       636.284
        636.29
       636.295
       636.371
       636.448
        636.53
       636.594
       636.665
       636.745
       636.834
       636.933
       637.045
       637.156
       637.281
       637.421
       637.586
       637.768
       637.917
       638.092
       638.289
       638.509
       638.759
       639.013
       639.253
       639.427
       639.589
       639.736
       639.806
       639.864
       639.911
       639.972
       640.019
       640.066
       640.149
       640.221
       640.291
       640.361
       640.421
       640.474
         640.5
       640.514
       640.271
       639.898
       639.426
       638.651
       637.863
       637.088
       636.296
       635.489
       635.014
       634.702
       634.378
       634.042
       634.057
       634.117
       634.136
       634.114
       634.058
         634.1
       634.077
       634.006
       633.905
       633.658
        633.31
       632.667
       631.946
       631.942
       632.585
       637.069
       639.753
       640.738
       640.052
       639.224
       638.348
        637.42
        636.39
        635.33
       634.243
       633.158
       632.178
       631.237
       630.207
       629.112
       628.034
       626.983
       625.848
       624.717
       623.632
       622.784
       621.971
       621.198
       620.468
       619.801
       619.135
       618.507
       617.916
       617.318
       616.752
       615.956
       615.133
       614.338
       613.572
       612.837
       612.125
       611.438
       610.908
       610.466
        610.05
       609.657
       609.193
       608.764
        608.39
       627.048
       626.961
       608.097
       606.219
        606.22
        606.22
        606.22
       606.221
       606.222
       606.222
       606.223
       606.224
       606.225
       606.227
       606.228
       606.229
       606.231
       606.233
       606.235
       606.237
       606.239
       606.241
       606.244
       606.247
       606.249
       606.252
       606.256
       606.259
       606.262
       606.266
        606.27
       606.274
       606.279
       606.283
       606.288
       606.293
       606.298
       606.303
       606.309
       606.315
       606.321
       606.327
       606.334
        606.34
       606.347
       606.354
       606.361
       606.368
       606.375
       606.383
        606.39
       606.397
       606.404
       606.411
       606.418
       606.424
        606.43
       606.435
        606.44
       606.444
       606.447
       606.449
       606.449
       606.448
       606.446
        606.52
       606.596
       606.673
        606.73
       606.793
       606.863
       606.941
       607.028
       607.126
       607.221
       607.328
       607.449
       607.595
       607.757
       607.879
       608.027
       608.194
       608.384
       608.602
       608.847
       609.093
       609.283
        609.46
        609.62
       609.695
       609.757
       609.807
       609.872
       609.924
       609.975
       610.068
        610.15
       610.229
       610.311
       610.384
       610.449
       610.486
       610.509
       610.247
       609.841
       609.326
       608.478
       607.615
       606.766
       605.898
       605.013
       604.496
       604.163
       603.818
        603.46
       603.492
       603.578
       603.623
       603.626
       603.596
       603.677
       603.689
       603.652
       603.584
        603.36
       603.025
       602.368
       601.628
       601.689
       602.474
       607.533
       610.601
       611.785
       611.116
       610.291
       609.416
       608.485
       607.444
       606.371
       605.271
       604.175
       603.203
       602.276
       601.256
       600.162
       599.087
        598.04
       596.896
       595.753
       594.659
       593.823
        593.02
       592.256
       591.534
       590.876
       590.215
        589.59
       589.001
         588.4
       587.829
       586.998
       586.133
       585.293
       584.481
       583.699
       582.938
       582.199
        581.63
       581.155
       580.705
       580.277
       579.768
       579.296
       578.885
       599.661
       599.568
       578.568
        576.43
        576.43
        576.43
       576.431
       576.431
       576.432
       576.433
       576.434
       576.435
       576.436
       576.437
       576.438
        576.44
       576.441
       576.443
       576.445
       576.447
       576.449
       576.451
       576.454
       576.456
       576.459
       576.462
       576.465
       576.468
       576.472
       576.475
       576.479
       576.483
       576.487
       576.492
       576.496
       576.501
       576.506
       576.511
       576.517
       576.522
       576.528
       576.534
        576.54
       576.546
       576.553
       576.559
       576.566
       576.572
       576.579
       576.585
       576.591
       576.598
       576.604
       576.609
       576.614
       576.618
       576.622
       576.625
       576.626
       576.627
       576.625
       576.622
       576.617
       576.609
       576.599
       576.672
       576.745
       576.819
       576.869
       576.924
       576.985
       577.052
       577.128
       577.213
       577.292
       577.383
       577.487
       577.615
       577.757
       577.854
       577.976
       578.115
       578.276
       578.463
       578.674
       578.907
       579.095
       579.292
       579.468
       579.549
       579.615
       579.668
       579.739
       579.795
       579.852
       579.955
       580.048
       580.139
       580.235
       580.322
       580.403
       580.453
       580.488
       580.209
       579.773
       579.218
       578.297
       577.363
       576.444
       575.502
       574.541
       573.986
       573.634
        573.27
       572.894
       572.945
       573.058
       573.129
       573.157
       573.152
       573.271
       573.319
       573.313
       573.278
       573.073
       572.751
       572.076
       571.314
       571.438
       572.363
       577.995
       581.444
       582.826
       582.172
       581.348
       580.472
       579.537
       578.482
       577.396
       576.283
       575.176
       574.211
       573.301
       572.289
       571.197
       570.125
       569.082
        567.93
       566.777
       565.675
       564.853
       564.061
       563.306
       562.593
       561.945
       561.289
       560.668
       560.081
       559.478
       558.903
       558.036
       557.127
       556.241
       555.382
       554.549
       553.735
        552.94
       552.328
       551.814
       551.323
       550.855
       550.295
       549.774
       549.321
       572.223
       572.123
       548.972
       546.642
       546.642
       546.642
       546.643
       546.643
       546.644
       546.644
       546.645
       546.646
       546.647
       546.648
        546.65
       546.651
       546.653
       546.654
       546.656
       546.658
        546.66
       546.662
       546.665
       546.667
        546.67
       546.673
       546.676
       546.679
       546.682
       546.686
       546.689
       546.693
       546.697
       546.701
       546.706
        546.71
       546.715
        546.72
       546.725
        546.73
       546.736
       546.742
       546.747
       546.753
       546.759
       546.765
       546.771
       546.777
       546.783
       546.789
       546.794
       546.799
       546.804
       546.808
       546.811
       546.814
       546.815
       546.815
       546.813
        546.81
       546.805
       546.796
       546.785
       546.771
       546.753
       546.825
       546.896
       546.967
        547.01
       547.057
       547.109
       547.166
       547.231
       547.304
       547.369
       547.445
       547.531
       547.643
       547.768
       547.841
       547.937
       548.051
       548.184
       548.343
       548.526
       548.732
       548.896
       549.084
       549.277
       549.363
       549.435
       549.492
       549.567
       549.628
       549.691
       549.805
       549.909
       550.014
       550.126
        550.23
       550.329
       550.395
       550.444
       550.152
       549.688
       549.096
       548.108
       547.105
       546.117
       545.104
       544.071
       543.481
       543.113
       542.734
       542.342
       542.415
       542.557
       542.654
       542.707
       542.726
       542.884
       542.965
       542.991
       542.987
       542.799
       542.486
       541.791
       541.005
       541.188
       542.249
       548.453
       552.281
       553.859
       553.217
       552.392
       551.512
       550.571
       549.503
       548.402
       547.274
       546.158
       545.202
       544.309
       543.307
       542.218
       541.149
       540.111
       538.952
       537.791
       536.681
       535.874
       535.095
       534.351
       533.648
       533.011
        532.36
       531.744
       531.161
       530.555
       529.975
       529.073
       528.119
       527.187
       526.277
       525.392
       524.521
       523.665
       523.003
       522.444
       521.906
        521.39
       520.771
       520.194
       519.693
        544.73
       544.619
         519.3
       516.853
       516.853
       516.853
       516.854
       516.854
       516.855
       516.856
       516.856
       516.857
       516.858
       516.859
       516.861
       516.862
       516.864
       516.865
       516.867
       516.869
       516.871
       516.873
       516.875
       516.877
        516.88
       516.883
       516.886
       516.889
       516.892
       516.895
       516.899
       516.902
       516.906
        516.91
       516.914
       516.919
       516.923
       516.928
       516.933
       516.938
       516.943
       516.948
       516.954
       516.959
       516.965
        516.97
       516.976
       516.981
       516.986
       516.991
       516.995
           517
       517.003
       517.006
       517.007
       517.008
       517.007
       517.004
           517
       516.993
       516.983
        516.97
       516.953
       516.932
       516.906
       516.977
       517.046
       517.114
        517.15
        517.19
       517.234
       517.282
       517.336
       517.398
        517.45
       517.511
       517.582
       517.678
       517.786
       517.836
       517.909
       517.998
       518.106
       518.239
       518.394
       518.574
       518.704
       518.865
       519.045
       519.134
       519.213
       519.272
       519.352
       519.416
       519.484
       519.609
       519.726
       519.846
       519.976
       520.101
       520.221
       520.306
       520.373
        520.07
       519.582
       518.957
       517.906
       516.836
       515.783
       514.704
         513.6
       512.978
       512.599
       512.208
       511.802
         511.9
       512.072
       512.197
       512.276
        512.32
       512.516
        512.63
       512.686
        512.71
       512.538
       512.231
       511.513
       510.698
       510.936
        512.13
       518.903
       523.107
       524.879
       524.246
       523.418
       522.534
       521.585
       520.501
       519.385
       518.242
       517.118
       516.172
       515.296
       514.307
       513.222
       512.158
       511.126
       509.962
       508.793
       507.679
       506.888
       506.122
       505.391
       504.699
       504.076
       503.432
       502.822
       502.244
       501.636
       501.052
       500.114
       499.115
       498.135
       497.173
       496.232
         495.3
       494.378
       493.661
        493.05
       492.456
       491.881
       491.194
       490.551
       489.992
       517.175
       517.051
       489.543
       487.061
       487.062
       487.062
       487.062
       487.063
       487.063
       487.064
       487.065
       487.066
       487.067
       487.068
       487.069
        487.07
       487.072
       487.073
       487.075
       487.077
       487.078
        487.08
       487.083
       487.085
       487.087
        487.09
       487.093
       487.096
       487.099
       487.102
       487.105
       487.109
       487.112
       487.116
        487.12
       487.124
       487.129
       487.133
       487.138
       487.142
       487.147
       487.152
       487.157
       487.162
       487.167
       487.172
       487.177
       487.182
       487.186
        487.19
       487.194
       487.197
       487.199
         487.2
         487.2
       487.199
       487.196
       487.191
       487.183
       487.172
       487.158
        487.14
       487.118
        487.09
       487.057
       487.127
       487.194
       487.259
       487.289
       487.322
       487.358
       487.397
       487.442
       487.494
       487.532
        487.58
       487.636
       487.718
       487.811
       487.838
       487.889
       487.955
       488.039
       488.147
       488.277
        488.43
       488.527
       488.652
       488.799
       488.873
       488.946
       489.006
       489.087
       489.152
       489.223
       489.359
       489.489
       489.626
       489.777
       489.927
       490.073
       490.181
       490.269
       489.958
        489.45
       488.796
       487.685
       486.553
       485.439
       484.296
       483.126
       482.477
       482.089
       481.689
       481.273
       481.399
       481.603
       481.757
       481.863
       481.932
       482.166
       482.313
       482.397
       482.448
       482.289
       481.985
        481.24
       480.392
       480.681
       482.003
       489.342
       493.921
       495.882
       495.256
       494.422
        493.53
       492.572
       491.471
       490.339
       489.183
       488.051
       487.116
       486.261
       485.284
       484.205
       483.148
       482.124
       480.958
       479.784
       478.667
       477.894
       477.145
       476.428
        475.75
       475.141
       474.507
       473.905
       473.332
       472.724
       472.137
       471.164
       470.121
       469.091
       468.076
       467.077
        466.08
       465.087
       464.307
       463.634
       462.973
        462.33
       461.561
       460.838
        460.21
        489.55
       489.409
       459.684
       457.265
       457.265
       457.265
       457.266
       457.266
       457.267
       457.267
       457.268
       457.269
        457.27
       457.271
       457.272
       457.273
       457.275
       457.276
       457.278
       457.279
       457.281
       457.283
       457.285
       457.287
        457.29
       457.292
       457.295
       457.298
         457.3
       457.304
       457.307
        457.31
       457.314
       457.317
       457.321
       457.325
       457.329
       457.333
       457.337
       457.342
       457.346
       457.351
       457.356
        457.36
       457.365
       457.369
       457.374
       457.378
       457.381
       457.385
       457.387
       457.389
        457.39
        457.39
       457.389
       457.385
        457.38
       457.372
       457.362
       457.348
        457.33
       457.307
       457.279
       457.245
       457.204
       457.273
       457.339
       457.402
       457.426
       457.452
       457.481
       457.511
       457.547
       457.589
       457.615
        457.65
       457.692
       457.761
       457.839
       457.845
       457.875
       457.918
       457.979
       458.064
       458.171
       458.299
       458.365
       458.457
        458.57
       458.598
       458.644
       458.687
       458.765
       458.827
       458.899
       459.044
       459.187
       459.341
       459.518
       459.701
       459.876
       460.011
       460.124
        459.81
       459.285
       458.608
       457.439
        456.25
        455.08
       453.876
       452.646
       451.973
       451.581
       451.175
       450.752
       450.912
       451.152
       451.332
       451.467
       451.563
       451.836
       452.015
       452.127
       452.203
       452.053
       451.749
       450.972
       450.086
       450.421
       451.867
       459.768
       464.717
       466.864
        466.24
       465.396
       464.495
       463.526
       462.408
        461.26
        460.09
       458.952
       458.029
       457.196
       456.234
       455.163
       454.116
       453.104
       451.937
       450.762
       449.644
       448.893
       448.163
       447.464
       446.801
        446.21
       445.587
       444.995
       444.431
       443.824
       443.236
       442.229
       441.142
       440.064
       438.995
       437.934
       436.869
       435.799
       434.948
       434.203
       433.463
       432.736
       431.869
       431.051
       430.335
       461.845
       461.681
       429.704
       427.461
       427.462
       427.462
       427.462
       427.463
       427.463
       427.464
       427.465
       427.465
       427.466
       427.467
       427.468
        427.47
       427.471
       427.472
       427.474
       427.475
       427.477
       427.479
       427.481
       427.483
       427.485
       427.487
        427.49
       427.492
       427.495
       427.498
       427.501
       427.504
       427.507
       427.511
       427.514
       427.518
       427.522
       427.526
        427.53
       427.534
       427.538
       427.542
       427.547
       427.551
       427.555
       427.559
       427.563
       427.566
       427.569
       427.572
       427.574
       427.575
       427.575
       427.573
        427.57
       427.565
       427.558
       427.547
       427.534
       427.516
       427.495
       427.467
       427.434
       427.394
       427.346
       427.415
       427.479
       427.539
       427.559
       427.578
         427.6
       427.623
        427.65
       427.682
       427.697
       427.719
       427.749
       427.804
       427.868
       427.855
       427.864
       427.886
       427.925
       427.988
       428.072
       428.177
       428.213
       428.275
       428.358
       428.346
        428.35
       428.361
       428.418
       428.472
       428.541
       428.693
       428.847
       429.018
       429.217
        429.42
       429.623
        429.79
       429.933
       429.619
       429.082
       428.383
       427.161
        425.92
       424.699
       423.442
       422.156
       421.465
       421.072
       420.664
       420.236
        420.43
       420.705
       420.919
       421.086
       421.213
       421.526
       421.738
       421.877
       421.976
       421.832
       421.524
        420.71
        419.78
       420.153
       421.717
       430.175
       435.491
       437.819
       437.193
       436.336
       435.423
       434.441
       433.304
        432.14
       430.958
       429.817
       428.909
         428.1
       427.156
       426.095
       425.061
       424.063
         422.9
       421.726
       420.612
       419.886
       419.177
       418.499
       417.855
       417.284
       416.677
       416.098
       415.545
       414.942
       414.355
       413.317
       412.188
       411.062
       409.938
       408.815
       407.677
       406.524
       405.594
       404.765
       403.933
       403.103
       402.117
       401.181
       400.354
       434.046
       433.854
       399.579
       397.648
       397.649
       397.649
       397.649
        397.65
        397.65
       397.651
       397.652
       397.652
       397.653
       397.654
       397.655
       397.656
       397.657
       397.659
        397.66
       397.662
       397.663
       397.665
       397.667
       397.669
       397.671
       397.673
       397.675
       397.678
        397.68
       397.683
       397.686
       397.689
       397.692
       397.695
       397.698
       397.702
       397.705
       397.709
       397.713
       397.717
       397.721
       397.724
       397.728
       397.732
       397.736
       397.739
       397.743
       397.745
       397.748
        397.75
       397.751
       397.751
       397.749
       397.747
       397.742
       397.736
       397.726
       397.714
       397.698
       397.677
       397.651
        397.62
       397.582
       397.535
       397.481
       397.549
       397.612
       397.671
       397.685
       397.699
       397.714
       397.729
       397.748
       397.772
       397.776
       397.786
       397.803
       397.846
       397.897
       397.864
       397.853
       397.856
       397.874
       397.915
       397.977
        398.06
       398.068
       398.103
       398.158
       398.112
       398.084
       398.069
        398.11
       398.155
       398.221
       398.379
       398.541
       398.723
        398.93
       399.139
       399.352
       399.532
       399.691
       399.377
       398.832
       398.114
       396.842
       395.559
       394.291
       392.987
       391.655
        390.95
        390.56
       390.152
       389.721
       389.947
       390.261
       390.514
       390.721
       390.883
       391.239
       391.485
       391.649
       391.768
       391.628
        391.31
       390.453
       389.471
       389.876
       391.549
       400.559
       406.236
        408.74
       408.107
       407.233
       406.304
       405.308
       404.152
       402.973
       401.782
       400.639
        399.75
        398.97
       398.046
           397
       395.982
       395.003
       393.846
       392.677
       391.569
       390.871
       390.189
       389.535
       388.914
       388.367
       387.778
       387.216
       386.677
       386.083
         385.5
       384.434
       383.266
       382.094
       380.917
       379.731
       378.518
       377.277
       376.259
       375.334
       374.392
       373.439
       372.307
       371.222
       370.251
       406.135
       405.908
       369.277
       367.823
       367.824
       367.824
       367.824
       367.825
       367.825
       367.826
       367.827
       367.827
       367.828
       367.829
        367.83
       367.831
       367.832
       367.833
       367.835
       367.836
       367.838
       367.839
       367.841
       367.843
       367.845
       367.847
       367.849
       367.851
       367.853
       367.856
       367.859
       367.861
       367.864
       367.867
        367.87
       367.873
       367.877
        367.88
       367.884
       367.887
       367.891
       367.894
       367.898
       367.901
       367.904
       367.907
        367.91
       367.912
       367.914
       367.915
       367.916
       367.915
       367.913
       367.909
       367.903
       367.895
       367.884
       367.869
       367.851
       367.827
       367.798
       367.762
       367.719
       367.668
       367.606
       367.675
       367.737
       367.795
       367.804
       367.812
       367.821
       367.829
        367.84
       367.855
       367.849
       367.848
       367.852
       367.884
       367.922
        367.87
        367.84
       367.823
        367.82
       367.841
       367.883
       367.944
       367.926
       367.934
       367.965
       367.889
       367.834
       367.798
       367.825
        367.86
       367.924
       368.089
       368.261
       368.452
       368.669
       368.887
       369.107
       369.288
       369.458
       369.133
       368.568
       367.825
       366.502
       365.164
       363.848
       362.506
       361.144
        360.43
       360.043
       359.637
       359.205
       359.464
       359.813
       360.111
       360.373
       360.575
       360.978
       361.259
       361.448
       361.585
       361.444
        361.11
       360.204
       359.162
       359.588
       361.359
       370.914
       376.944
       379.619
       378.972
       378.078
        377.13
       376.118
       374.942
        373.75
       372.552
       371.412
       370.545
       369.797
       368.899
       367.872
       366.875
       365.918
       364.773
       363.613
       362.515
       361.851
       361.199
       360.573
        359.98
       359.461
       358.895
       358.354
       357.834
       357.252
       356.678
       355.588
       354.386
       353.172
       351.944
       350.696
       349.409
       348.075
       346.962
       345.927
       344.855
       343.753
       342.444
       341.171
       340.011
        378.09
       377.819
       338.758
       337.984
       337.984
       337.984
       337.985
       337.985
       337.985
       337.986
       337.987
       337.987
       337.988
       337.989
        337.99
       337.991
       337.992
       337.993
       337.994
       337.995
       337.997
       337.998
           338
       338.002
       338.003
       338.005
       338.007
       338.009
       338.012
       338.014
       338.016
       338.019
       338.022
       338.024
       338.027
        338.03
       338.033
       338.036
       338.039
       338.043
       338.046
       338.049
       338.052
       338.055
       338.058
       338.061
       338.063
       338.065
       338.066
       338.066
       338.066
       338.064
       338.061
       338.057
        338.05
        338.04
       338.028
       338.011
        337.99
       337.964
       337.932
       337.893
       337.845
       337.788
        337.72
        337.79
       337.852
       337.908
       337.913
       337.916
       337.919
       337.921
       337.925
       337.932
       337.915
       337.903
       337.896
       337.916
       337.942
       337.871
       337.822
       337.785
       337.763
       337.763
       337.784
       337.825
        337.78
       337.763
        337.77
       337.667
       337.589
       337.533
       337.548
       337.574
       337.636
       337.812
       337.997
       338.199
       338.426
       338.655
       338.888
       339.078
       339.261
       338.926
       338.344
       337.579
         336.2
       334.804
       333.439
       332.049
       330.638
        329.92
       329.549
        329.15
       328.716
       329.003
       329.389
       329.746
       330.054
       330.294
       330.747
       331.064
       331.279
       331.431
       331.285
       330.929
       329.964
       328.852
       329.287
       331.143
       341.231
       347.605
       350.443
       349.776
       348.855
       347.887
       346.858
       345.665
       344.461
        343.26
       342.126
       341.286
       340.576
       339.708
       338.706
       337.735
       336.807
       335.679
       334.533
       333.451
       332.825
       332.209
       331.616
       331.055
       330.569
        330.03
       329.515
        329.02
       328.456
       327.896
        326.79
       325.558
       324.309
       323.035
        321.73
       320.368
       318.942
       317.725
        316.57
       315.348
       314.066
       312.541
       311.029
        309.62
       349.882
       349.557
       307.977
       308.126
       308.126
       308.126
       308.127
       308.127
       308.128
       308.128
       308.129
       308.129
        308.13
       308.131
       308.132
       308.133
       308.134
       308.135
       308.136
       308.137
       308.138
        308.14
       308.141
       308.143
       308.144
       308.146
       308.148
        308.15
       308.152
       308.154
       308.156
       308.158
       308.161
       308.163
       308.166
       308.169
       308.171
       308.174
       308.177
        308.18
       308.183
       308.186
       308.188
       308.191
       308.194
       308.196
       308.198
       308.199
         308.2
         308.2
       308.199
       308.196
       308.193
       308.187
       308.179
       308.169
       308.155
       308.137
       308.114
       308.086
       308.051
       308.009
       307.957
       307.895
       307.822
       307.892
       307.954
        308.01
        308.01
       308.009
       308.006
       308.002
       307.999
       307.998
       307.971
       307.948
        307.93
       307.939
       307.953
       307.864
       307.797
        307.74
       307.697
       307.677
       307.677
       307.696
       307.625
       307.583
       307.563
       307.436
       307.336
       307.262
       307.271
       307.295
       307.367
       307.558
       307.758
       307.976
       308.217
       308.458
       308.701
       308.901
       309.095
        308.75
       308.151
       307.371
        305.95
       304.508
       303.098
       301.658
       300.194
       299.474
       299.122
       298.735
       298.302
       298.626
       299.056
       299.453
       299.771
        300.04
       300.551
       300.907
       301.147
       301.313
       301.156
       300.772
       299.738
       298.541
       298.968
       300.892
         311.5
       318.209
       321.201
       320.505
       319.552
        318.56
       317.514
       316.304
       315.094
       313.894
       312.772
       311.966
       311.299
       310.469
       309.498
       308.561
       307.668
       306.562
       305.436
       304.376
       303.795
       303.219
       302.665
       302.141
       301.693
       301.187
       300.703
       300.239
         299.7
       299.162
       298.046
       296.794
       295.518
       294.207
       292.851
       291.421
       289.903
       288.582
       287.295
       285.904
        284.41
       282.622
       280.809
       279.069
       321.475
       321.087
       276.884
       278.247
       278.247
       278.247
       278.248
       278.248
       278.248
       278.249
       278.249
        278.25
       278.251
       278.251
       278.252
       278.253
       278.254
       278.255
       278.256
       278.257
       278.258
       278.259
       278.261
       278.262
       278.264
       278.265
       278.267
       278.269
        278.27
       278.272
       278.274
       278.276
       278.279
       278.281
       278.283
       278.286
       278.288
       278.291
       278.293
       278.296
       278.298
       278.301
       278.303
       278.306
       278.308
       278.309
       278.311
       278.312
       278.312
       278.312
        278.31
       278.308
       278.303
       278.297
       278.289
       278.277
       278.262
       278.243
       278.219
       278.189
       278.152
       278.107
       278.052
       277.986
       277.907
       277.979
       278.042
       278.097
       278.094
       278.088
       278.081
        278.07
        278.06
       278.052
       278.016
       277.983
       277.954
       277.951
       277.954
       277.846
        277.76
       277.684
       277.621
        277.58
       277.558
       277.553
       277.454
        277.39
       277.361
       277.221
       277.114
       277.037
       277.045
       277.077
       277.155
       277.357
       277.567
       277.794
       278.048
       278.301
       278.556
       278.768
       278.973
       278.615
       278.001
        277.21
        275.75
       274.267
       272.819
       271.334
       269.822
       269.099
       268.774
        268.41
       267.975
       268.332
        268.79
        269.19
       269.523
       269.835
       270.402
       270.795
       271.058
       271.237
       271.066
       270.645
       269.531
       268.234
       268.632
       270.598
       281.708
       288.739
       291.874
       291.139
       290.148
       289.129
       288.068
       286.846
       285.635
       284.443
       283.341
       282.577
       281.962
       281.178
       280.247
        279.35
       278.499
       277.423
       276.325
       275.294
       274.762
       274.232
       273.722
        273.24
       272.835
       272.367
       271.922
       271.495
       270.988
       270.481
       269.366
       268.106
       266.814
       265.478
       264.084
       262.596
       260.995
       259.571
       258.147
        256.57
       254.835
       252.732
        250.54
       248.367
       292.825
       292.365
       245.432
       248.342
       248.342
       248.343
       248.343
       248.343
       248.344
       248.344
       248.345
       248.345
       248.346
       248.347
       248.347
       248.348
       248.349
        248.35
       248.351
       248.352
       248.353
       248.354
       248.355
       248.356
       248.357
       248.359
        248.36
       248.362
       248.364
       248.365
       248.367
       248.369
       248.371
       248.373
       248.375
       248.377
       248.379
       248.382
       248.384
       248.386
       248.388
       248.391
       248.393
       248.395
       248.396
       248.398
       248.399
         248.4
         248.4
       248.399
       248.397
       248.394
       248.389
       248.383
       248.374
       248.362
       248.347
       248.327
       248.302
       248.271
       248.232
       248.185
       248.127
       248.057
       247.973
       248.048
       248.112
       248.167
       248.161
       248.151
       248.139
       248.123
       248.108
       248.093
       248.047
       248.004
       247.964
       247.951
       247.941
       247.816
       247.711
       247.615
       247.532
       247.468
       247.426
       247.408
       247.307
       247.247
       247.223
       247.077
       246.964
       246.883
       246.891
       246.921
       246.999
       247.205
       247.418
       247.652
       247.914
       248.178
       248.446
       248.669
       248.891
       248.528
       247.904
       247.098
       245.596
        244.07
       242.594
       241.075
       239.522
       238.789
       238.485
        238.14
       237.741
       238.141
       238.622
       239.038
        239.39
       239.723
       240.316
       240.736
       241.022
       241.213
       241.027
       240.564
       239.357
       237.942
       238.282
       240.257
        251.84
       259.174
       262.438
       261.652
       260.617
       259.572
       258.498
       257.269
       256.064
        254.89
       253.818
       253.105
       252.553
       251.826
       250.944
       250.098
       249.299
       248.262
       247.198
       246.203
       245.727
        245.25
       244.789
       244.354
       243.998
       243.574
       243.173
       242.791
       242.325
       241.859
       240.757
       239.502
       238.211
       236.867
       235.453
       233.925
       232.257
       230.742
       229.186
       227.415
       225.411
       222.942
       220.283
       217.548
       263.882
       263.342
       213.595
       218.408
       218.408
       218.408
       218.409
       218.409
        218.41
        218.41
        218.41
       218.411
       218.411
       218.412
       218.413
       218.413
       218.414
       218.415
       218.416
       218.416
       218.417
       218.418
       218.419
       218.421
       218.422
       218.423
       218.424
       218.426
       218.427
       218.429
        218.43
       218.432
       218.434
       218.435
       218.437
       218.439
       218.441
       218.443
       218.445
       218.447
       218.449
       218.451
       218.453
       218.454
       218.456
       218.457
       218.458
       218.458
       218.458
       218.457
       218.455
       218.451
       218.447
        218.44
       218.431
       218.419
       218.404
       218.384
       218.359
       218.327
       218.287
       218.239
       218.179
       218.106
       218.019
       218.096
       218.162
       218.218
       218.209
       218.196
        218.18
       218.159
       218.138
       218.116
       218.062
       218.009
       217.958
       217.934
       217.913
       217.769
       217.646
        217.53
       217.428
       217.353
       217.318
       217.316
       217.221
       217.166
       217.147
       216.997
       216.881
       216.794
       216.797
       216.821
       216.892
       217.096
       217.308
       217.543
        217.81
       218.083
       218.362
       218.598
       218.839
       218.476
       217.846
       217.025
       215.478
       213.923
       212.422
       210.882
       209.296
       208.553
       208.232
       207.922
        207.62
        208.09
       208.621
       209.036
       209.365
       209.684
       210.282
       210.726
       211.044
       211.253
       211.054
       210.546
       209.238
       207.682
       207.929
       209.866
       221.879
       229.488
       232.861
       232.009
       230.923
       229.854
       228.776
       227.553
       226.365
        225.22
       224.191
       223.542
       223.064
       222.402
        221.58
       220.797
       220.061
       219.073
       218.055
       217.105
       216.692
       216.273
       215.867
       215.486
       215.184
        214.81
       214.459
       214.129
       213.714
         213.3
       212.226
       210.993
       209.722
       208.393
       206.983
       205.441
       203.733
       202.153
       200.483
       198.526
       196.242
       193.363
       190.149
       186.698
       234.591
       233.969
       181.402
       188.439
       188.439
        188.44
        188.44
        188.44
       188.441
       188.441
       188.442
       188.442
       188.443
       188.443
       188.444
       188.444
       188.445
       188.445
       188.446
       188.447
       188.448
       188.448
       188.449
        188.45
       188.451
       188.452
       188.454
       188.455
       188.456
       188.457
       188.459
        188.46
       188.462
       188.463
       188.465
       188.466
       188.468
        188.47
       188.471
       188.473
       188.475
       188.476
       188.478
       188.479
        188.48
       188.481
       188.482
       188.482
       188.481
        188.48
       188.478
       188.475
        188.47
       188.464
       188.455
       188.444
       188.429
       188.409
       188.385
       188.353
       188.314
       188.265
       188.204
        188.13
       188.039
        188.12
       188.188
       188.246
       188.235
        188.22
         188.2
       188.175
       188.149
       188.121
       188.059
       187.996
       187.935
         187.9
       187.868
       187.705
       187.565
        187.44
       187.347
       187.291
        187.27
       187.282
       187.194
       187.145
        187.13
       186.977
       186.855
       186.761
       186.758
       186.772
        186.83
       187.026
       187.232
       187.463
        187.73
       188.006
       188.292
       188.541
       188.805
       188.449
        187.82
       186.996
       185.424
       183.848
        182.33
        180.77
       179.167
       178.435
       178.147
       177.872
       177.565
       178.105
       178.683
       179.104
       179.425
       179.731
       180.335
       180.794
       181.134
       181.375
        181.17
       180.619
       179.202
       177.485
       177.595
       179.429
       191.803
       199.648
       203.105
       202.168
       201.025
       199.935
       198.866
       197.665
       196.513
       195.416
       194.445
       193.876
       193.485
       192.903
       192.154
       191.444
       190.782
       189.855
       188.894
       187.999
       187.659
       187.305
       186.961
       186.638
       186.394
       186.075
        185.78
        185.51
       185.154
       184.806
       183.775
       182.585
       181.359
       180.073
         178.7
       177.181
       175.473
       173.868
       172.124
       170.016
       167.467
       164.162
       160.317
       155.988
       204.905
       204.203
       148.989
        158.43
       158.431
       158.431
       158.432
       158.432
       158.432
       158.433
       158.433
       158.433
       158.434
       158.434
       158.435
       158.435
       158.436
       158.436
       158.437
       158.437
       158.438
       158.439
       158.439
        158.44
       158.441
       158.442
       158.443
       158.444
       158.445
       158.446
       158.447
       158.448
        158.45
       158.451
       158.452
       158.454
       158.455
       158.456
       158.458
       158.459
       158.461
       158.462
       158.463
       158.464
       158.465
       158.466
       158.466
       158.466
       158.466
       158.464
       158.462
       158.459
       158.455
       158.449
       158.441
        158.43
       158.416
       158.398
       158.375
       158.345
       158.307
        158.26
         158.2
       158.125
       158.032
       158.117
       158.189
       158.248
       158.236
       158.219
       158.196
       158.168
       158.137
       158.105
       158.034
       157.963
       157.891
       157.846
       157.804
       157.634
       157.506
       157.401
       157.325
       157.285
       157.278
       157.303
        157.22
       157.177
       157.166
       157.009
       156.882
        156.78
       156.767
       156.768
        156.81
       156.993
       157.186
       157.406
       157.666
       157.938
       158.226
       158.486
       158.774
       158.431
       157.815
       157.008
        155.43
       153.857
       152.343
       150.786
       149.182
       148.478
       148.221
       147.935
       147.596
       148.167
       148.764
       149.213
       149.571
       149.892
       150.523
       150.992
       151.346
       151.607
       151.404
       150.821
       149.302
       147.411
       147.333
       148.973
       161.589
       169.606
       173.112
       172.069
       170.868
       169.769
       168.728
       167.574
       166.486
       165.461
       164.568
       164.094
       163.807
        163.32
       162.657
       162.035
       161.463
       160.611
        159.72
        158.89
       158.631
        158.35
       158.071
        157.81
       157.628
       157.367
       157.133
       156.929
       156.643
       156.374
       155.405
       154.281
       153.128
       151.921
       150.624
       149.175
       147.522
       145.954
       144.205
       142.015
       139.265
       135.571
        131.07
        125.72
       174.796
       174.023
       116.704
       128.376
       128.376
       128.377
       128.377
       128.377
       128.378
       128.378
       128.378
       128.379
       128.379
       128.379
        128.38
        128.38
       128.381
       128.381
       128.381
       128.382
       128.382
       128.383
       128.384
       128.384
       128.385
       128.386
       128.386
       128.387
       128.388
       128.389
        128.39
       128.391
       128.392
       128.393
       128.394
       128.395
       128.396
       128.397
       128.398
       128.399
       128.401
       128.402
       128.403
       128.403
       128.404
       128.405
       128.405
       128.405
       128.404
       128.403
       128.401
       128.399
       128.395
       128.389
       128.382
       128.373
       128.361
       128.345
       128.324
       128.297
       128.263
       128.218
       128.161
       128.087
       127.994
       128.085
       128.159
       128.221
       128.209
        128.19
       128.166
       128.135
       128.101
       128.065
       127.988
       127.907
       127.827
       127.782
       127.759
       127.612
       127.504
       127.418
       127.357
       127.331
       127.336
       127.372
       127.295
       127.256
       127.249
       127.089
       126.956
       126.846
       126.825
       126.811
       126.834
       126.998
        127.17
        127.37
       127.612
       127.868
        128.15
       128.414
       128.725
       128.399
        127.81
       127.039
       125.487
       123.949
       122.478
       120.968
       119.401
       118.746
       118.543
        118.28
       117.929
       118.479
       119.076
        119.54
       119.911
       120.226
       120.853
       121.328
       121.684
       121.968
       121.786
         121.2
       119.611
       117.559
       117.249
       118.563
       131.208
       139.289
       142.797
       141.627
       140.378
         139.3
       138.323
        137.25
       136.261
       135.339
       134.546
       134.187
       134.021
       133.643
       133.081
       132.563
       132.098
        131.34
       130.535
       129.784
       129.615
       129.412
       129.202
       129.004
       128.887
       128.687
       128.517
       128.383
       128.173
       127.995
       127.108
       126.078
       125.033
       123.943
       122.771
       121.449
       119.919
       118.471
       116.816
       114.665
       111.849
         107.9
       102.825
       96.3991
       144.289
       143.462
       85.2639
       98.2693
       98.2698
       98.2702
       98.2705
       98.2707
        98.271
       98.2712
       98.2714
       98.2717
       98.2719
       98.2722
       98.2725
       98.2728
       98.2731
       98.2734
       98.2738
       98.2741
       98.2746
        98.275
       98.2754
       98.2759
       98.2765
        98.277
       98.2776
       98.2782
       98.2788
       98.2795
       98.2802
       98.2809
       98.2816
       98.2824
       98.2832
        98.284
       98.2848
       98.2857
       98.2865
       98.2873
       98.2881
       98.2889
       98.2896
       98.2902
       98.2907
        98.291
       98.2912
       98.2911
       98.2906
       98.2897
       98.2882
        98.286
       98.2829
       98.2787
        98.273
       98.2654
       98.2554
       98.2424
       98.2253
       98.2029
       98.1734
       98.1346
       98.0829
       98.0141
       97.9229
       98.0187
       98.0962
       98.1606
       98.1482
       98.1295
       98.1052
       98.0723
       98.0378
       97.9983
       97.9174
       97.8393
         97.78
       97.7643
       97.7671
        97.641
       97.5526
       97.4846
       97.4387
        97.425
       97.4401
       97.4841
       97.4096
       97.3749
       97.3727
       97.2115
       97.0772
       96.9621
        96.932
       96.9028
       96.9033
       97.0421
       97.1836
       97.3508
       97.5604
       97.7872
       98.0468
       98.3016
       98.6272
       98.3205
       97.7727
        97.066
       95.5757
       94.1158
       92.7403
       91.3436
       89.8851
        89.328
       89.1876
        88.955
       88.5997
       89.1346
       89.7089
       90.1556
       90.5026
       90.7782
       91.3683
       91.8174
       92.1599
       92.4605
       92.3204
       91.7986
       90.2326
       88.0965
       87.5431
       88.3646
       100.643
       108.586
        112.02
       110.716
       109.458
       108.457
       107.602
       106.665
       105.822
        105.04
       104.378
       104.153
       104.117
        103.86
       103.415
        103.02
       102.681
       102.039
       101.343
        100.69
        100.62
       100.498
        100.36
       100.226
       100.173
       100.032
       99.9252
       99.8616
       99.7315
       99.6544
        98.871
        97.966
       97.0671
       96.1398
       95.1451
       94.0139
       92.6878
       91.4598
       90.0302
       88.0933
       85.4426
       81.5235
       76.1675
       68.8293
       113.502
       112.657
       56.0029
       68.1032
       68.1037
        68.104
       68.1043
       68.1045
       68.1046
       68.1048
        68.105
       68.1051
       68.1053
       68.1055
       68.1057
       68.1059
       68.1061
       68.1063
       68.1065
       68.1068
       68.1071
       68.1073
       68.1077
        68.108
       68.1083
       68.1087
       68.1091
       68.1095
       68.1099
       68.1103
       68.1108
       68.1113
       68.1118
       68.1123
       68.1128
       68.1134
       68.1139
       68.1145
        68.115
       68.1156
       68.1161
       68.1166
       68.1171
       68.1175
       68.1178
        68.118
       68.1181
        68.118
       68.1176
        68.117
        68.116
       68.1144
       68.1122
       68.1093
       68.1053
       68.0999
       68.0929
       68.0836
       68.0713
        68.055
       68.0331
       68.0034
       67.9621
       67.9034
       67.8181
       67.9176
       67.9953
       68.0608
       68.0502
       68.0334
        68.011
       67.9742
       67.9447
       67.9173
       67.8624
       67.8173
       67.7831
       67.7913
       67.8174
       67.7147
       67.6494
        67.601
       67.5692
       67.5644
       67.5839
       67.6321
       67.5604
       67.5293
       67.5326
       67.3761
       67.2466
       67.1314
        67.095
       67.0511
       67.0274
       67.1334
       67.2329
       67.3518
       67.5097
       67.6843
       67.8971
        68.117
       68.4352
       68.1484
         67.66
       67.0471
       65.6795
       64.4008
        63.229
       62.0245
       60.7318
       60.3046
       60.2366
       60.0227
        59.652
       60.1403
       60.6563
       61.0555
       61.3541
       61.5737
       62.1057
       62.4984
       62.8122
        63.113
       63.0394
       62.6723
       61.2891
       59.2712
       58.5786
       58.7703
       69.9284
        77.309
       80.5348
       79.1457
        77.989
       77.1685
       76.5213
       75.7945
       75.1572
        74.566
        74.074
       73.9944
       74.0886
       73.9596
       73.6471
       73.3912
       73.1997
       72.7082
       72.1581
       71.6301
        71.663
       71.6215
       71.5518
       71.4806
       71.4863
       71.4027
       71.3541
       71.3532
       71.2967
        71.322
       70.6691
         69.93
       69.2215
       68.5041
       67.7407
       66.8665
       65.8271
       64.9223
        63.863
       62.3617
       60.2135
       56.8234
       51.8424
        44.253
       82.7255
       81.9379
       31.2383
       37.8702
       37.8705
       37.8707
       37.8709
        37.871
       37.8711
       37.8712
       37.8713
       37.8713
       37.8714
       37.8715
       37.8716
       37.8717
       37.8718
       37.8719
       37.8721
       37.8722
       37.8723
       37.8725
       37.8726
       37.8728
        37.873
       37.8731
       37.8733
       37.8735
       37.8737
        37.874
       37.8742
       37.8744
       37.8747
       37.8749
       37.8752
       37.8755
       37.8758
        37.876
       37.8763
       37.8766
       37.8769
       37.8771
       37.8773
       37.8775
       37.8777
       37.8778
       37.8778
       37.8778
       37.8776
       37.8772
       37.8767
       37.8759
       37.8748
       37.8733
       37.8712
       37.8684
       37.8648
       37.8599
       37.8535
       37.8448
        37.833
       37.8165
       37.7921
       37.7538
       37.6866
       37.7805
       37.8501
       37.9124
       37.9092
       37.8968
       37.8853
       37.8751
       37.8732
       37.8779
       37.8552
       37.8406
       37.8322
       37.8583
       37.9016
       37.8299
       37.7924
       37.7655
       37.7479
       37.7489
       37.7661
       37.8084
       37.7425
       37.7135
        37.718
       37.5801
       37.4681
       37.3635
       37.3231
       37.2679
       37.2216
       37.2821
       37.3266
       37.3821
       37.4674
       37.5632
       37.6913
       37.8256
       38.0738
       37.8109
       37.4154
       36.9567
       35.8706
       34.9109
       34.0408
       33.1207
       32.0934
       31.7902
       31.7503
       31.5558
        31.192
        31.573
       31.9502
       32.2352
       32.4667
       32.6182
       33.0511
       33.3666
       33.6368
       33.9384
        33.969
        33.826
        32.888
       31.4084
       30.9422
       30.6851
       39.2768
       45.1491
       47.8496
       46.6477
       45.8493
       45.3776
       45.0467
       44.6274
       44.2747
       43.9432
       43.6677
       43.7253
        43.919
       43.9175
       43.7628
       43.6624
       43.6289
       43.3345
       42.9921
       42.6428
       42.7637
       42.7915
       42.7867
       42.7748
       42.8292
       42.8007
       42.8018
       42.8443
       42.8404
       42.9399
       42.4664
        41.954
       41.4852
       41.0214
       40.5376
       39.9849
        39.318
       38.8161
       38.2477
       37.4029
       36.1553
       34.0172
       30.6204
       24.5484
       52.5366
       51.9735
       14.7717
       7.56222
       7.56222
       7.56222
       7.56222
       7.56222
       7.56222
       7.56222
       7.56222
       7.56222
       7.56222
       7.56222
       7.56222
       7.56222
       7.56222
       7.56222
       7.56222
       7.56222
       7.56222
       7.56222
       7.56222
       7.56222
       7.56222
       7.56222
       7.56222
       7.56222
       7.56222
       7.56222
       7.56222
       7.56222
       7.56222
       7.56222
       7.56222
       7.56222
       7.56222
       7.56222
       7.56222
       7.56222
       7.56222
       7.56222
       7.56222
       7.56222
       7.56222
       7.56222
       7.56222
       7.56222
       7.56222
       7.56222
       7.56222
       7.56222
       7.56222
       7.56222
       7.56222
       7.56222
       7.56222
       7.56222
       7.56222
       7.56222
       7.56222
       7.56222
       7.56222
       7.56222
       7.56222
       7.60584
       7.64986
       7.69385
       7.72368
        7.7535
       7.78332
       7.81247
       7.84162
       7.87068
        7.8915
       7.91233
       7.93323
       7.96027
       7.98727
       7.98373
        7.9838
       7.98388
         7.984
       7.98589
       7.98778
       7.98874
        7.9572
       7.92566
       7.89282
       7.81969
       7.74656
       7.67418
       7.61807
       7.56197
       7.51242
        7.4917
       7.47099
       7.45478
       7.44585
       7.43692
         7.428
       7.40605
        7.3807
       7.20345
        6.9534
       6.64931
       6.16469
       5.67439
       5.19471
       4.70855
       4.21975
       3.94598
       3.78434
       3.62487
        3.4654
       3.52904
       3.63078
       3.73252
       3.84093
        3.9598
       4.16913
       4.36824
       4.56735
       4.77862
       4.93127
       5.05095
       5.01746
       4.96413
       5.38215
       6.22622
       9.47524
       11.6424
       12.7905
        12.935
       13.0175
       13.0936
       13.1569
       13.1755
       13.1942
        13.216
         13.26
       13.3913
         13.56
       13.6805
       13.7554
       13.8291
       13.9016
       13.8992
       13.8737
       13.8481
       13.9349
       14.0044
       14.0641
       14.1192
       14.1857
       14.2285
       14.2713
       14.3141
       14.3319
       14.3479
       14.2029
       14.0233
       13.8436
       13.6662
       13.4927
       13.3192
       13.1459
       13.0548
       13.0021
       12.9492
       12.8939
        12.777
       12.6601
       12.5535
            24
            24
       12.5367
