160                           93.448                        
35                            93.448                        
34                            93.547                        
33                            93.935                        
32                            94.384                        
31                            94.829                        
30                            95.254                        
29                            95.665                        
28                            96.05                         
27                            96.402                        
26                            96.727                        
25                            97.024                        
24                            97.29                         
23                            97.527                        
22                            97.758                        
21                            97.969                        
20                            98.152                        
19                            98.31                         
18                            98.446                        
17                            98.563                        
16                            98.649                        
15                            83.923                        
14                            76.338                        
13                            67.904                        
12                            54.279                        
11                            52.291                        
10                            30.227                        
9                             26.381                        
8                             26.358                        
7                             23.179                        
6                             22.589                        
5                             22.044                        
4                             21.512                        
3                             21                            
2                             20.524                        
1                             20.077                        
0                             19.656                        
