33                            
0                             1.4712                        
1                             1.4758                        
2                             1.4804                        
3                             1.485                         
4                             1.4896                        
5                             1.4942                        
6                             1.4988                        
7                             1.5035                        
8                             1.5081                        
9                             1.5127                        
10                            1.5173                        
11                            1.5219                        
12                            1.5265                        
13                            1.5311                        
14                            1.5357                        
15                            1.5403                        
16                            1.5449                        
17                            1.5495                        
18                            1.5541                        
19                            1.5588                        
20                            1.5634                        
21                            1.568                         
22                            1.5396                        
23                            1.5067                        
24                            1.4606                        
25                            1.4531                        
26                            1.3963                        
27                            1.3882                        
28                            1.372                         
29                            1.366                         
30                            1.3791                        
31                            1.3327                        
32                            1.3086                        
33                            1.3485                        
34                            1.2812                        
35                            1.2942                        
36                            1.3309                        
37                            1.3368                        
38                            1.3885                        
39                            1.3996                        
40                            1.408                         
41                            1.321                         
42                            1.3097                        
43                            1.3068                        
44                            1.3136                        
45                            1.3807                        
46                            1.2488                        
47                            1.484                         
48                            1.377                         
49                            1.1907                        
50                            1.257                         
51                            1.3338                        
52                            1.5699                        
53                            1.446                         
54                            1.3442                        
55                            1.4318                        
56                            1.3778                        
57                            1.1761                        
58                            1.3092                        
59                            1.4853                        
60                            1.5047                        
61                            1.3878                        
62                            1.2238                        
63                            1.1046                        
64                            1.0853                        
65                            1.0154                        
66                            1.056                         
67                            1.0634                        
68                            0.99639                       
69                            1.0581                        
70                            1.1894                        
71                            1.2876                        
72                            1.2732                        
73                            1.3581                        
74                            1.3963                        
75                            1.3433                        
76                            1.3663                        
77                            1.2103                        
78                            1.34                          
79                            1.2666                        
80                            1.1845                        
81                            1.2248                        
82                            1.1947                        
83                            1.131                         
84                            1.1265                        
85                            1.1216                        
86                            1.104                         
87                            1.0843                        
88                            1.0783                        
89                            1.0956                        
90                            1.0772                        
91                            1.1003                        
92                            1.1307                        
93                            1.1871                        
94                            1.1789                        
95                            1.1998                        
96                            1.2194                        
97                            1.2448                        
98                            1.2639                        
99                            1.3004                        
100                           1.306                         
101                           1.1971                        
102                           1.0835                        
103                           0.99238                       
104                           0.96349                       
105                           0.94279                       
106                           0.95826                       
107                           0.97014                       
108                           0.87779                       
109                           0.77378                       
110                           0.69166                       
111                           0.71078                       
112                           0.76262                       
113                           0.80249                       
114                           0.79565                       
115                           0.79979                       
116                           0.81654                       
117                           0.80462                       
118                           0.78193                       
119                           0.75923                       
120                           0.75191                       
121                           0.75174                       
122                           0.73348                       
123                           0.7331                        
124                           0.74333                       
125                           0.74458                       
126                           0.72865                       
127                           0.72487                       
128                           0.72656                       
129                           0.72402                       
130                           0.71778                       
131                           0.71477                       
132                           0.71429                       
133                           0.72251                       
134                           0.73447                       
135                           0.72508                       
136                           0.73049                       
137                           0.74359                       
138                           0.76559                       
139                           0.83012                       
140                           0.89464                       
141                           0.92929                       
142                           0.94815                       
143                           0.95198                       
144                           0.94821                       
145                           0.92757                       
146                           0.91615                       
147                           0.92538                       
148                           0.92678                       
149                           0.90694                       
150                           0.88356                       
151                           0.85688                       
152                           0.82469                       
153                           0.81047                       
154                           0.81563                       
155                           0.8315                        
156                           0.84964                       
157                           0.86663                       
158                           0.88197                       
159                           0.93024                       
160                           0.90902                       
161                           0.87349                       
162                           0.86803                       
163                           0.87163                       
164                           0.87981                       
165                           0.88732                       
166                           0.89523                       
167                           0.90445                       
168                           0.90663                       
169                           0.90766                       
170                           0.90817                       
171                           0                             
172                           0                             
173                           0.90833                       
