       869.614
       869.637
       869.674
       869.725
       869.789
       869.866
       869.953
       870.052
       870.163
       870.286
       870.422
       870.573
       870.738
        870.92
        871.12
       871.339
       871.579
       871.841
       872.127
        872.44
        872.78
       873.151
       873.554
       873.992
       874.467
       874.982
       875.539
       876.142
       876.793
       877.496
       878.254
       879.071
        879.95
       880.895
       881.911
           883
       884.169
       885.421
       886.761
       888.195
       889.726
       891.362
       893.107
       894.967
       896.949
       899.058
       901.302
       903.688
       906.223
       908.911
       911.761
       914.776
       917.961
       921.332
       924.885
       928.611
        932.33
       935.958
       939.573
       943.219
       946.918
       950.679
       954.498
       958.358
       962.179
       965.308
       967.809
       969.814
       971.414
       972.673
       973.638
       974.345
       974.815
       975.061
       975.085
       974.882
       974.449
       973.789
       972.908
       971.811
       970.503
       968.988
       967.278
       965.396
       963.385
       961.309
       959.375
        957.57
       955.879
       954.285
        952.77
       951.359
       950.221
       949.311
       948.592
       948.024
        947.57
       947.198
       946.879
       946.587
       946.299
       945.999
       945.711
        945.52
       945.393
       945.305
       945.237
       945.173
         945.1
       945.011
       944.893
       944.734
       944.517
       944.319
       944.182
       944.071
       943.956
       943.811
       943.634
       943.432
       943.221
           943
       942.763
       942.516
       942.261
           942
       941.735
       941.464
       941.184
       940.897
       940.595
        940.27
       939.905
       939.486
           939
       938.435
       937.787
       937.047
       936.208
       935.257
       934.179
       932.967
       931.619
       930.148
       928.614
       927.052
       925.448
       923.791
       922.073
       920.293
       918.449
       916.547
       914.597
       912.606
       910.593
       908.573
       906.568
       904.604
       902.722
       900.944
       899.288
       897.766
       896.384
       895.149
        894.06
       893.118
        892.32
       891.659
        891.13
       890.724
       890.429
       890.233
       890.122
       890.086
       840.685
       840.698
       840.732
       840.783
       840.847
       840.923
       841.011
        841.11
        841.22
       841.343
       841.479
       841.629
       841.794
       841.976
       842.175
       842.394
       842.633
       842.895
       843.181
       843.493
       843.833
       844.204
       844.606
       845.043
       845.518
       846.032
       846.589
       847.191
       847.841
       848.544
       849.301
       850.117
       850.995
        851.94
       852.954
       854.043
       855.211
       856.462
       857.801
       859.234
       860.765
       862.399
       864.143
       866.002
       867.986
       870.122
       872.393
       874.806
       877.368
       880.085
       882.963
       886.007
       889.224
       892.628
       896.215
       899.979
       903.712
       907.367
       911.015
       914.697
       918.436
       922.219
       926.062
       929.993
       933.752
       936.809
        939.28
        941.27
       942.859
       944.137
       945.125
       945.856
       946.284
       946.368
        946.23
       945.903
        945.49
       944.847
       943.981
       942.898
       941.648
       940.191
       938.537
       936.716
       934.673
       932.589
        930.62
       928.791
       927.079
       925.469
       923.934
       922.516
       921.356
       920.426
       919.685
       919.095
       918.621
       918.216
       917.862
       917.534
       917.209
       916.863
       916.552
       916.309
       916.114
       915.958
       915.821
       915.688
       915.547
       915.388
       915.202
         915.1
       914.939
        914.81
       914.738
       914.689
       914.633
       914.548
       914.428
       914.284
       914.131
       913.967
       913.787
       913.613
        913.44
       913.263
       913.082
       912.896
       912.704
       912.464
       912.198
       911.909
       911.581
       911.199
       910.777
       910.294
       909.727
       909.069
       908.296
       907.381
       906.341
       905.166
       903.859
       902.392
       900.747
       899.075
       897.373
       895.618
       893.804
       891.925
       889.987
       888.014
       885.991
       883.929
       881.843
       879.751
       877.674
       875.685
       873.817
       872.054
       870.409
       868.886
       867.504
       866.267
       865.178
       864.236
       863.436
       862.775
       862.247
       861.842
       861.548
       863.194
       863.082
       861.204
       811.571
       811.582
       811.615
       811.665
       811.728
       811.804
       811.891
       811.989
       812.099
       812.221
       812.356
       812.506
        812.67
       812.851
       813.049
       813.267
       813.506
       813.766
       814.051
       814.362
       814.701
       815.069
        815.47
       815.906
       816.379
       816.891
       817.446
       818.046
       818.695
       819.395
        820.15
       820.964
        821.84
       822.782
       823.794
        824.88
       826.045
       827.294
       828.631
        830.06
       831.588
        833.22
       834.961
       836.818
       838.802
       840.963
       843.259
       845.699
       848.288
       851.035
       853.944
       857.021
       860.278
       863.726
       867.357
       871.153
       874.904
        878.59
       882.279
       886.012
       889.811
       893.641
       897.531
       901.518
       905.172
        908.15
       910.571
        912.53
       914.099
        915.39
         916.4
       917.157
       917.545
       917.471
       917.174
       916.723
       916.326
       915.694
       914.833
       913.752
       912.547
       911.132
       909.521
       907.751
       905.674
       903.561
       901.564
       899.715
       897.993
       896.384
       894.863
       893.447
       892.248
       891.293
       890.531
       889.922
       889.427
        888.99
         888.6
       888.234
       887.868
       887.478
       887.141
       886.845
       886.583
       886.357
        886.15
       885.947
       885.735
       885.504
       885.243
       885.194
       885.095
       885.044
       885.046
       885.065
       885.072
       885.045
       884.982
       884.892
       884.793
        884.68
       884.553
       884.446
       884.352
       884.257
       884.161
       884.063
       883.961
       883.775
       883.553
       883.309
       883.028
       882.694
       882.346
       881.956
        881.48
       880.913
       880.215
       879.347
       878.351
        877.22
       875.957
       874.503
       872.752
       870.971
       869.174
       867.324
       865.414
        863.44
       861.408
       859.365
       857.271
       855.138
       852.981
       850.817
       848.669
       846.655
       844.803
       843.056
       841.424
       839.902
       838.521
       837.285
       836.197
       835.255
       834.456
       833.795
       833.269
       832.866
       832.574
       836.075
       835.962
       832.231
       782.308
       782.318
       782.351
       782.399
       782.462
       782.537
       782.623
        782.72
       782.829
        782.95
       783.084
       783.233
       783.396
       783.575
       783.772
       783.988
       784.225
       784.484
       784.767
       785.076
       785.412
       785.779
       786.177
        786.61
        787.08
        787.59
       788.141
       788.739
       789.384
       790.081
       790.832
       791.642
       792.514
       793.452
        794.46
       795.542
       796.703
       797.947
       799.279
       800.704
       802.228
       803.855
       805.591
       807.443
       809.426
       811.611
       813.932
       816.398
       819.016
       821.793
       824.736
       827.852
       831.157
       834.658
       838.351
       842.187
       845.938
       849.656
       853.394
        857.19
       861.066
       864.963
       868.922
       872.963
       876.454
       879.332
       881.689
       883.607
       885.148
        886.45
       887.479
       888.261
       888.611
       888.379
       887.923
       887.347
       886.964
       886.337
       885.474
       884.385
       883.214
       881.831
       880.253
       878.528
       876.411
       874.265
       872.239
       870.371
       868.645
       867.042
       865.538
       864.111
       862.892
       861.915
       861.135
       860.506
        859.99
       859.519
       859.091
       858.685
       858.278
       857.847
       857.476
       857.125
       856.792
       856.495
       856.216
        855.94
       855.655
       855.347
       855.003
       854.988
       854.953
       855.017
       855.108
       855.202
       855.275
       855.308
       855.301
       855.266
       855.217
       855.153
       855.072
       855.031
       855.014
           855
        854.99
       854.982
       854.977
       854.848
       854.676
       854.485
       854.258
       853.979
       853.716
       853.426
        853.05
       852.583
       851.968
       851.153
        850.21
        849.13
       847.918
       846.486
       844.629
       842.742
       840.851
       838.908
       836.904
       834.836
       832.713
         830.6
       828.438
       826.234
       824.006
       821.772
       819.553
       817.516
       815.682
       813.953
       812.335
       810.816
       809.437
       808.204
       807.117
       806.177
        805.38
       804.721
       804.198
       803.798
       803.507
       808.875
       808.763
       803.166
       752.923
       752.933
       752.965
       753.013
       753.075
       753.148
       753.233
       753.329
       753.437
       753.557
       753.689
       753.836
       753.997
       754.175
        754.37
       754.584
       754.818
       755.074
       755.355
        755.66
       755.994
       756.357
       756.752
       757.182
       757.648
       758.153
       758.701
       759.293
       759.934
       760.626
       761.372
       762.177
       763.043
       763.975
       764.978
       766.054
       767.208
       768.446
       769.772
       771.191
       772.708
       774.329
       776.059
       777.904
       779.884
       782.093
       784.438
        786.93
       789.577
       792.386
       795.365
       798.522
       801.879
       805.435
       809.188
       813.042
       816.819
       820.579
       824.376
       828.246
       832.211
       836.197
       840.272
        844.24
       847.576
       850.349
       852.637
       854.508
       856.018
       857.326
       858.374
       859.181
       859.492
       859.102
       858.485
       857.781
        857.41
       856.783
       855.912
       854.807
       853.663
       852.304
       850.755
        849.07
       846.911
       844.733
        842.67
       840.783
        839.05
       837.453
       835.959
       834.531
       833.296
       832.302
       831.501
       830.852
       830.314
       829.806
       829.337
       828.887
       828.435
       827.963
       827.557
       827.148
       826.742
       826.372
       826.018
       825.667
       825.307
        824.92
       824.488
       824.504
       824.583
       824.753
       824.935
       825.108
        825.25
       825.345
       825.396
       825.413
       825.413
       825.395
       825.361
       825.383
       825.443
       825.511
       825.588
       825.673
       825.766
         825.7
       825.582
       825.448
       825.282
       825.065
       824.892
       824.711
       824.442
       824.082
       823.557
       822.802
       821.918
       820.897
       819.743
       818.342
       816.378
       814.386
       812.403
       810.369
       808.274
       806.114
         803.9
       801.722
       799.491
       797.219
       794.921
       792.618
        790.33
       788.271
       786.456
       784.747
       783.145
       781.629
       780.254
       779.024
       777.941
       777.003
       776.208
       775.552
       775.033
       774.636
       774.348
       781.594
       781.482
       774.009
       723.441
       723.451
       723.482
       723.529
        723.59
       723.662
       723.746
        723.84
       723.946
       724.064
       724.195
       724.339
       724.498
       724.673
       724.866
       725.077
       725.308
       725.561
       725.838
        726.14
        726.47
       726.829
       727.219
       727.644
       728.105
       728.605
       729.147
       729.734
       730.369
       731.054
       731.794
       732.592
       733.451
       734.376
       735.371
       736.439
       737.586
       738.816
       740.133
       741.544
       743.053
       744.665
       746.387
       748.224
         750.2
        752.43
       754.799
       757.317
       759.993
       762.834
       765.849
       769.052
       772.461
       776.072
       779.881
       783.752
       787.563
       791.373
       795.237
       799.187
       803.247
       807.312
       811.454
       815.304
       818.519
       821.198
       823.417
       825.239
       826.714
       828.028
       829.093
       829.926
       830.197
       829.646
       828.865
        828.03
       827.669
       827.039
       826.155
       825.029
       823.906
       822.567
       821.044
       819.393
       817.187
       814.977
       812.876
       810.966
       809.227
       807.635
       806.151
       804.735
       803.477
       802.462
        801.64
       800.968
       800.405
       799.857
       799.344
       798.845
       798.337
       797.818
       797.387
       796.921
        796.44
       795.992
       795.562
       795.134
       794.697
        794.23
       793.711
       793.775
       793.984
       794.263
        794.54
       794.794
       795.009
       795.168
       795.277
       795.347
       795.393
       795.421
       795.432
       795.517
       795.653
       795.803
       795.968
       796.148
       796.344
       796.342
       796.281
       796.209
       796.108
       795.958
       795.881
       795.814
       795.659
       795.412
       794.983
       794.295
       793.477
       792.521
       791.429
       790.065
           788
       785.903
        783.83
       781.707
       779.523
       777.272
       774.971
       772.728
       770.431
       768.092
       765.727
       763.357
       761.001
       758.922
       757.128
        755.44
       753.855
       752.345
       750.975
       749.749
       748.669
       747.735
       746.943
        746.29
       745.775
       745.382
       745.096
       754.232
        754.12
       744.759
       693.883
       693.894
       693.924
        693.97
       694.029
         694.1
       694.182
       694.275
       694.379
       694.494
       694.623
       694.764
       694.921
       695.093
       695.282
        695.49
       695.717
       695.966
       696.239
       696.536
       696.861
       697.215
         697.6
       698.019
       698.474
       698.968
       699.503
       700.083
        700.71
       701.388
       702.119
       702.909
       703.759
       704.675
        705.66
       706.719
       707.856
       709.075
       710.383
       711.783
       713.282
       714.884
       716.595
       718.423
       720.392
       722.643
       725.034
       727.577
       730.281
       733.155
       736.207
       739.458
       742.918
       746.581
       750.444
       754.334
       758.182
       762.048
       765.983
        770.02
       774.181
       778.332
       782.526
       786.203
       789.294
        791.88
        794.03
       795.803
       797.244
       798.562
       799.643
         800.5
       800.731
       800.016
       799.069
       798.099
       797.745
       797.109
       796.208
       795.056
       793.951
       792.628
       791.128
       789.508
       787.253
       785.002
       782.868
       780.935
       779.187
       777.599
       776.125
       774.723
       773.442
       772.404
       771.559
       770.863
       770.273
       769.682
       769.121
       768.572
       768.008
       767.449
       766.981
       766.453
       765.894
       765.368
       764.859
       764.353
       763.838
       763.286
       762.667
       762.833
       763.173
       763.564
       763.936
       764.275
       764.563
       764.788
       764.957
       765.077
       765.169
       765.242
       765.297
       765.444
       765.657
        765.89
       766.143
       766.419
       766.719
       766.783
       766.782
       766.776
       766.744
       766.665
       766.688
       766.741
       766.705
       766.577
       766.248
       765.632
       764.884
       763.997
       762.973
       761.648
       759.488
       757.291
       755.132
       752.922
       750.651
       748.312
       745.926
        743.62
       741.259
       738.856
       736.426
        733.99
       731.569
       729.471
       727.701
       726.036
        724.47
       722.966
       721.601
       720.381
       719.305
       718.374
       717.586
       716.935
       716.424
       716.033
       715.749
       726.787
       726.675
       715.414
       664.271
       664.281
        664.31
       664.355
       664.413
       664.482
       664.562
       664.652
       664.754
       664.867
       664.993
       665.131
       665.284
       665.453
       665.638
       665.842
       666.065
        666.31
       666.577
       666.869
       667.188
       667.536
       667.915
       668.327
       668.775
       669.261
       669.788
       670.359
       670.977
       671.646
       672.367
       673.146
       673.986
       674.891
       675.865
       676.912
       678.037
       679.244
       680.539
       681.927
       683.413
       685.002
       686.702
       688.517
       690.478
       692.747
       695.159
       697.725
       700.456
       703.362
       706.453
       709.752
       713.262
       716.977
       720.887
       724.799
       728.683
       732.608
       736.619
       740.749
       745.022
         749.3
       753.417
       756.928
       759.899
       762.395
        764.48
       766.203
       767.609
       768.931
       770.028
       770.909
       771.097
       770.215
       769.098
        767.99
       767.641
       766.996
       766.075
       764.893
       763.803
       762.493
       761.013
       759.424
       757.117
       754.829
       752.667
       750.702
       748.942
       747.355
       745.889
        744.49
       743.198
       742.139
       741.269
       740.545
       739.925
        739.29
        738.68
       738.078
       737.463
        736.86
       736.351
       735.758
       735.119
       734.513
       733.924
       733.341
       732.747
       732.112
       731.413
       731.705
       732.167
       732.669
       733.139
       733.563
       733.926
       734.218
       734.445
       734.616
       734.753
        734.87
       734.968
       735.178
       735.467
       735.782
       736.125
       736.497
       736.902
       737.034
       737.095
       737.157
       737.197
       737.192
       737.319
       737.495
       737.583
       737.577
       737.355
       736.813
        736.14
       735.327
       734.376
       733.094
       730.848
       728.551
       726.306
       724.013
       721.657
       719.233
       716.764
       714.399
       711.977
       709.512
       707.019
        704.52
       702.036
       699.922
       698.178
       696.538
       694.992
       693.496
       692.137
       690.922
       689.851
       688.923
       688.137
       687.488
        686.98
       686.592
       686.308
       699.259
       699.147
       685.974
       634.622
       634.632
        634.66
       634.704
        634.76
       634.827
       634.905
       634.993
       635.092
       635.202
       635.324
        635.46
       635.609
       635.773
       635.954
       636.153
       636.371
        636.61
       636.872
       637.158
        637.47
       637.811
       638.182
       638.587
       639.026
       639.503
       640.021
       640.582
       641.189
       641.847
       642.557
       643.324
       644.151
       645.043
       646.003
       647.036
       648.147
        649.34
        650.62
       651.993
       653.463
       655.038
       656.722
       658.522
       660.472
       662.758
       665.187
       667.775
        670.53
       673.466
       676.595
       679.941
       683.503
       687.279
       691.213
       695.143
       699.069
       703.054
       707.143
       711.366
       715.741
       720.093
       724.086
       727.469
       730.331
       732.744
       734.765
       736.441
       737.811
       739.137
       740.248
       741.153
       741.297
       740.244
       738.954
       737.705
       737.358
       736.702
       735.757
       734.542
       733.464
       732.167
       730.707
       729.147
        726.79
       724.474
       722.272
       720.272
       718.499
       716.914
       715.456
       714.065
       712.764
       711.678
       710.779
       710.025
       709.373
        708.69
       708.028
       707.373
         706.7
       706.057
       705.507
       704.849
        704.13
       703.444
       702.776
       702.115
        701.44
       700.709
       699.938
       700.389
       700.978
       701.593
       702.162
       702.672
       703.111
       703.472
       703.755
       703.975
       704.157
       704.316
       704.458
       704.729
       705.094
       705.492
       705.923
       706.392
       706.901
       707.102
       707.226
       707.357
       707.471
       707.542
       707.776
       708.079
       708.294
       708.415
       708.302
       707.839
       707.244
        706.51
       705.638
       704.409
       702.081
       699.682
       697.353
       694.978
       692.541
       690.035
       687.486
       685.065
       682.586
       680.062
       677.509
       674.948
       672.405
       670.279
       668.562
       666.949
       665.425
       663.937
       662.586
       661.376
       660.308
       659.383
       658.598
        657.95
       657.444
       657.055
       656.771
       671.646
       671.534
       656.435
       604.956
       604.965
       604.993
       605.035
       605.089
       605.154
       605.229
       605.315
       605.411
       605.517
       605.636
       605.767
       605.912
       606.072
       606.248
       606.442
       606.654
       606.887
       607.142
       607.421
       607.726
       608.058
       608.421
       608.816
       609.246
       609.712
       610.219
       610.769
       611.364
       612.009
       612.706
       613.458
       614.271
       615.148
       616.092
       617.109
       618.203
       619.378
       620.641
       621.995
       623.448
       625.004
        626.67
       628.452
       630.389
       632.687
       635.131
       637.736
       640.514
       643.476
       646.643
       650.031
       653.636
        657.46
       661.414
       665.366
       669.336
       673.386
       677.556
       681.874
       686.355
       690.767
       694.582
       697.832
       700.592
       702.926
       704.886
       706.515
       707.849
       709.179
       710.305
       711.231
        711.33
       710.103
       708.635
        707.24
       706.895
       706.224
       705.253
       704.002
       702.934
        701.65
       700.208
       698.677
       696.265
       693.906
        691.67
       689.644
       687.861
       686.282
       684.838
        683.47
       682.169
       681.033
       680.097
        679.31
       678.624
       677.892
       677.178
       676.467
       675.734
       675.053
       674.463
       673.741
       672.942
       672.177
       671.433
       670.698
       669.943
       669.119
       668.339
       668.921
       669.622
       670.352
        671.02
       671.615
        672.13
       672.555
       672.894
       673.164
       673.392
       673.593
       673.776
       674.109
       674.549
       675.027
       675.548
       676.112
       676.726
       676.995
       677.182
       677.383
       677.571
       677.719
       678.062
       678.494
       678.838
       679.089
       679.089
       678.709
       678.196
       677.545
       676.756
        675.58
       673.168
       670.679
        668.27
       665.817
       663.301
       660.718
       658.093
       655.619
       653.086
       650.507
       647.898
       645.281
        642.68
       640.544
       638.858
       637.274
       635.774
       634.295
       632.951
       631.745
       630.681
       629.757
       628.971
       628.322
       627.814
       627.423
       627.137
       643.948
       643.834
       626.795
        575.29
       575.299
       575.325
       575.366
       575.418
        575.48
       575.553
       575.635
       575.727
       575.831
       575.945
       576.072
       576.212
       576.367
       576.537
       576.725
       576.931
       577.157
       577.404
       577.675
       577.971
       578.295
       578.648
       579.032
       579.451
       579.906
         580.4
       580.937
       581.518
       582.148
        582.83
       583.567
       584.362
       585.221
       586.147
       587.145
       588.219
       589.375
       590.616
        591.95
       593.381
       594.915
       596.559
        598.32
       600.239
       602.545
       605.001
        607.62
       610.415
         613.4
         616.6
       620.023
       623.665
       627.525
       631.491
       635.468
       639.483
       643.596
        647.85
       652.275
       656.902
       661.245
       664.891
       668.015
       670.678
       672.936
       674.837
       676.421
        677.72
       679.054
       680.193
       681.141
       681.191
       679.786
       678.136
       676.593
       676.246
       675.559
        674.56
       673.271
       672.214
       670.941
       669.516
       668.012
       665.543
        663.14
       660.872
       658.823
       657.033
        655.46
       654.031
       652.683
       651.364
       650.197
       649.229
       648.409
       647.688
       646.907
       646.139
       645.373
       644.588
       643.865
       643.236
       642.449
       641.572
       640.731
       639.916
       639.109
       638.281
        637.39
       636.605
       637.313
       638.123
       638.965
       639.729
       640.408
       640.995
       641.482
       641.877
       642.196
       642.468
       642.709
       642.934
       643.326
        643.84
       644.399
       645.006
       645.664
       646.382
       646.718
       646.969
       647.239
       647.501
       647.727
        648.18
       648.742
       649.218
       649.601
       649.716
       649.421
       648.993
       648.428
       647.723
       646.602
       644.115
        641.54
       639.055
       636.527
       633.938
        631.28
       628.584
       626.062
        623.48
       620.851
        618.19
       615.519
       612.866
       610.722
        609.07
       607.517
       606.042
       604.573
       603.236
       602.035
       600.971
       600.046
       599.257
       598.603
       598.091
       597.695
       597.402
       616.161
       616.045
       597.052
       545.641
        545.65
       545.675
       545.714
       545.763
       545.823
       545.892
       545.971
        546.06
       546.159
       546.269
       546.391
       546.526
       546.675
       546.839
        547.02
       547.218
       547.437
       547.676
       547.938
       548.225
       548.538
        548.88
       549.253
       549.659
       550.101
       550.581
       551.103
       551.669
       552.282
       552.946
       553.664
       554.441
       555.279
       556.185
        557.16
       558.212
       559.344
       560.561
        561.87
       563.275
       564.784
       566.402
       568.137
       570.033
       572.344
       574.806
       577.433
       580.241
       583.245
       586.473
       589.922
       593.594
       597.477
       601.447
       605.443
       609.499
       613.673
       618.006
       622.526
       627.249
       631.479
       634.993
       638.007
       640.581
       642.769
       644.614
       646.154
       647.418
       648.754
       649.907
       650.875
       650.875
       649.288
       647.452
       645.756
       645.406
       644.701
        643.67
       642.344
       641.296
       640.035
       638.627
       637.151
       634.625
       632.179
       629.888
       627.812
       626.014
       624.447
       623.029
       621.691
       620.367
       619.178
        618.18
       617.328
       616.574
       615.743
       614.921
         614.1
       613.263
       612.505
       611.838
        610.99
       610.039
       609.127
       608.242
       607.364
       606.456
       605.519
       604.746
       605.583
       606.505
        607.45
       608.305
       609.063
        609.72
       610.268
       610.715
       611.081
       611.394
       611.675
       611.939
        612.39
       612.975
       613.611
       614.303
       615.055
       615.875
       616.277
       616.589
       616.928
       617.264
       617.566
        618.13
       618.824
       619.433
        619.95
       620.184
       619.975
       619.635
       619.157
        618.54
       617.477
       614.916
       612.262
       609.706
       607.108
       604.449
       601.722
       598.959
       596.395
       593.769
       591.094
       588.386
       585.667
       582.965
       580.818
       579.203
       577.684
       576.235
       574.777
       573.446
       572.248
       571.184
       570.254
       569.458
       568.796
       568.274
       567.868
       567.565
       588.285
       588.165
         567.2
       516.026
       516.034
       516.058
       516.095
       516.142
       516.199
       516.265
        516.34
       516.424
       516.519
       516.624
        516.74
       516.869
       517.012
       517.169
       517.343
       517.534
       517.743
       517.973
       518.226
       518.502
       518.804
       519.134
       519.493
       519.886
       520.313
       520.778
       521.282
        521.83
       522.425
       523.069
       523.767
       524.521
       525.337
       526.218
       527.169
       528.194
       529.298
       530.488
       531.768
       533.144
       534.622
       536.209
       537.913
       539.781
       542.091
       544.553
       547.184
       549.997
       553.015
       556.261
        559.73
       563.426
       567.308
       571.272
       575.283
       579.373
       583.601
       588.011
       592.626
       597.437
       601.504
       604.888
         607.8
       610.292
       612.414
       614.206
       615.702
       616.931
       618.271
       619.436
       620.424
       620.371
       618.597
        616.57
       614.717
       614.362
       613.637
       612.576
       611.211
       610.174
       608.925
       607.535
       606.089
       603.506
       601.018
       598.707
       596.606
       594.802
       593.243
       591.839
       590.512
       589.192
       587.984
       586.959
       586.077
        585.29
       584.411
       583.535
       582.653
       581.777
       580.989
       580.289
       579.383
       578.362
       577.383
       576.431
       575.481
       574.494
       573.558
       572.785
       573.745
       574.776
       575.818
        576.76
       577.596
       578.318
       578.924
        579.42
       579.831
       580.182
       580.499
       580.798
       581.304
       581.958
        582.67
       583.445
       584.288
       585.209
       585.677
       586.048
       586.454
       586.861
       587.239
       587.912
       588.739
       589.482
       590.136
       590.488
       590.368
       590.117
        589.73
       589.206
       588.205
        585.58
       582.846
       580.222
       577.558
       574.834
       572.042
       569.219
       566.617
       563.953
       561.239
        558.49
       555.729
       552.983
       550.838
       549.263
       547.781
       546.359
       544.912
       543.588
        542.39
       541.322
       540.384
       539.577
       538.899
       538.363
        537.94
       537.622
       560.314
       560.189
       537.234
       486.461
       486.469
       486.491
       486.526
        486.57
       486.624
       486.686
       486.757
       486.837
       486.926
       487.026
       487.137
       487.259
       487.395
       487.545
        487.71
       487.892
       488.093
       488.313
       488.554
       488.819
       489.108
       489.424
        489.77
       490.147
       490.558
       491.005
       491.491
        492.02
       492.593
       493.215
       493.889
       494.619
       495.409
       496.262
       497.184
       498.179
       499.253
        500.41
       501.656
       502.997
        504.44
       505.991
       507.658
       509.493
       511.795
        514.25
       516.876
       519.688
       522.714
       525.967
       529.441
       533.139
       537.005
        540.96
       544.976
       549.089
       553.361
       557.843
       562.585
       567.366
       571.289
       574.558
       577.378
       579.796
       581.856
       583.597
       585.051
       586.246
       587.589
       588.766
       589.772
       589.665
       587.698
       585.475
       583.462
       583.101
       582.355
       581.261
       579.857
       578.831
       577.597
       576.227
       574.812
       572.174
       569.648
       567.315
       565.202
       563.395
       561.848
       560.462
       559.155
       557.853
       556.624
       555.573
       554.664
       553.847
       552.923
       551.999
       551.069
       550.155
       549.336
       548.606
       547.649
       546.564
       545.523
       544.506
       543.475
       542.425
       541.513
       540.736
       541.813
       542.943
       544.081
       545.108
       546.017
       546.804
       547.463
       548.006
       548.456
       548.842
       549.192
       549.521
       550.077
       550.797
       551.581
       552.436
       553.369
        554.39
        554.92
       555.349
       555.818
       556.295
       556.747
       557.529
       558.487
       559.365
       560.154
       560.626
       560.596
       560.437
       560.144
       559.717
       558.782
       556.093
       553.286
       550.599
       547.874
       545.091
        542.24
       539.361
        536.73
       534.035
       531.288
       528.505
       525.708
       522.925
       520.787
       519.257
       517.814
       516.423
       514.987
       513.668
       512.469
       511.393
       510.442
       509.615
       508.916
       508.356
       507.909
       507.568
       532.245
       532.112
       507.146
       456.962
       456.969
        456.99
       457.022
       457.064
       457.114
       457.172
       457.238
       457.313
       457.397
       457.491
       457.595
       457.711
       457.839
       457.981
       458.138
        458.31
         458.5
       458.709
       458.939
       459.191
       459.466
       459.768
       460.098
       460.458
       460.851
       461.279
       461.744
       462.251
       462.801
       463.398
       464.046
       464.748
       465.508
       466.331
        467.22
       468.181
       469.219
       470.339
       471.546
       472.847
       474.249
       475.758
       477.381
       479.175
       481.462
       483.903
       486.516
        489.32
       492.344
       495.591
       499.058
       502.741
       506.578
       510.509
       514.514
        518.63
       522.919
       527.432
       532.209
       536.955
       540.795
       543.975
       546.718
       549.071
       551.075
       552.767
       554.181
       555.341
       556.687
       557.876
       558.901
       558.736
       556.572
       554.148
       551.969
       551.603
       550.836
        549.71
       548.265
       547.255
       546.038
       544.691
       543.312
       540.623
       538.062
       535.715
       533.598
        531.79
       530.259
       528.897
       527.617
       526.342
       525.101
       524.029
       523.095
       522.253
       521.289
       520.322
       519.348
       518.406
       517.562
       516.809
       515.809
       514.669
       513.574
       512.496
       511.392
       510.338
       509.423
       508.627
       509.806
       511.021
       512.247
        513.36
       514.342
       515.188
       515.898
       516.483
        516.97
       517.386
       517.762
       518.118
        518.72
         519.5
       520.353
       521.284
       522.303
        523.42
       524.009
       524.491
       525.022
       525.566
       526.089
       526.978
       528.066
       529.077
       530.002
       530.594
       530.655
       530.588
       530.392
       530.064
       529.199
       526.449
        523.58
       520.837
       518.054
       515.217
       512.314
       509.387
       506.734
       504.016
       501.246
       498.437
       495.611
       492.797
       490.672
       489.192
       487.793
       486.434
       485.011
       483.695
       482.492
       481.403
       480.432
       479.579
       478.847
       478.253
       477.771
       477.397
       504.073
       503.928
       476.926
       427.544
       427.551
        427.57
         427.6
       427.638
       427.684
       427.738
         427.8
       427.869
       427.947
       428.035
       428.132
        428.24
       428.361
       428.494
       428.641
       428.803
       428.982
       429.179
       429.396
       429.633
       429.894
        430.18
       430.492
       430.834
       431.207
       431.614
       432.057
       432.539
       433.063
       433.633
       434.252
       434.923
        435.65
       436.438
        437.29
       438.213
        439.21
       440.287
        441.45
       442.705
       444.059
       445.518
        447.09
       448.834
       451.098
       453.516
       456.107
       458.896
       461.907
       465.136
       468.583
       472.233
       476.027
       479.913
       483.887
       487.983
       492.261
       496.775
       501.538
       506.219
       510.001
       513.115
       515.796
       518.091
       520.042
       521.689
       523.063
       524.188
       525.537
        526.74
       527.784
       527.561
       525.194
       522.564
       520.216
       519.844
       519.056
       517.899
       516.418
       515.427
        514.23
        512.91
       511.573
       508.836
       506.247
       503.898
       501.783
       499.978
       498.469
       497.139
       495.892
       494.644
       493.412
       492.331
        491.38
       490.518
        489.52
       488.517
       487.507
       486.547
       485.686
       484.921
       483.887
         482.7
       481.555
       480.422
       479.267
       478.225
       477.302
       476.475
        477.74
       479.017
       480.318
       481.528
       482.583
       483.486
       484.242
       484.864
       485.382
       485.824
       486.222
       486.597
        487.24
       488.076
       488.992
       489.995
       491.094
       492.303
       492.946
       493.478
       494.066
       494.673
       495.265
       496.257
       497.473
       498.615
       499.675
       500.387
       500.539
       500.567
       500.469
       500.243
       499.453
       496.645
       493.719
       490.926
       488.093
       485.209
       482.262
       479.297
       476.631
         473.9
       471.115
       468.289
       465.444
       462.607
       460.502
       459.078
       457.727
       456.403
       454.993
       453.681
       452.469
       451.363
       450.363
       449.472
       448.696
       448.054
       447.522
       447.101
        475.79
       475.629
       446.559
       398.223
       398.229
       398.246
       398.273
       398.308
        398.35
         398.4
       398.456
        398.52
       398.592
       398.672
       398.762
       398.862
       398.974
       399.097
       399.234
       399.385
       399.552
       399.736
       399.939
       400.162
       400.406
       400.675
       400.969
        401.29
       401.641
       402.025
       402.443
       402.899
       403.395
       403.934
       404.521
       405.157
       405.848
       406.597
       407.408
       408.287
       409.238
       410.267
       411.379
       412.581
       413.879
       415.281
       416.793
       418.479
        420.71
       423.095
       425.654
       428.418
       431.401
         434.6
       438.014
        441.61
        445.34
       449.169
       453.092
        457.14
       461.375
       465.842
        470.49
       475.096
       478.874
       481.946
       484.578
       486.821
       488.723
       490.324
       491.658
       492.749
       494.105
       495.322
       496.387
       496.105
        493.53
       490.689
       488.168
       487.793
       486.987
       485.801
       484.285
       483.318
       482.147
       480.861
       479.572
       476.794
       474.182
       471.834
       469.734
       467.949
       466.472
       465.184
        463.98
        462.77
       461.561
       460.484
       459.524
       458.651
       457.627
       456.598
       455.567
       454.596
        453.73
       452.964
       451.907
       450.679
       449.485
       448.285
       447.134
       446.106
        445.17
       444.303
        445.64
       446.975
       448.356
       449.642
       450.759
       451.712
       452.507
       453.161
       453.704
       454.167
       454.578
       454.968
       455.645
       456.532
       457.505
       458.574
       459.749
       461.045
       461.735
       462.311
       462.952
       463.618
       464.273
       465.365
       466.705
       467.975
       469.169
       470.001
       470.243
       470.366
       470.368
       470.249
       469.539
       466.677
       463.702
       460.865
       457.988
       455.065
       452.084
        449.09
       446.423
        443.69
       440.901
       438.069
       435.215
       432.365
       430.288
       428.927
       427.629
       426.343
       424.948
       423.637
       422.414
       421.282
       420.244
       419.303
       418.467
       417.759
       417.158
       416.672
       447.386
       447.203
       416.029
       369.015
        369.02
       369.035
       369.059
        369.09
       369.128
       369.172
       369.223
       369.281
       369.346
       369.419
       369.501
       369.593
       369.695
       369.808
       369.934
       370.073
       370.227
       370.397
       370.585
       370.791
       371.019
       371.268
       371.542
       371.841
       372.169
       372.528
       372.919
       373.346
       373.811
       374.317
       374.868
       375.466
       376.116
       376.822
       377.588
       378.418
       379.317
       380.291
       381.345
       382.487
       383.721
       385.056
       386.499
       388.117
       390.302
       392.642
       395.162
       397.886
       400.825
       403.979
       407.335
       410.862
       414.518
       418.275
       422.127
       426.103
       430.266
       434.593
       439.031
       443.596
       447.391
       450.434
       453.022
       455.215
       457.068
       458.624
       459.918
       460.975
        462.34
       463.578
       464.669
       464.329
       461.543
       458.486
        455.79
       455.415
       454.594
       453.383
       451.838
       450.901
       449.763
       448.519
       447.288
       444.475
       441.849
        439.51
        437.44
       435.688
       434.258
       433.026
       431.878
       430.721
       429.554
       428.495
        427.54
       426.664
       425.624
       424.577
       423.535
       422.571
       421.715
       420.961
       419.891
       418.631
       417.393
        416.16
        415.04
       414.015
       413.056
       412.141
       413.539
        414.93
       416.368
       417.715
       418.883
       419.878
       420.706
       421.385
       421.946
        422.42
       422.841
       423.239
       423.945
       424.875
       425.899
       427.028
       428.273
       429.647
        430.38
       430.993
        431.68
       432.399
       433.112
       434.299
       435.759
       437.154
       438.478
       439.426
       439.758
       439.975
        440.08
       440.071
       439.445
       436.538
       433.516
       430.642
       427.731
        424.78
       421.776
       418.766
        416.11
       413.388
       410.608
       407.783
       404.932
        402.08
       400.042
       398.752
       397.512
       396.269
        394.89
       393.581
       392.343
       391.178
       390.091
       389.084
       388.167
       387.369
       386.674
       386.096
       418.848
       418.637
       385.309
       339.935
       339.939
       339.952
       339.973
           340
       340.033
       340.072
       340.117
       340.168
       340.226
       340.291
       340.365
       340.447
       340.539
       340.641
       340.755
       340.882
       341.022
       341.177
       341.349
       341.538
       341.746
       341.976
       342.227
       342.504
       342.806
       343.138
         343.5
       343.896
       344.327
       344.797
       345.309
       345.865
       346.471
       347.129
       347.844
        348.62
       349.462
       350.373
       351.363
       352.435
       353.596
       354.856
        356.22
       357.761
       359.893
       362.177
       364.642
       367.311
       370.186
        373.27
       376.552
       379.998
       383.568
       387.234
       390.993
       394.871
       398.903
       403.046
       407.303
       411.737
       415.525
       418.533
       421.072
       423.211
       425.011
       426.519
       427.774
       428.801
       430.183
       431.448
       432.574
       432.181
       429.181
       425.907
       423.037
       422.669
        421.84
       420.611
       419.044
       418.148
       417.054
       415.862
         414.7
       411.862
       409.231
       406.913
       404.886
       403.188
       401.821
        400.66
       399.586
       398.499
        397.39
        396.37
       395.435
        394.57
       393.525
       392.468
       391.437
       390.497
       389.666
       388.936
       387.866
       386.587
       385.321
       384.112
        383.01
       381.979
       380.986
        380.01
       381.456
       382.885
       384.349
       385.753
       386.967
       387.996
       388.851
       389.548
       390.117
       390.595
       391.019
       391.419
       392.147
       393.114
       394.182
       395.364
        396.67
       398.117
       398.884
       399.528
       400.253
       401.018
       401.781
       403.056
        404.63
       406.144
       407.594
       408.656
       409.074
       409.386
       409.593
       409.696
       409.159
       406.206
       403.144
       400.249
       397.317
        394.35
       391.335
       388.323
       385.693
       382.998
       380.243
       377.439
       374.605
       371.765
       369.777
       368.567
       367.394
         366.2
        364.84
       363.532
       362.275
        361.07
        359.92
        358.83
       357.809
       356.892
       356.068
       355.362
       390.159
        389.91
       354.369
       311.001
       311.004
       311.015
       311.032
       311.055
       311.083
       311.116
       311.155
       311.199
       311.249
       311.306
        311.37
       311.443
       311.524
       311.615
       311.716
       311.829
       311.955
       312.094
       312.248
       312.418
       312.607
       312.814
       313.043
       313.294
        313.57
       313.872
       314.203
       314.565
        314.96
       315.391
       315.861
       316.371
       316.928
       317.534
       318.194
       318.912
       319.689
       320.529
       321.446
       322.443
       323.525
       324.702
       325.982
       327.438
       329.503
       331.722
        334.12
       336.714
       339.511
       342.511
       345.695
       349.038
       352.501
       356.055
       359.695
       363.434
        367.28
       371.215
       375.259
       379.491
       383.208
       386.173
       388.654
       390.727
       392.464
       393.922
        395.14
       396.142
       397.551
       398.858
       400.035
         399.6
       396.388
       392.898
       389.854
       389.505
       388.679
       387.443
       385.864
       385.021
       383.985
       382.861
       381.785
       378.937
       376.312
        374.03
       372.064
       370.442
       369.154
       368.082
       367.102
       366.104
       365.078
       364.119
       363.226
        362.39
       361.358
       360.314
       359.309
       358.402
       357.607
       356.914
       355.857
       354.568
       353.305
       352.146
       351.062
       350.023
       348.987
       347.939
        349.42
       350.863
       352.327
       353.768
       355.019
       356.075
       356.948
       357.653
       358.225
       358.701
       359.121
       359.518
       360.261
       361.257
       362.362
       363.588
       364.948
       366.459
       367.252
       367.918
       368.673
       369.474
       370.279
       371.634
       373.314
       374.941
       376.511
       377.681
       378.182
       378.586
       378.896
       379.114
       378.669
       375.675
       372.583
        369.68
       366.739
       363.769
        360.76
       357.763
       355.177
       352.526
       349.814
       347.048
       344.247
       341.433
       339.509
        338.39
       337.294
       336.155
        334.82
       333.514
       332.236
       330.984
       329.758
       328.563
       327.409
       326.336
       325.339
       324.455
       361.295
       360.999
       323.167
       282.233
       282.235
       282.243
       282.256
       282.274
       282.297
       282.324
       282.355
       282.392
       282.434
       282.482
       282.537
       282.599
       282.668
       282.747
       282.835
       282.933
       283.043
       283.166
       283.301
       283.452
       283.618
       283.803
       284.007
       284.231
       284.478
       284.748
       285.046
       285.373
        285.73
       286.119
       286.544
       287.004
       287.506
       288.056
       288.656
       289.312
       290.022
       290.795
       291.641
       292.561
       293.562
       294.651
       295.835
       297.193
       299.182
       301.317
       303.625
       306.123
       308.822
       311.711
       314.779
       318.002
       321.339
       324.752
       328.239
       331.802
       335.433
       339.119
       342.892
        346.82
       350.282
       353.258
       355.665
        357.65
       359.308
        360.71
       361.898
       362.885
        364.34
       365.713
       366.968
        366.51
       363.092
       359.392
       356.185
       355.872
       355.064
       353.835
       352.259
       351.487
       350.527
       349.489
       348.518
       345.679
       343.078
        340.85
       338.962
       337.436
       336.254
       335.293
       334.427
        333.54
       332.625
       331.753
       330.929
       330.144
       329.146
       328.135
       327.175
       326.313
       325.567
       324.924
       323.896
        322.62
       321.417
         320.3
       319.233
       318.176
       317.091
       315.958
       317.451
       318.886
       320.321
       321.756
       323.048
       324.123
       325.003
       325.709
       326.277
       326.746
       327.156
       327.544
       328.296
       329.315
       330.448
        331.71
       333.115
        334.68
       335.491
       336.168
       336.943
        337.77
       338.606
       340.031
       341.808
       343.538
        345.22
       346.492
        347.07
       347.562
       347.975
       348.311
       347.965
       344.933
       341.817
       338.916
       335.985
       333.032
       330.048
       327.085
       324.564
       321.978
       319.329
       316.621
       313.872
       311.102
       309.256
       308.242
       307.233
       306.158
       304.854
       303.555
       302.256
       300.951
       299.638
       298.316
       296.997
       295.722
       294.494
       293.364
       332.228
       331.872
       291.656
       253.652
       253.652
       253.658
       253.667
        253.68
       253.696
       253.717
       253.741
        253.77
       253.803
       253.842
       253.886
       253.937
       253.994
        254.06
       254.133
       254.217
        254.31
       254.415
       254.531
        254.66
       254.803
       254.963
       255.141
       255.337
       255.554
       255.789
       256.051
       256.341
       256.657
       257.003
       257.384
       257.795
       258.251
        258.75
       259.295
        259.89
       260.536
       261.241
       262.008
       262.844
       263.752
       264.741
       265.815
       267.061
       268.953
       270.985
       273.183
       275.569
       278.147
       280.912
       283.842
       286.917
       290.094
       293.339
       296.644
       299.993
       303.385
        306.79
       310.247
       313.807
       316.951
       319.737
       321.977
       323.826
       325.374
       326.713
       327.897
       328.885
       330.411
       331.889
       333.268
       332.819
       329.213
       325.317
        321.96
       321.709
       320.945
       319.747
       318.197
        317.52
       316.662
       315.737
       314.896
       312.084
       309.532
       307.376
       305.588
       304.181
       303.129
       302.303
       301.575
       300.824
       300.047
       299.293
       298.568
       297.866
       296.925
       295.968
       295.072
       294.267
       293.584
       293.004
       292.018
       290.809
       289.687
       288.616
       287.561
       286.481
       285.335
       284.104
       285.592
       286.995
       288.372
       289.785
       291.077
        292.15
       293.024
       293.721
       294.279
       294.735
       295.131
       295.501
       296.255
        297.29
       298.444
       299.735
       301.175
       302.787
       303.605
       304.284
       305.068
       305.909
       306.764
       308.246
       310.108
       311.929
       313.712
       315.075
       315.721
       316.297
        316.81
       317.266
       317.024
       313.961
       310.833
       307.953
       305.053
       302.134
       299.197
       296.292
        293.86
       291.363
       288.799
       286.171
       283.496
       280.789
       279.038
       278.144
       277.236
       276.236
       274.973
       273.687
        272.37
       271.011
       269.601
       268.133
       266.613
       265.084
       263.553
       262.084
       302.917
        302.49
       259.781
       225.285
       225.284
       225.286
       225.291
       225.298
       225.308
       225.322
       225.338
       225.359
       225.382
       225.411
       225.444
       225.483
       225.529
        225.58
       225.638
       225.705
       225.781
       225.867
       225.963
        226.07
       226.186
       226.321
       226.471
       226.639
       226.827
       227.031
       227.263
        227.52
       227.803
       228.112
       228.452
       228.824
       229.231
       229.676
       230.162
        230.69
       231.266
       231.894
       232.576
       233.318
       234.125
       235.002
       235.957
       237.076
       238.854
       240.766
       242.835
       245.084
        247.52
       250.138
       252.915
       255.827
        258.82
       261.863
       264.945
       268.057
       271.178
       274.283
       277.395
       280.554
       283.191
       285.422
       287.378
       289.044
       290.426
       291.687
       292.954
       293.951
        295.58
       297.222
       298.807
       298.421
       294.657
       290.589
       287.107
       286.956
       286.273
        285.14
       283.647
         283.1
       282.377
       281.602
       280.925
       278.172
       275.697
       273.638
       271.971
       270.704
       269.803
       269.134
       268.565
       267.982
       267.377
       266.773
        266.18
       265.592
       264.739
       263.869
       263.047
       262.316
        261.71
       261.209
       260.309
       259.201
       258.153
       257.125
       256.077
       254.968
       253.755
       252.417
       253.883
       255.227
        256.52
        257.84
       259.102
       260.154
       261.009
       261.691
       262.233
       262.673
       263.049
       263.398
       264.148
       265.191
       266.359
       267.669
       269.137
       270.787
       271.603
       272.272
       273.052
       273.893
       274.753
       276.277
       278.209
       280.106
       281.974
       283.416
       284.119
        284.77
        285.38
       285.958
       285.825
       282.739
       279.617
       276.776
       273.926
       271.069
       268.205
       265.387
       263.072
        260.69
       258.238
       255.715
       253.137
       250.515
        248.88
       248.121
       247.328
       246.417
       245.206
       243.946
       242.621
       241.213
       239.703
       238.073
        236.32
       234.481
       232.558
       230.628
       273.312
       272.804
       227.492
       197.167
       197.164
       197.162
       197.162
       197.163
       197.166
       197.172
       197.181
       197.192
       197.206
       197.222
       197.245
       197.272
       197.304
       197.341
       197.381
        197.43
        197.49
       197.557
       197.633
       197.719
       197.817
       197.932
       198.063
       198.209
       198.373
       198.555
       198.758
       198.983
        199.23
       199.499
       199.796
       200.122
       200.478
       200.866
       201.291
       201.752
       202.255
       202.802
       203.397
       204.041
       204.739
       205.497
       206.323
         207.3
       208.945
       210.713
        212.63
       214.718
       216.984
       219.425
       222.027
       224.753
       227.546
       230.377
       233.227
       236.077
        238.91
       241.698
       244.453
       247.188
       249.278
       250.943
       252.418
       253.689
         254.8
       255.902
       256.942
       257.835
       259.585
       261.475
       263.432
       263.185
       259.313
        255.11
       251.537
       251.537
       251.008
       249.987
       248.592
       248.218
       247.678
       247.103
        246.64
       243.991
       241.629
       239.694
       238.169
       237.059
       236.326
       235.831
       235.442
       235.063
       234.652
       234.226
         233.8
       233.365
       232.637
       231.878
       231.153
       230.519
       230.012
        229.63
       228.847
       227.827
       226.846
       225.855
        224.81
       223.671
       222.384
       220.934
        222.36
       223.621
       224.788
        225.94
       227.099
       228.123
       228.949
       229.615
       230.137
       230.557
       230.915
       231.243
       231.986
        233.03
       234.201
       235.522
       237.011
       238.689
       239.492
        240.14
       240.902
       241.731
        242.58
        244.13
       246.111
       248.064
       249.999
       251.501
       252.246
        252.96
       253.661
        254.36
       254.343
       251.245
       248.143
       245.365
       242.598
       239.833
       237.075
       234.375
       232.208
       229.973
       227.662
       225.272
       222.816
       220.303
       218.804
         218.2
       217.537
       216.729
       215.587
       214.368
       213.054
       211.613
       210.013
       208.219
        206.21
       204.005
       201.593
       199.048
       243.355
       242.759
       194.763
       169.339
       169.334
       169.328
       169.322
       169.316
       169.312
        169.31
        169.31
       169.313
       169.316
       169.318
       169.329
       169.344
       169.363
       169.388
       169.415
       169.454
       169.501
       169.557
       169.622
       169.696
       169.781
       169.878
       169.987
        170.11
        170.25
       170.404
       170.577
       170.769
        170.98
       171.211
       171.466
       171.745
       172.049
       172.382
       172.746
        173.14
       173.569
       174.033
       174.535
       175.077
        175.66
       176.291
       176.975
       177.798
       179.292
       180.894
       182.633
       184.531
       186.598
       188.837
       191.228
       193.734
       196.302
       198.896
       201.492
       204.071
       206.608
        209.08
       211.479
       213.829
       215.483
       216.714
       217.799
       218.726
       219.528
       220.278
       220.967
       221.647
       223.233
       225.094
        227.07
       226.951
       223.066
       218.772
       215.151
       215.352
        215.13
       214.271
       213.024
        212.88
        212.58
       212.288
       212.116
       209.627
       207.426
       205.654
       204.295
       203.352
       202.788
       202.465
       202.275
       202.119
        201.93
       201.719
       201.492
       201.238
       200.661
       200.042
       199.452
       198.949
       198.584
       198.342
       197.658
        196.71
       195.786
        194.83
       193.792
       192.621
       191.263
       189.699
       191.074
       192.235
       193.257
       194.216
       195.179
        196.05
       196.815
       197.485
       197.985
       198.386
       198.735
       199.048
       199.781
       200.818
       201.983
       203.304
       204.806
       206.506
       207.285
       207.899
       208.631
       209.431
       210.254
        211.81
       213.818
       215.801
       217.775
       219.314
       220.078
       220.839
       221.621
       222.441
       222.548
       219.448
       216.387
       213.701
       211.048
       208.419
       205.809
       203.266
       201.282
       199.227
       197.089
       194.863
       192.559
       190.182
        188.84
       188.406
        187.89
       187.203
       186.146
       184.986
       183.718
       182.277
       180.612
       178.673
       176.407
       173.801
       170.802
        167.46
       212.978
         212.3
       161.641
        141.86
       141.851
       141.841
       141.829
       141.813
         141.8
       141.789
       141.781
       141.776
       141.772
       141.769
       141.774
       141.785
       141.799
       141.818
       141.842
       141.872
       141.907
       141.951
       142.004
       142.063
       142.132
       142.211
       142.299
       142.401
       142.516
       142.645
        142.79
       142.951
       143.128
       143.321
       143.533
       143.765
       144.018
       144.295
       144.597
       144.924
       145.278
       145.659
       146.069
       146.507
       146.974
       147.474
       148.008
       148.663
       149.985
       151.398
       152.931
       154.609
       156.446
       158.443
       160.584
       162.833
       165.142
       167.464
       169.781
       172.061
       174.282
        176.42
       178.476
       180.485
       181.779
       182.663
       183.433
       184.074
       184.613
       185.088
        185.54
       186.014
       187.416
       189.059
        190.87
       190.626
        186.56
       182.191
       178.565
       178.924
       178.725
       177.943
        176.89
       177.037
       177.025
       177.157
        177.41
       175.164
       173.185
       171.636
       170.483
       169.708
       169.298
       169.137
       169.143
       169.233
       169.302
       169.326
       169.316
        169.26
       168.868
       168.429
       168.014
       167.675
       167.459
       167.343
       166.741
       165.851
       164.982
       164.061
       163.032
       161.838
       160.418
       158.749
       160.071
        161.13
       162.012
       162.791
       163.511
       164.161
       164.773
       165.325
       165.767
       166.143
        166.51
       166.831
       167.551
        168.57
       169.712
       171.019
       172.537
       174.257
       175.002
       175.569
       176.253
       177.008
       177.791
       179.335
        181.34
       183.317
       185.295
       186.836
        187.59
       188.373
       189.219
       190.154
       190.394
       187.307
       184.318
       181.768
       179.282
       176.837
       174.419
       172.074
       170.311
       168.471
       166.541
       164.513
       162.392
        160.18
       159.015
       158.767
       158.414
       157.867
        156.92
       155.864
       154.686
       153.272
       151.592
       149.561
       147.082
        144.08
       140.429
         136.1
       182.119
       181.378
        128.33
       114.802
       114.788
       114.772
       114.756
       114.736
       114.723
       114.713
       114.704
       114.698
       114.693
       114.689
        114.69
       114.696
       114.704
       114.717
       114.735
       114.756
       114.781
       114.815
       114.856
       114.903
       114.957
       115.019
       115.091
       115.172
       115.263
       115.368
       115.485
       115.615
       115.759
       115.915
       116.086
       116.271
       116.474
       116.696
       116.937
       117.196
       117.475
       117.774
       118.093
       118.429
       118.782
        119.15
       119.531
        120.01
       121.142
       122.343
       123.642
       125.067
       126.633
       128.345
        130.19
       132.136
       134.136
       136.139
       138.129
       140.074
        141.94
        143.73
        145.46
       147.168
       148.163
       148.767
       149.286
       149.701
       150.027
       150.303
       150.569
       150.861
       152.112
        153.63
       155.383
        155.11
       151.012
        146.68
       143.091
       143.423
       143.148
       142.365
        141.28
       141.462
       141.631
       142.068
       142.563
       140.588
       138.904
       137.674
       136.793
        136.19
       135.911
       135.882
       136.071
       136.475
       136.857
       137.128
       137.365
       137.535
       137.347
       137.103
       136.867
       136.686
       136.597
       136.588
       136.053
       135.216
       134.398
       133.517
        132.51
       131.314
       129.856
       128.102
        129.38
       130.353
       131.118
       131.746
        132.28
       132.734
       133.148
       133.544
       133.905
       134.232
       134.574
       134.833
       135.512
       136.491
       137.582
       138.833
       140.308
       141.972
       142.661
       143.169
       143.783
       144.473
       145.213
       146.734
       148.696
       150.619
        152.55
       154.046
       154.749
       155.521
       156.405
       157.443
       157.823
       154.783
       151.918
       149.565
       147.304
       145.099
       142.923
        140.82
       139.318
        137.73
       136.043
       134.249
       132.348
       130.335
        129.38
       129.325
       129.143
       128.746
       127.944
       127.021
       125.944
       124.642
       123.038
       121.019
       118.439
       115.138
       110.858
       105.401
        150.74
       149.976
       95.3607
       88.2815
        88.269
       88.2559
       88.2419
       88.2261
       88.2144
       88.2048
       88.1958
       88.1877
       88.1808
       88.1747
       88.1744
       88.1775
       88.1831
        88.192
       88.2048
       88.2204
       88.2388
       88.2637
        88.294
       88.3295
       88.3702
       88.4169
       88.4704
       88.5309
       88.6007
       88.6803
       88.7703
       88.8706
       88.9816
       89.1008
       89.2295
       89.3689
       89.5223
         89.69
        89.871
       90.0656
       90.2736
       90.4937
       90.7247
        90.965
       91.2122
       91.4572
       91.6903
       91.9923
       92.9188
       93.8833
       94.9205
       96.0576
       97.3109
       98.6896
       100.188
       101.771
       103.403
       105.023
       106.615
       108.168
       109.666
       111.102
       112.504
       113.928
       114.666
       115.045
       115.369
        115.61
       115.781
       115.909
       116.024
       116.159
       117.272
        118.69
       120.432
       120.239
       116.281
       112.148
       108.743
       109.185
       108.975
       108.279
        107.27
       107.521
       107.769
       108.187
       108.863
       107.169
       105.751
       104.673
       103.891
       103.403
       103.207
       103.245
       103.531
       104.154
       104.682
       105.141
       105.687
       106.074
       106.087
       106.035
       105.965
       105.917
       105.919
        105.98
       105.508
       104.721
       103.954
       103.128
       102.172
       101.015
       99.5656
       97.7661
       99.0177
       99.9196
       100.588
       101.097
       101.482
       101.779
       102.052
       102.342
       102.622
       102.934
       103.247
        103.45
       104.079
       104.982
       105.982
       107.118
       108.436
       109.975
       110.526
       110.902
       111.404
       111.985
       112.638
        114.08
       115.928
       117.725
       119.536
       120.925
       121.527
       122.241
       123.118
       124.228
       124.757
       121.813
       119.157
       117.086
       115.128
       113.226
       111.347
       109.535
       108.333
        107.03
       105.623
         104.1
       102.458
       100.673
       99.9298
       100.069
       100.055
       99.8236
       99.1842
       98.4331
       97.5342
       96.4249
       95.0159
       93.1735
       90.7053
       87.3516
        82.662
       76.1156
       118.873
       118.152
       63.8968
        62.463
        62.448
       62.4371
       62.4258
       62.4147
       62.4055
       62.3977
       62.3912
       62.3853
       62.3795
       62.3765
       62.3762
       62.3781
       62.3823
       62.3886
       62.3973
       62.4081
       62.4214
       62.4379
       62.4574
       62.4804
       62.5075
       62.5385
       62.5738
       62.6142
       62.6612
       62.7154
       62.7776
       62.8495
       62.9333
       63.0158
       63.1029
       63.1973
       63.3015
       63.4172
       63.5396
       63.6716
       63.8124
       63.9584
       64.1076
       64.2596
       64.4114
       64.5477
       64.6497
       64.7818
       65.4856
       66.1941
       66.9453
       67.7647
       68.6705
       69.6689
       70.7568
       71.9169
       73.1049
       74.2898
       75.4433
       76.5642
       77.6517
       78.7027
       79.7601
       80.8872
       81.3907
       81.5838
         81.76
        81.879
       81.9428
       81.9678
       81.9689
       81.9618
       82.8919
       84.1401
        85.827
       85.8013
       82.1997
       78.5392
       75.5374
       76.1757
       76.1185
       75.5915
       74.7467
       75.0945
       75.4248
       75.9197
       76.7621
       75.3851
       74.2786
       73.4393
       72.8249
       72.4424
       72.2842
        72.299
       72.4802
       72.8219
       73.2059
       73.6871
       74.2597
       74.7598
       74.9678
        75.111
       75.1798
       75.2245
       75.2666
       75.3588
       74.9298
       74.2007
       73.5071
       72.7704
       71.9229
       70.8831
       69.5369
       67.7821
       69.0039
       69.8245
       70.4027
       70.8192
       71.1113
       71.3309
       71.5498
       71.7832
       72.0335
        72.333
       72.6137
       72.7859
       73.3296
       74.1162
        74.983
       75.9539
        77.088
       78.4529
       78.8558
       79.1016
        79.468
       79.8808
       80.2958
       81.4741
       83.0809
       84.6636
       86.2462
       87.4419
       87.8907
       88.4918
       89.2914
       90.3915
       91.0459
       88.3084
       86.0112
       84.3431
       82.7771
       81.2514
       79.7367
        78.268
        77.392
       76.4002
       75.3044
          74.1
       72.7707
       71.2624
        70.737
       71.0425
       71.1657
       71.0848
       70.6228
       70.0823
       69.4287
       68.6085
         67.54
       66.0937
       64.0637
       61.1233
       56.6177
       49.5029
       86.7016
        86.116
       36.2698
       37.5408
       37.5377
        37.533
       37.5279
       37.5229
       37.5186
       37.5149
       37.5117
        37.509
       37.5067
       37.5055
       37.5055
       37.5066
       37.5088
        37.512
       37.5164
       37.5219
       37.5286
       37.5369
       37.5467
       37.5582
       37.5716
       37.5871
       37.6048
       37.6252
       37.6488
       37.6764
       37.7091
       37.7496
       37.7939
       37.8361
       37.8799
       37.9277
       37.9815
       38.0405
       38.1035
       38.1753
       38.2503
       38.3227
       38.3951
       38.4673
       38.5367
       38.5974
       38.6114
       38.6173
       39.0806
       39.5186
       39.9708
       40.4575
       40.9899
       41.5695
       42.2034
       42.8801
       43.5727
       44.2597
       44.9319
       45.5871
       46.2318
       46.8644
       47.5166
       48.2699
        48.538
       48.5848
       48.6458
       48.6764
       48.6745
       48.6445
         48.58
       48.4552
       49.0804
       49.9519
        51.315
       51.4336
       48.5985
       45.8798
       43.6163
       44.3665
       44.4696
       44.2082
       43.6635
       44.0945
       44.4808
       45.0014
       45.9016
       44.9582
       44.2562
       43.7268
       43.3238
       43.0584
       42.9146
       42.8586
       42.8887
       43.0054
       43.1569
       43.3433
       43.5598
       43.8352
       44.0136
       44.1358
       44.2944
       44.3767
        44.377
       44.4246
       44.0322
       43.4074
       42.8368
       42.2468
       41.5919
       40.7971
       39.7534
       38.2806
       39.3625
       40.0323
       40.5025
       40.8465
       41.1074
       41.3439
       41.5849
        41.833
       42.0978
       42.4035
       42.6796
       42.8807
       43.3596
       44.0089
       44.6836
       45.4267
       46.2896
       47.3808
       47.6493
       47.7968
       48.0385
       48.2939
       48.4736
       49.2438
       50.3864
       51.5026
       52.6613
       53.5369
       53.8169
       54.2573
       54.8774
       55.7658
       56.3973
       54.1876
       52.5236
        51.396
       50.3098
       49.2407
       48.1647
       47.1003
       46.5406
         45.86
       45.1033
       44.2716
       43.3427
       42.2253
       41.9143
       42.2695
       42.4457
       42.4744
       42.2069
       41.9141
       41.5637
        41.121
       40.5352
       39.7218
       38.5347
       36.7086
       33.5805
       27.6195
       54.7168
       54.3773
       16.8977
        13.757
        13.757
        13.757
        13.757
        13.757
        13.757
        13.757
        13.757
        13.757
        13.757
        13.757
        13.757
        13.757
        13.757
        13.757
        13.757
        13.757
        13.757
        13.757
        13.757
        13.757
        13.757
        13.757
        13.757
        13.757
        13.757
        13.757
        13.757
        13.757
        13.757
        13.757
        13.757
        13.757
        13.757
        13.757
        13.757
        13.757
        13.757
        13.757
        13.757
        13.757
        13.757
        13.757
        13.757
       13.7752
       13.9286
        14.082
       14.2354
       14.3888
       14.5422
       14.6956
        14.849
       15.0024
       15.1558
       15.3092
       15.4626
        15.616
       15.7694
       15.9228
       16.0762
       16.2296
       16.2555
       16.2181
       16.1806
       16.1432
       16.1057
       16.0683
       16.0309
       15.9934
       16.1077
       16.2371
       16.3666
        16.115
       15.1954
       14.2758
       13.5787
       13.6938
       13.8089
       13.9239
       14.0412
       14.4164
       14.7917
        15.167
       15.5423
        15.422
       15.2815
        15.141
       15.0005
       14.8614
       14.7231
       14.5848
       14.4523
       14.3283
       14.2044
       14.0804
       13.9564
       13.8324
       13.6487
       13.4586
       13.2684
       13.0783
       12.8882
       12.6981
        12.392
       12.0128
       11.6336
       11.2543
       10.8751
       10.4959
       10.1166
       9.74606
       10.0812
       10.4163
       10.7515
       11.0866
       11.4218
       11.7569
        12.092
       12.4272
       12.7623
       13.0975
       13.4326
       13.7678
       14.1905
       14.6621
       15.1336
       15.6051
       16.0766
       16.5481
        16.789
       16.9611
       17.1332
       17.3053
       17.4773
       17.8009
       18.2227
       18.6445
       19.0664
       19.4002
       19.5807
       19.7611
       19.9415
       20.1219
       20.1524
       19.5341
       18.9158
       18.3677
       17.8223
        17.277
       16.7316
       16.2036
       15.8035
       15.4034
       15.0033
       14.6032
       14.2048
       13.8086
       13.6609
       13.7346
       13.8082
       13.8617
       13.8521
       13.8425
        13.833
       13.8234
       13.8138
       13.8043
        13.796
        13.796
        13.796
        13.796
            24
            24
        13.796
