160                           76.334                        
35                            76.334                        
34                            75.866                        
33                            75.778                        
32                            75.819                        
31                            75.919                        
30                            76.065                        
29                            76.228                        
28                            76.399                        
27                            76.573                        
26                            76.749                        
25                            76.923                        
24                            77.095                        
23                            77.287                        
22                            77.498                        
21                            77.711                        
20                            77.923                        
19                            78.134                        
18                            78.345                        
17                            78.556                        
16                            78.765                        
15                            76.731                        
14                            68.085                        
13                            60.099                        
12                            55.659                        
11                            53.535                        
10                            46.302                        
9                             45.932                        
8                             42.346                        
7                             24.614                        
6                             21.628                        
5                             21.501                        
4                             21.307                        
3                             21.084                        
2                             20.841                        
1                             20.582                        
0                             20.308                        
