160                           138.09                        
35                            138.09                        
34                            135.65                        
33                            132.16                        
32                            128.17                        
31                            123.87                        
30                            119.39                        
29                            114.78                        
28                            110.02                        
27                            105.16                        
26                            100.24                        
25                            95.257                        
24                            90.241                        
23                            85.21                         
22                            80.085                        
21                            74.917                        
20                            69.76                         
19                            64.584                        
18                            59.411                        
17                            54.234                        
16                            49.092                        
15                            46.727                        
14                            45.544                        
13                            48.005                        
12                            53.785                        
11                            51.118                        
10                            122.91                        
9                             120.3                         
8                             91.932                        
7                             63.116                        
6                             54.7                          
5                             47.288                        
4                             40.984                        
3                             35.103                        
2                             29.473                        
1                             24.225                        
0                             19.175                        
