160                           66.647                        
35                            66.647                        
34                            65.007                        
33                            61.992                        
32                            58.782                        
31                            55.843                        
30                            52.95                         
29                            49.916                        
28                            46.888                        
27                            43.89                         
26                            40.904                        
25                            37.949                        
24                            35.084                        
23                            32.28                         
22                            29.516                        
21                            26.796                        
20                            23.964                        
19                            20.898                        
18                            17.793                        
17                            14.774                        
16                            12.061                        
15                            20.973                        
14                            19.4                          
13                            24.775                        
12                            28.442                        
11                            27.63                         
10                            84.452                        
9                             90.416                        
8                             67.95                         
7                             52.01                         
6                             41.075                        
5                             36.853                        
4                             33.198                        
3                             29.606                        
2                             26.067                        
1                             22.735                        
0                             19.708                        
