160                           72.692                        
35                            72.692                        
34                            75.762                        
33                            78.981                        
32                            82.265                        
31                            85.61                         
30                            89.01                         
29                            92.461                        
28                            95.956                        
27                            99.503                        
26                            103.09                        
25                            106.71                        
24                            110.38                        
23                            114.08                        
22                            117.79                        
21                            121.55                        
20                            125.32                        
19                            129.12                        
18                            132.93                        
17                            136.75                        
16                            140.56                        
15                            130.36                        
14                            121.23                        
13                            112.38                        
12                            106.6                         
11                            114.74                        
10                            106.27                        
9                             104.9                         
8                             89.271                        
7                             25.861                        
6                             25.701                        
5                             23.147                        
4                             21.452                        
3                             20.142                        
2                             19.081                        
1                             18.233                        
0                             17.575                        
