160                           107.71                        
35                            107.71                        
34                            107.98                        
33                            108.85                        
32                            109.9                         
31                            111.1                         
30                            112.33                        
29                            113.59                        
28                            114.9                         
27                            116.2                         
26                            117.56                        
25                            118.91                        
24                            120.3                         
23                            121.69                        
22                            123.13                        
21                            124.53                        
20                            125.98                        
19                            127.4                         
18                            128.84                        
17                            130.27                        
16                            131.7                         
15                            128.14                        
14                            130                           
13                            127.42                        
12                            126.64                        
11                            130.44                        
10                            17.797                        
9                             17.586                        
7                             32.372                        
6                             19.409                        
5                             19.788                        
4                             20.32                         
3                             19.565                        
2                             19.792                        
1                             19.511                        
0                             19.364                        
