        915.09
       915.099
       915.098
       915.092
       915.082
        915.07
       915.054
       915.037
       915.017
       914.995
       914.971
       914.945
       914.917
       914.887
       914.854
       914.819
       914.782
       914.743
       914.701
       914.657
        914.61
       914.561
       914.509
       914.454
       914.397
       914.337
       914.273
       914.207
       914.138
       914.066
       913.991
       913.913
       913.832
       913.748
       913.662
       913.573
       913.482
       913.388
       913.293
       913.196
       913.098
       912.999
       912.901
       912.803
       912.706
       912.611
        912.52
       912.434
       912.353
       912.281
       912.218
       912.168
       912.134
        912.12
       912.132
       912.174
        912.25
       912.359
         912.5
       912.673
        912.88
       913.119
       913.393
       913.702
       914.046
       914.427
       914.847
       915.307
       915.809
       916.354
       916.945
       917.583
       918.269
       918.985
       919.665
        920.32
       920.956
       921.576
       922.178
       922.744
       923.265
       923.737
       924.157
       924.517
       924.814
       925.043
       925.208
       925.304
        925.33
       925.273
       925.127
       924.896
       924.603
       924.309
       924.056
       923.815
       923.575
       923.311
       922.991
       922.634
       922.261
       921.947
        921.74
       921.623
       921.601
       921.673
       921.827
       922.053
       922.334
        922.66
       923.035
       923.464
       923.952
         924.5
       925.111
       925.787
       926.526
       927.332
       928.207
       929.153
       930.176
        930.99
       931.387
       931.424
       931.149
         930.6
       929.803
       928.784
       927.575
       926.216
       924.744
       923.193
       921.589
        919.95
       918.289
       916.615
       914.942
        913.35
       911.921
       910.668
       909.577
       908.631
       907.798
       907.049
       906.354
       905.697
       905.041
       904.355
       903.641
       902.901
       902.133
       901.338
        900.51
       899.645
       898.733
       897.735
       896.647
       895.467
       894.197
       892.835
       891.362
       889.767
       888.057
       886.224
       884.236
       882.104
       879.841
       877.548
       875.628
       874.076
       872.881
       872.032
       871.524
       871.339
       884.646
       884.646
       884.642
       884.636
       884.626
       884.613
       884.598
        884.58
        884.56
       884.538
       884.514
       884.488
        884.46
        884.43
       884.397
       884.362
       884.325
       884.286
       884.244
         884.2
       884.153
       884.104
       884.052
       883.997
        883.94
       883.879
       883.816
        883.75
        883.68
       883.608
       883.533
       883.455
       883.374
        883.29
       883.203
       883.114
       883.022
       882.928
       882.832
       882.735
       882.636
       882.537
       882.437
       882.338
        882.24
       882.144
       882.052
       881.964
       881.882
       881.807
       881.742
       881.689
        881.69
       881.716
       881.769
       881.833
       881.927
       882.056
       882.217
        882.41
       882.635
       882.897
       883.192
       883.523
       883.893
       884.301
       884.748
       885.239
       885.774
       886.353
        886.98
       887.656
       888.381
       889.131
       889.848
       890.541
       891.199
       891.841
       892.463
       893.027
       893.542
       894.007
       894.416
       894.763
       895.045
        895.27
        895.43
       895.523
       895.559
       895.512
       895.375
       895.111
        894.78
        894.46
       894.186
       893.921
       893.656
       893.385
       893.062
       892.706
        892.34
       892.051
       891.873
       891.826
       891.819
       891.826
       891.915
       892.089
       892.384
       892.724
       893.113
       893.541
       893.996
       894.512
       895.092
       895.666
       896.366
       897.175
       898.117
       899.131
       900.231
       901.091
       901.547
       901.649
       901.442
       900.963
       900.238
       899.323
       898.222
       896.971
       895.663
       894.279
       892.843
       891.301
       889.739
       888.167
       886.573
       885.067
        883.72
       882.486
       881.418
       880.494
       879.685
       878.957
       878.283
       877.621
       876.954
       876.258
        875.52
       874.755
       873.961
       873.092
       872.191
       871.254
       870.263
       869.185
       868.018
       866.798
       865.487
       864.084
       862.569
       860.935
       859.188
       857.325
       855.309
       853.145
       850.834
       848.544
       846.637
       845.091
       843.901
        844.99
       844.484
       842.382
       854.051
       854.049
       854.044
       854.037
       854.027
       854.014
       853.998
       853.981
       853.961
       853.939
       853.915
       853.889
       853.861
        853.83
       853.798
       853.763
       853.726
       853.686
       853.645
         853.6
       853.553
       853.504
       853.452
       853.397
       853.339
       853.278
       853.215
       853.148
       853.078
       853.005
        852.93
       852.851
       852.769
       852.684
       852.596
       852.506
       852.413
       852.318
        852.22
       852.121
       852.021
       851.919
       851.817
       851.715
       851.614
       851.515
       851.419
       851.327
       851.239
       851.159
       851.087
       851.027
       851.056
       851.117
       851.207
       851.288
       851.399
       851.546
       851.726
       851.938
       852.182
       852.464
       852.782
       853.134
        853.53
       853.965
       854.439
       854.964
       855.533
       856.147
       856.813
       857.529
       858.296
       859.087
       859.846
       860.581
       861.268
       861.936
       862.581
       863.147
       863.658
       864.117
       864.512
       864.843
       865.107
       865.322
       865.477
       865.566
       865.608
        865.57
       865.441
       865.143
       864.781
       864.453
       864.167
       863.883
       863.589
       863.306
       862.975
        862.61
       862.246
       861.971
       861.813
       861.831
       861.837
       861.776
       861.802
       861.924
       862.234
       862.588
       862.991
       863.417
        863.84
       864.326
       864.877
       865.352
       866.014
       866.828
       867.839
       868.922
       870.073
        870.96
       871.445
       871.583
        871.42
       870.994
       870.327
       869.504
         868.5
       867.348
       866.197
       864.975
       863.707
       862.263
       860.809
       859.352
       857.862
       856.454
       855.204
       854.012
        852.99
       852.116
       851.356
       850.677
       850.048
       849.402
       848.747
       848.059
       847.314
       846.541
       845.735
       844.807
       843.845
       842.844
       841.783
       840.631
       839.389
       838.128
       836.774
       835.318
       833.752
       832.066
       830.267
       828.356
       826.292
       824.076
       821.709
       819.424
       817.532
       815.996
       814.815
       817.859
       817.359
       813.315
       823.337
       823.334
       823.329
       823.321
       823.311
       823.298
       823.282
       823.265
       823.245
       823.223
       823.199
       823.173
       823.144
       823.114
       823.081
       823.046
       823.009
        822.97
       822.928
       822.883
       822.836
       822.787
       822.734
       822.679
       822.621
        822.56
       822.495
       822.428
       822.358
       822.284
       822.207
       822.127
       822.044
       821.958
       821.869
       821.777
       821.682
       821.584
       821.484
       821.382
       821.279
       821.173
       821.067
       820.961
       820.855
        820.75
       820.648
       820.548
       820.453
       820.364
       820.281
       820.208
       820.262
       820.355
       820.476
       820.572
       820.698
       820.862
       821.059
       821.289
       821.551
       821.854
       822.192
       822.565
       822.987
       823.449
       823.951
       824.509
       825.114
       825.765
       826.471
       827.229
        828.04
       828.875
       829.679
       830.461
        831.18
       831.876
       832.549
       833.117
       833.625
       834.077
       834.457
       834.768
       835.012
       835.216
       835.362
       835.444
        835.49
       835.459
       835.342
       835.016
       834.641
       834.303
       834.007
        833.71
       833.384
       833.084
       832.737
       832.356
       831.989
       831.724
       831.583
       831.662
       831.678
       831.549
        831.51
       831.579
       831.906
       832.274
        832.69
       833.115
       833.506
       833.963
       834.486
       834.862
       835.488
       836.309
       837.396
       838.571
       839.769
       840.622
       841.106
       841.258
       841.121
       840.731
       840.109
       839.369
       838.454
       837.393
       836.392
        835.33
       834.228
       832.885
       831.543
       830.211
       828.835
       827.537
       826.405
       825.273
       824.319
       823.517
       822.829
        822.22
       821.657
       821.046
        820.42
       819.758
       819.023
       818.255
       817.452
       816.477
       815.465
       814.411
       813.286
       812.063
       810.748
       809.446
       808.044
       806.529
       804.906
       803.162
       801.295
       799.319
       797.189
       794.907
       792.478
       790.199
       788.324
       786.802
       785.633
       790.644
       790.149
        784.15
       792.527
       792.524
       792.519
       792.511
         792.5
       792.487
       792.471
       792.454
       792.434
       792.412
       792.388
       792.362
       792.333
       792.303
        792.27
       792.235
       792.198
       792.159
       792.116
       792.072
       792.024
       791.974
       791.922
       791.866
       791.807
       791.745
        791.68
       791.612
       791.541
       791.466
       791.388
       791.307
       791.222
       791.134
       791.043
       790.948
       790.851
        790.75
       790.647
       790.541
       790.433
       790.322
       790.211
       790.099
       789.986
       789.873
       789.762
       789.653
       789.547
       789.445
       789.349
        789.26
       789.336
       789.456
       789.607
       789.715
       789.853
       790.031
       790.245
       790.491
        790.77
       791.091
       791.449
       791.844
       792.291
        792.78
       793.309
       793.901
       794.541
       795.229
       795.978
       796.779
       797.634
       798.515
       799.366
       800.196
       800.949
       801.678
        802.38
       802.952
       803.455
       803.897
        804.26
        804.55
       804.771
       804.962
       805.097
       805.171
       805.222
       805.196
       805.092
       804.744
       804.364
       804.018
       803.718
       803.407
       803.044
       802.726
        802.36
       801.959
       801.587
       801.327
         801.2
       801.339
       801.362
       801.163
       801.059
       801.075
       801.418
         801.8
       802.229
       802.653
       803.012
       803.439
       803.936
       804.212
       804.801
       805.625
       806.783
       808.037
       809.228
       810.068
       810.544
       810.698
       810.572
       810.208
       809.619
       808.952
       808.118
       807.143
       806.289
       805.384
       804.449
       803.208
       801.983
       800.782
       799.524
       798.353
       797.354
       796.299
       795.429
       794.716
       794.118
       793.598
       793.119
       792.557
       791.979
       791.358
       790.645
       789.898
       789.109
       788.098
       787.046
       785.945
       784.762
       783.474
       782.087
       780.743
       779.291
       777.712
       776.026
       774.214
       772.263
       770.213
       768.003
        765.63
       763.143
       760.883
       759.027
       757.519
       756.361
        763.35
        762.86
       754.895
       761.641
       761.638
       761.633
       761.624
       761.614
         761.6
       761.585
       761.567
       761.547
       761.525
       761.501
       761.475
       761.447
       761.416
       761.384
       761.349
       761.311
       761.272
       761.229
       761.184
       761.137
       761.086
       761.033
       760.977
       760.917
       760.855
       760.789
        760.72
       760.648
       760.572
       760.492
       760.409
       760.322
       760.232
       760.138
        760.04
       759.939
       759.835
       759.727
       759.616
       759.503
       759.387
       759.268
       759.148
       759.027
       758.905
       758.783
       758.662
       758.543
       758.426
       758.313
       758.206
         758.3
       758.444
       758.622
       758.739
       758.888
        759.08
       759.307
       759.568
       759.862
       760.202
       760.579
       760.993
       761.465
       761.979
       762.536
        763.16
       763.836
       764.562
       765.352
       766.197
       767.098
       768.025
       768.924
       769.804
       770.591
       771.353
       772.085
        772.66
       773.158
        773.59
       773.935
       774.202
       774.399
       774.574
       774.696
       774.759
       774.812
       774.794
       774.707
       774.338
       773.956
       773.606
       773.304
       772.977
       772.577
       772.237
       771.852
       771.429
       771.048
       770.794
       770.679
       770.877
       770.907
       770.637
       770.465
       770.427
       770.786
       771.182
       771.624
       772.047
       772.374
       772.772
        773.24
       773.415
       773.963
       774.786
       776.007
       777.327
       778.493
       779.316
       779.777
       779.924
       779.801
       779.451
       778.888
       778.286
       777.527
       776.632
       775.923
       775.173
       774.406
       773.269
       772.165
         771.1
       769.969
       768.938
       768.084
       767.115
       766.342
       765.732
       765.239
       764.823
       764.442
       763.946
       763.428
       762.861
       762.184
       761.467
       760.703
       759.666
       758.581
       757.441
       756.206
       754.856
         753.4
       752.015
        750.51
       748.862
       747.106
       745.219
       743.175
       741.044
        738.75
       736.286
        733.77
       731.501
       729.654
       728.155
       727.007
       735.983
       735.498
       725.556
       730.695
       730.692
       730.687
       730.678
       730.668
       730.654
       730.639
       730.621
       730.601
        730.58
       730.555
       730.529
       730.501
        730.47
       730.438
       730.403
       730.365
       730.325
       730.283
       730.238
        730.19
       730.139
       730.085
       730.028
       729.968
       729.905
       729.838
       729.768
       729.694
       729.616
       729.535
        729.45
       729.361
       729.268
       729.171
        729.07
       728.965
       728.856
       728.743
       728.627
       728.507
       728.383
       728.257
       728.128
       727.997
       727.864
       727.729
       727.594
       727.459
       727.326
       727.194
       727.065
       727.175
       727.342
       727.545
       727.669
       727.825
       728.028
       728.268
       728.542
        728.85
       729.206
       729.601
       730.033
       730.529
       731.068
       731.651
       732.308
       733.019
       733.781
       734.612
       735.501
       736.448
       737.421
       738.367
       739.297
       740.119
       740.912
       741.674
       742.252
       742.745
       743.168
       743.492
       743.734
       743.904
       744.062
       744.172
       744.221
       744.275
       744.263
       744.191
       743.806
       743.433
        743.08
       742.779
       742.432
       741.992
        741.63
       741.224
       740.775
       740.382
       740.136
       740.035
       740.291
       740.327
       739.984
       739.745
        739.65
       740.025
       740.435
       740.891
       741.312
       741.606
       741.973
       742.412
       742.483
       742.988
       743.804
        745.08
       746.453
       747.584
       748.385
       748.826
       748.958
       748.829
       748.487
       747.941
       747.399
       746.709
        745.89
       745.324
       744.729
       744.131
       743.099
       742.119
       741.196
         740.2
       739.317
       738.616
       737.743
       737.078
       736.582
       736.206
       735.906
       735.636
       735.219
       734.772
       734.271
        733.64
       732.965
       732.235
        731.18
       730.071
       728.897
       727.614
       726.206
       724.683
        723.26
       721.696
       719.977
       718.148
       716.176
       714.033
       711.815
       709.433
       706.879
        704.34
       702.055
       700.211
       698.719
       697.578
       708.547
       708.066
       696.138
       699.703
       699.701
       699.695
       699.687
       699.676
       699.663
       699.648
        699.63
        699.61
       699.588
       699.564
       699.538
        699.51
       699.479
       699.447
       699.411
       699.374
       699.334
       699.291
       699.246
       699.197
       699.146
       699.092
       699.034
       698.974
       698.909
       698.841
        698.77
       698.695
       698.615
       698.532
       698.445
       698.353
       698.257
       698.157
       698.052
       697.942
       697.828
        697.71
       697.587
        697.46
       697.329
       697.193
       697.054
       696.912
       696.766
       696.618
       696.467
       696.315
       696.162
       696.009
       695.856
        695.98
       696.167
       696.393
       696.522
       696.685
       696.896
       697.147
       697.432
       697.753
       698.124
       698.535
       698.984
       699.501
       700.064
       700.672
       701.359
       702.104
       702.902
       703.774
       704.705
       705.697
       706.715
       707.709
       708.688
       709.544
       710.369
       711.159
        711.74
       712.227
       712.637
        712.94
       713.156
       713.298
       713.437
       713.531
       713.567
       713.623
       713.619
       713.566
       713.179
       712.808
       712.453
       712.153
       711.782
       711.297
       710.916
       710.487
       710.005
       709.606
       709.368
       709.279
       709.593
       709.635
       709.218
        708.91
       708.759
        709.15
       709.573
       710.041
        710.46
       710.721
       711.057
       711.466
       711.432
       711.891
       712.697
       714.019
       715.414
       716.519
       717.294
       717.708
       717.818
       717.678
       717.337
       716.803
       716.315
        715.69
       714.944
       714.518
       714.078
        713.65
       712.726
       711.873
       711.096
       710.238
       709.509
        708.97
       708.203
       707.654
       707.281
       707.032
       706.858
        706.71
       706.381
       706.016
        705.59
       705.015
        704.39
       703.703
       702.638
       701.515
        700.31
       698.981
       697.517
       695.929
       694.467
       692.845
       691.055
       689.153
       687.085
       684.837
       682.528
       680.052
        677.41
       674.849
       672.546
       670.703
       669.213
       668.077
       681.046
       680.568
       666.646
       668.678
       668.676
        668.67
       668.662
       668.652
       668.638
       668.623
       668.606
       668.586
       668.564
        668.54
       668.514
       668.486
       668.455
       668.422
       668.387
        668.35
       668.309
       668.267
       668.221
       668.172
       668.121
       668.066
       668.008
       667.946
       667.881
       667.812
       667.739
       667.662
       667.581
       667.496
       667.406
       667.312
       667.213
       667.108
       666.999
       666.885
       666.766
       666.641
       666.512
       666.377
       666.237
       666.092
       665.941
       665.786
       665.627
       665.463
       665.296
       665.125
       664.951
       664.775
       664.597
       664.733
       664.938
       665.184
       665.316
       665.483
       665.702
       665.962
       666.257
       666.587
       666.972
       667.397
       667.862
       668.399
       668.984
       669.614
       670.331
       671.108
        671.94
        672.85
       673.823
       674.857
       675.919
        676.96
       677.988
       678.879
       679.734
       680.552
       681.134
       681.613
        682.01
       682.289
       682.477
       682.591
       682.709
       682.786
       682.807
       682.864
       682.872
       682.842
       682.459
       682.088
       681.734
        681.43
       681.034
       680.504
       680.106
       679.654
       679.147
       678.741
       678.505
       678.426
       678.796
       678.843
       678.351
       677.973
       677.766
       678.171
       678.607
       679.087
       679.502
        679.73
       680.034
       680.413
       680.275
       680.689
       681.489
       682.864
       684.283
       685.328
       686.061
       686.439
       686.522
       686.365
        686.02
       685.494
       685.057
       684.494
       683.818
       683.532
       683.246
       682.989
       682.174
       681.451
       680.824
        680.11
        679.54
       679.169
       678.514
       678.087
       677.843
       677.728
       677.689
       677.672
       677.436
       677.164
       676.823
       676.312
       675.744
       675.107
       674.038
       672.902
       671.671
       670.304
       668.788
       667.137
       665.637
       663.954
       662.092
       660.112
       657.942
       655.586
       653.178
       650.603
       647.878
         645.3
       642.978
       641.133
       639.643
       638.509
       653.484
       653.007
       637.084
       637.631
       637.628
       637.623
       637.615
       637.604
       637.591
       637.576
       637.559
       637.539
       637.517
       637.493
       637.467
       637.439
       637.409
       637.376
       637.341
       637.303
       637.263
        637.22
       637.174
       637.125
       637.073
       637.018
       636.959
       636.897
       636.831
       636.761
       636.687
       636.609
       636.526
       636.438
       636.346
       636.249
       636.146
       636.038
       635.925
       635.806
       635.681
        635.55
       635.413
        635.27
        635.12
       634.965
       634.803
       634.635
       634.461
        634.28
       634.095
       633.904
       633.708
       633.507
       633.302
       633.448
        633.67
       633.935
       634.068
       634.238
       634.462
       634.729
       635.032
       635.371
       635.767
       636.204
       636.682
       637.238
       637.842
       638.494
       639.238
       640.045
       640.909
       641.856
       642.868
       643.943
       645.045
       646.132
       647.209
       648.133
       649.018
       649.862
       650.442
       650.912
       651.293
       651.549
       651.707
        651.79
       651.887
       651.947
       651.952
        652.01
        652.03
       652.028
       651.652
       651.285
       650.934
       650.625
         650.2
       649.625
        649.21
       648.739
       648.211
       647.794
       647.557
       647.486
       647.911
       647.961
       647.394
       646.946
       646.682
         647.1
       647.547
       648.038
        648.45
       648.643
       648.915
       649.263
        649.02
       649.391
       650.196
       651.663
       653.053
       654.016
       654.698
       655.034
       655.084
       654.906
       654.553
       654.032
       653.644
        653.14
       652.533
       652.385
       652.255
       652.169
       651.465
       650.874
       650.401
        649.84
       649.439
       649.238
       648.695
       648.392
       648.283
       648.308
       648.409
       648.529
       648.395
       648.223
       647.974
       647.533
       647.029
       646.447
       645.379
       644.237
       642.983
       641.581
       640.017
       638.306
       636.767
       635.025
        633.09
        631.03
       628.752
       626.282
       623.766
       621.063
       618.287
       615.695
       613.353
       611.504
        610.01
       608.876
       625.861
       625.386
       607.452
        606.57
       606.568
       606.563
       606.555
       606.544
       606.531
       606.516
       606.499
       606.479
       606.458
       606.434
       606.408
        606.38
        606.35
       606.318
       606.282
       606.245
       606.205
       606.162
       606.116
       606.067
       606.014
       605.959
         605.9
       605.837
        605.77
       605.699
       605.623
       605.544
       605.459
        605.37
       605.275
       605.175
       605.069
       604.957
        604.84
       604.715
       604.585
       604.447
       604.303
       604.151
       603.992
       603.825
       603.651
       603.469
        603.28
       603.083
       602.878
       602.666
       602.446
        602.22
       601.987
       602.142
       602.379
        602.66
       602.793
       602.964
       603.192
       603.464
       603.773
       604.118
       604.523
       604.972
        605.46
       606.032
       606.654
       607.325
       608.095
       608.929
       609.822
       610.803
       611.851
       612.958
       614.098
       615.235
        616.36
       617.315
       618.228
       619.096
       619.675
       620.133
       620.497
       620.727
       620.855
       620.906
        620.98
       621.022
       621.011
       621.068
         621.1
       621.128
       620.769
       620.412
       620.063
       619.745
       619.289
       618.672
        618.24
       617.751
       617.201
       616.773
       616.533
       616.468
       616.948
       617.001
       616.358
       615.838
       615.516
       615.947
       616.405
       616.906
       617.314
        617.47
       617.709
       618.025
       617.674
       617.999
       618.799
        620.33
       621.675
       622.576
       623.209
       623.502
       623.516
       623.314
       622.952
       622.434
       622.093
       621.647
       621.107
       621.098
       621.123
        621.21
       620.617
        620.16
       619.844
       619.436
       619.203
       619.178
       618.754
       618.583
       618.614
       618.785
       619.032
       619.294
       619.269
       619.198
       619.045
        618.68
       618.245
       617.724
       616.662
       615.517
       614.244
       612.811
       611.203
       609.436
       607.858
       606.058
       604.054
       601.904
       599.517
       596.932
       594.308
       591.492
       588.672
       586.047
       583.677
       581.818
       580.318
        579.18
       598.181
       597.705
       577.751
       575.506
       575.504
       575.499
       575.491
        575.48
       575.468
       575.453
       575.436
       575.416
       575.395
       575.372
       575.346
       575.318
       575.288
       575.256
       575.221
       575.183
       575.143
         575.1
       575.054
       575.005
       574.953
       574.897
       574.837
       574.774
       574.706
       574.634
       574.558
       574.477
       574.391
         574.3
       574.203
         574.1
       573.991
       573.875
       573.753
       573.624
       573.488
       573.344
       573.192
       573.032
       572.863
       572.685
       572.499
       572.303
       572.097
       571.883
       571.658
       571.424
       571.181
       570.928
       570.666
       570.829
       571.079
       571.376
       571.507
       571.676
       571.907
       572.182
       572.495
       572.845
       573.258
       573.714
       574.212
       574.797
       575.435
       576.122
       576.914
       577.773
       578.693
       579.705
       580.785
       581.923
       583.103
       584.284
       585.453
       586.437
       587.375
       588.266
       588.841
       589.286
       589.632
       589.834
        589.93
       589.948
       589.999
        590.02
       589.992
       590.052
         590.1
       590.173
       589.826
       589.476
       589.127
       588.799
       588.312
       587.655
       587.206
       586.697
       586.127
       585.688
       585.444
       585.383
       585.916
       585.973
       585.253
       584.661
       584.279
       584.722
        585.19
       585.701
       586.103
       586.223
       586.426
       586.709
       586.247
        586.52
       587.306
       588.883
       590.176
       591.018
       591.603
       591.852
        591.83
       591.602
        591.23
       590.714
       590.419
       590.031
       589.558
       589.687
       589.867
       590.128
       589.647
       589.325
       589.166
        588.91
       588.846
       589.002
       588.703
       588.669
       588.846
       589.166
       589.563
       589.971
       590.058
       590.094
        590.04
       589.754
       589.393
       588.938
       587.886
        586.74
       585.453
       583.993
       582.343
       580.523
       578.907
       577.052
       574.977
       572.733
       570.239
       567.538
       564.809
       561.887
       559.022
       556.355
       553.952
       552.079
       550.566
       549.421
       570.444
       569.966
       547.983
       544.447
       544.444
       544.439
       544.432
       544.421
       544.409
       544.394
       544.377
       544.358
       544.337
       544.314
       544.289
       544.261
       544.231
       544.199
       544.165
       544.128
       544.088
       544.045
       543.999
        543.95
       543.898
       543.842
       543.782
       543.718
        543.65
       543.578
         543.5
       543.418
       543.331
       543.238
       543.139
       543.034
       542.922
       542.803
       542.677
       542.543
       542.401
       542.251
       542.092
       541.923
       541.745
       541.556
       541.357
       541.147
       540.926
       540.694
       540.449
       540.193
       539.925
       539.645
       539.354
       539.523
       539.785
       540.096
       540.224
       540.391
       540.622
       540.899
       541.214
       541.567
       541.984
       542.447
       542.951
       543.547
       544.198
       544.898
        545.71
       546.592
       547.536
       548.576
       549.687
       550.857
       552.071
        553.29
         554.5
       555.511
       556.471
       557.381
       557.949
        558.38
       558.705
       558.877
        558.94
       558.924
        558.95
       558.951
       558.907
        558.97
       559.039
       559.164
       558.827
       558.489
       558.137
       557.794
       557.274
       556.581
       556.118
       555.591
       555.001
        554.55
       554.301
       554.242
       554.828
       554.889
       554.092
       553.427
       552.984
       553.436
       553.914
       554.434
       554.829
        554.91
       555.077
       555.325
       554.751
       554.971
       555.737
       557.328
       558.575
       559.355
       559.891
       560.094
       560.035
       559.781
       559.398
       558.883
       558.635
       558.305
         557.9
       558.169
       558.505
       558.939
       558.571
       558.385
       558.384
       558.282
       558.388
       558.728
       558.557
       558.662
       558.987
       559.459
       560.008
       560.565
       560.767
        560.91
       560.959
       560.757
       560.474
       560.088
       559.052
        557.91
        556.61
       555.125
       553.439
       551.567
       549.916
       548.008
       545.863
       543.528
       540.921
       538.101
       535.267
       532.254
       529.332
       526.614
       524.178
       522.287
       520.758
         519.6
       542.649
       542.167
       518.144
       513.401
       513.398
       513.393
       513.386
       513.376
       513.363
       513.349
       513.332
       513.314
       513.293
        513.27
       513.245
       513.218
       513.189
       513.157
       513.123
       513.086
       513.047
       513.004
       512.959
        512.91
       512.858
       512.802
       512.742
       512.678
        512.61
       512.537
        512.46
       512.377
       512.288
       512.194
       512.093
       511.986
       511.872
        511.75
       511.621
       511.483
       511.336
       511.179
       511.013
       510.837
       510.649
        510.45
       510.239
       510.016
       509.779
       509.529
       509.265
       508.987
       508.694
       508.387
       508.065
       508.239
       508.513
       508.837
       508.961
       509.124
       509.354
       509.631
       509.946
       510.299
        510.72
       511.186
       511.694
       512.299
       512.959
        513.67
       514.498
       515.399
       516.365
       517.431
        518.57
       519.767
       521.009
       522.264
       523.512
       524.547
       525.526
       526.452
        527.01
       527.423
       527.724
       527.865
       527.894
       527.841
       527.842
       527.821
        527.76
        527.83
       527.921
       528.107
       527.788
       527.461
       527.102
       526.742
       526.191
       525.462
       524.984
       524.442
       523.832
       523.371
       523.117
        523.06
         523.7
       523.762
       522.887
       522.148
       521.641
       522.103
        522.59
       523.116
       523.502
       523.543
       523.672
       523.884
       523.198
       523.371
       524.143
        525.75
       526.898
       527.601
       528.082
       528.238
       528.141
       527.861
       527.467
       526.955
       526.754
       526.485
       526.148
       526.557
        527.05
       527.658
       527.404
       527.354
       527.513
       527.568
        527.85
       528.375
       528.332
       528.573
       529.046
        529.67
       530.373
       531.079
       531.397
        531.65
       531.805
       531.689
       531.486
       531.174
       530.156
       529.019
       527.711
       526.207
       524.488
       522.568
       520.887
       518.934
        516.72
       514.275
       511.561
       508.619
       505.662
       502.554
       499.603
       496.835
       494.363
       492.447
       490.894
       489.717
       514.795
       514.308
       488.232
       482.377
       482.375
        482.37
       482.363
       482.353
       482.341
       482.327
        482.31
       482.292
       482.272
        482.25
       482.225
       482.199
        482.17
       482.139
       482.105
       482.069
        482.03
       481.988
       481.943
       481.895
       481.843
       481.787
       481.728
       481.664
       481.596
       481.524
       481.446
       481.362
       481.273
       481.178
       481.076
       480.968
       480.852
       480.727
       480.595
       480.453
       480.302
       480.141
       479.969
       479.785
       479.589
        479.38
       479.158
       478.921
        478.67
       478.403
       478.119
       477.819
       477.502
       477.168
       476.816
       476.995
       477.279
       477.615
       477.734
       477.892
       478.119
       478.395
       478.708
        479.06
       479.481
       479.948
       480.458
       481.068
       481.734
       482.453
       483.295
       484.211
       485.194
       486.282
       487.445
       488.665
        489.93
       491.215
       492.498
       493.552
       494.548
       495.489
       496.035
       496.427
       496.702
        496.81
       496.801
       496.711
       496.685
       496.643
       496.565
       496.639
       496.769
       497.017
       496.717
       496.402
       496.036
       495.655
       495.079
       494.312
       493.821
       493.264
       492.637
       492.164
       491.906
       491.852
       492.544
       492.608
       491.654
        490.84
        490.27
       490.739
       491.231
       491.761
       492.136
       492.133
       492.222
       492.396
       491.595
       491.718
       492.483
       494.049
       495.126
       495.756
       496.183
       496.291
       496.157
       495.852
       495.449
       494.941
        494.79
       494.582
       494.317
       494.867
       495.518
       496.301
        496.16
       496.248
       496.566
       496.778
       497.234
       497.945
        498.03
       498.409
       499.029
       499.806
       500.662
       501.518
       501.953
       502.317
       502.578
       502.549
       502.429
       502.192
       501.194
       500.065
       498.755
       497.238
       495.492
       493.527
       491.822
       489.827
       487.534
       484.993
       482.171
       479.109
       476.033
       472.863
       469.861
       467.039
       464.515
       462.563
       460.977
       459.769
       486.882
       486.386
       458.242
       451.386
       451.384
       451.379
       451.372
       451.362
       451.351
       451.337
       451.321
       451.303
       451.284
       451.262
       451.238
       451.212
       451.184
       451.154
       451.121
       451.085
       451.047
       451.006
       450.962
       450.914
       450.863
       450.808
        450.75
       450.687
       450.619
       450.547
       450.469
       450.386
       450.297
       450.201
       450.099
        449.99
       449.872
       449.746
       449.612
       449.468
       449.313
       449.147
        448.97
        448.78
       448.577
       448.359
       448.127
       447.878
       447.613
        447.33
       447.028
       446.707
       446.366
       446.005
       445.623
       445.807
       446.101
       446.449
       446.561
       446.713
       446.936
       447.209
       447.519
       447.867
       448.287
       448.752
        449.26
       449.873
       450.543
       451.265
       452.116
       453.044
        454.04
       455.146
       456.327
       457.566
       458.848
       460.157
       461.471
        462.54
       463.548
         464.5
       465.031
         465.4
       465.647
       465.718
        465.67
       465.541
       465.487
       465.424
       465.333
       465.421
       465.597
       465.906
        465.63
       465.323
       464.946
       464.548
       463.949
        463.15
       462.648
       462.077
       461.431
       460.946
       460.683
       460.631
       461.376
        461.44
       460.407
       459.518
       458.885
       459.359
       459.852
       460.383
       460.743
       460.694
       460.739
       460.871
       459.954
       460.023
        460.77
       462.267
        463.27
       463.827
       464.199
       464.261
       464.091
       463.763
       463.354
       462.853
       462.754
       462.612
        462.42
       463.115
       463.924
       464.882
       464.855
        465.08
       465.557
       465.923
       466.552
       467.447
        467.66
       468.179
       468.945
       469.873
       470.881
       471.885
       472.435
        472.91
       473.276
       473.336
       473.299
       473.139
       472.165
       471.046
       469.739
       468.213
       466.446
       464.443
       462.719
       460.688
       458.325
       455.687
       452.758
       449.579
       446.393
       443.169
       440.111
       437.228
       434.641
        432.64
       431.005
       429.756
       458.905
       458.396
       428.164
       420.439
       420.437
       420.432
       420.425
       420.415
       420.404
       420.391
       420.375
       420.358
       420.339
       420.318
       420.295
        420.27
       420.243
       420.213
       420.181
       420.147
        420.11
       420.069
       420.026
        419.98
        419.93
       419.876
       419.818
       419.756
        419.69
       419.618
       419.541
       419.459
        419.37
       419.275
       419.173
       419.064
       418.946
        418.82
       418.684
       418.538
       418.381
       418.213
       418.032
       417.837
       417.628
       417.403
       417.161
       416.902
       416.624
       416.327
       416.008
       415.667
       415.304
       414.917
       414.506
       414.695
       414.998
       415.357
       415.462
       415.608
       415.826
       416.094
       416.399
       416.742
       417.157
       417.619
       418.123
       418.735
       419.404
       420.126
       420.982
       421.917
       422.921
       424.039
       425.234
       426.486
       427.782
       429.109
       430.448
       431.526
       432.542
         433.5
       434.012
       434.353
       434.568
       434.601
       434.511
       434.339
       434.256
       434.171
       434.068
       434.179
       434.414
        434.79
       434.541
       434.241
       433.849
       433.436
       432.817
       431.987
       431.478
       430.893
       430.229
       429.733
       429.464
       429.415
       430.212
       430.276
       429.165
       428.201
       427.504
        427.98
       428.471
       428.998
       429.338
       429.238
       429.235
       429.321
       428.286
       428.305
       429.031
       430.422
       431.337
       431.817
       432.134
       432.152
       431.949
       431.603
       431.191
       430.702
        430.66
       430.587
       430.473
       431.314
       432.283
       433.417
       433.505
       433.866
       434.502
       435.021
       435.824
         436.9
       437.238
       437.892
       438.801
       439.875
       441.031
       442.181
       442.844
       443.427
       443.898
       444.046
       444.094
       444.014
       443.064
       441.959
       440.658
        439.13
       437.349
       435.313
       433.584
       431.528
       429.083
       426.356
       423.326
       420.034
        416.75
       413.478
        410.36
       407.409
       404.747
       402.681
       400.982
       399.672
       430.859
       430.332
       397.986
       389.548
       389.546
       389.541
       389.534
       389.525
       389.514
       389.501
       389.486
        389.47
       389.452
       389.431
       389.409
       389.385
       389.359
        389.33
         389.3
       389.266
        389.23
       389.191
        389.15
       389.104
       389.056
       389.004
       388.947
       388.887
       388.822
       388.752
       388.676
       388.595
       388.508
       388.414
       388.313
       388.205
       388.088
       387.962
       387.826
        387.68
       387.522
       387.352
       387.169
       386.971
       386.757
       386.527
       386.279
       386.011
       385.722
       385.412
       385.078
        384.72
       384.335
       383.924
       383.485
        383.68
       383.993
       384.362
        384.46
       384.598
       384.811
       385.073
       385.372
       385.707
       386.116
       386.571
       387.068
       387.675
        388.34
       389.059
       389.915
       390.851
       391.857
       392.983
       394.185
       395.443
       396.748
       398.086
       399.442
       400.525
       401.543
       402.503
        402.99
       403.301
       403.482
       403.472
       403.337
        403.12
       403.004
       402.896
       402.781
       402.927
       403.229
       403.681
       403.461
       403.166
       402.761
       402.342
       401.705
       400.845
       400.326
        399.73
        399.05
       398.546
       398.271
       398.226
       399.074
       399.137
       397.948
       396.909
       396.147
       396.623
       397.107
       397.627
       397.942
       397.784
       397.724
       397.756
       396.604
       396.595
       397.213
       398.498
       399.325
       399.729
       399.994
       399.971
       399.741
       399.382
       398.974
       398.501
       398.521
       398.521
       398.489
        399.48
       400.613
       401.924
       402.127
       402.626
       403.419
       404.088
       405.063
       406.321
       406.781
       407.562
       408.604
       409.819
       411.118
       412.409
        413.18
       413.867
        414.44
       414.675
       414.808
        414.81
       413.884
       412.796
       411.507
       409.985
       408.193
       406.133
       404.409
       402.323
       399.803
       397.003
       393.881
       390.474
       387.108
       383.801
       380.623
       377.596
       374.843
       372.694
       370.908
       369.514
       402.735
       402.185
       367.692
       358.728
       358.726
       358.721
       358.714
       358.705
       358.695
       358.683
       358.669
       358.653
       358.636
       358.616
       358.595
       358.572
       358.547
        358.52
        358.49
       358.459
       358.424
       358.387
       358.347
       358.303
       358.256
       358.206
       358.152
       358.093
        358.03
       357.962
       357.889
        357.81
       357.725
       357.633
       357.534
       357.428
       357.312
       357.188
       357.054
       356.909
       356.752
       356.582
       356.398
       356.199
       355.984
       355.751
       355.498
       355.224
       354.927
       354.607
        354.26
       353.886
       353.483
        353.05
       352.585
       352.786
       353.109
       353.488
       353.579
       353.711
       353.917
       354.172
       354.463
       354.789
        355.19
       355.636
       356.121
       356.721
       357.378
       358.088
        358.94
       359.871
       360.873
       361.995
       363.194
       364.451
       365.758
       367.103
        368.47
       369.551
       370.565
       371.521
       371.981
       372.257
       372.399
       372.343
       372.157
       371.892
        371.74
       371.605
       371.486
       371.682
       372.056
       372.596
       372.407
       372.119
       371.709
       371.285
       370.632
       369.745
        369.22
       368.615
        367.92
       367.406
       367.124
       367.083
       367.981
       368.045
       366.778
       365.665
       364.838
        365.31
       365.785
       366.291
       366.575
        366.35
       366.221
       366.183
       364.888
       364.804
       365.282
       366.482
       367.228
       367.562
       367.782
       367.725
       367.475
        367.11
       366.713
       366.266
       366.355
       366.434
       366.488
       367.631
        368.93
       370.422
       370.742
       371.377
       372.324
       373.141
       374.281
       375.714
        376.29
       377.191
       378.361
       379.709
       381.143
       382.568
       383.442
       384.227
       384.899
       385.218
       385.435
       385.517
       384.616
       383.549
       382.277
       380.765
       378.971
       376.899
       375.188
        373.08
       370.496
       367.639
       364.442
       360.938
       357.529
       354.168
       350.919
       347.804
       344.944
        342.69
       340.787
       339.276
       374.523
       373.941
       337.259
       327.996
       327.994
       327.989
       327.983
       327.974
       327.964
       327.953
       327.939
       327.925
       327.908
        327.89
        327.87
       327.848
       327.825
       327.799
       327.771
       327.741
       327.708
       327.673
       327.635
       327.593
       327.549
       327.501
       327.449
       327.393
       327.332
       327.267
       327.197
       327.121
       327.039
        326.95
       326.855
       326.751
       326.639
       326.518
       326.387
       326.245
        326.09
       325.923
       325.741
       325.543
       325.328
       325.095
        324.84
       324.563
       324.262
       323.934
       323.578
       323.191
       322.773
        322.32
       321.832
        322.04
       322.374
       322.764
       322.849
       322.973
       323.172
        323.42
       323.701
       324.016
       324.407
       324.842
       325.314
       325.902
       326.545
       327.241
       328.079
       328.998
       329.985
       331.093
       332.279
        333.53
       334.835
        336.18
       337.552
       338.624
        339.63
       340.576
       341.003
       341.238
       341.335
       341.227
       340.986
       340.665
       340.473
       340.311
       340.202
        340.46
       340.921
       341.554
       341.399
       341.121
       340.709
       340.283
       339.617
       338.706
       338.176
       337.564
       336.859
       336.336
       336.048
       336.012
       336.961
       337.024
       335.682
       334.496
       333.604
       334.071
       334.534
       335.022
       335.266
       334.964
        334.75
       334.618
       333.151
       332.955
        333.27
       334.381
       335.049
       335.318
       335.502
       335.422
       335.162
       334.802
       334.427
       334.015
       334.181
       334.346
       334.491
       335.791
       337.259
       338.931
        339.37
        340.14
       341.238
       342.198
       343.495
       345.095
       345.779
       346.794
       348.081
       349.551
       351.109
       352.659
       353.627
       354.505
       355.269
       355.667
       355.963
       356.126
       355.248
       354.206
       352.958
       351.465
       349.679
       347.608
       345.926
       343.801
        341.17
       338.276
       335.029
       331.466
       328.023
       324.598
       321.269
       318.056
       315.074
       312.685
       310.629
       308.956
       346.205
       345.584
        306.66
       297.373
       297.371
       297.366
        297.36
       297.352
       297.343
       297.332
       297.319
       297.306
        297.29
       297.273
       297.255
       297.235
       297.212
       297.188
       297.162
       297.134
       297.104
       297.071
       297.035
       296.996
       296.954
       296.909
        296.86
       296.807
        296.75
       296.688
       296.622
       296.549
       296.472
       296.387
       296.296
       296.197
       296.089
       295.973
       295.847
       295.709
        295.56
       295.397
       295.219
       295.026
       294.814
       294.583
        294.33
       294.054
       293.751
        293.42
       293.059
       292.664
       292.233
       291.765
       291.257
       291.474
       291.819
        292.22
         292.3
       292.418
        292.61
        292.85
        293.12
       293.422
       293.799
       294.216
       294.669
       295.238
       295.861
       296.534
       297.353
       298.253
       299.219
       300.307
       301.475
       302.711
       304.004
       305.342
        306.71
       307.768
       308.758
        309.69
       310.078
       310.268
       310.315
       310.148
       309.843
       309.454
       309.212
       309.029
       308.955
       309.299
       309.862
       310.592
        310.47
       310.202
       309.794
       309.368
       308.692
       307.758
       307.225
       306.605
       305.888
        305.36
       305.069
        305.04
       306.039
       306.104
        304.69
       303.434
       302.479
        302.94
        303.39
       303.856
       304.054
       303.664
       303.347
       303.096
       301.418
       301.055
       301.184
       302.196
       302.784
       302.998
       303.161
       303.074
       302.817
       302.475
       302.136
       301.771
       302.024
       302.283
       302.526
       303.985
       305.623
       307.478
       308.036
       308.941
       310.188
       311.284
       312.731
       314.489
       315.269
       316.385
       317.776
       319.353
       321.022
       322.683
       323.734
       324.693
        325.54
        326.01
       326.383
       326.621
       325.768
       324.754
       323.536
       322.068
       320.303
       318.253
        316.61
       314.466
        311.82
       308.916
       305.645
       302.054
       298.585
       295.109
       291.699
       288.379
       285.263
       282.708
       280.451
       278.554
       317.761
       317.092
       275.861
       266.883
       266.881
       266.876
        266.87
       266.863
       266.854
       266.844
       266.832
        266.82
       266.806
        266.79
       266.773
       266.755
       266.734
       266.712
       266.688
       266.662
       266.634
       266.604
       266.571
       266.535
       266.496
       266.454
       266.409
        266.36
       266.307
        266.25
       266.187
        266.12
       266.047
       265.968
       265.882
       265.789
       265.688
       265.578
       265.458
       265.328
       265.185
        265.03
       264.859
       264.673
       264.468
       264.244
       263.996
       263.725
       263.426
       263.096
       262.734
       262.335
       261.897
       261.418
       260.894
       261.122
        261.48
       261.893
       261.968
       262.077
        262.26
       262.488
       262.745
       263.029
       263.387
       263.784
       264.213
        264.76
       265.359
       266.004
       266.799
       267.673
       268.612
       269.673
       270.812
       272.021
       273.292
       274.612
       275.965
           277
       277.972
       278.884
        279.23
        279.37
       279.364
       279.137
       278.762
       278.302
       278.005
       277.814
       277.791
       278.232
       278.896
        279.72
       279.633
       279.387
       278.981
       278.558
       277.875
       276.924
       276.389
       275.764
       275.037
       274.504
       274.214
       274.195
       275.245
       275.314
       273.833
       272.513
       271.499
       271.957
       272.394
       272.836
       272.984
         272.5
       272.066
       271.669
       269.742
       269.063
       269.021
       269.921
       270.426
       270.598
       270.769
       270.698
        270.46
       270.153
       269.867
       269.567
       269.918
       270.278
       270.623
       272.244
       274.053
        276.09
       276.768
       277.807
         279.2
       280.428
       282.017
       283.922
       284.787
       285.987
       287.461
       289.127
       290.888
       292.644
        293.76
       294.784
       295.701
       296.234
       296.677
       296.984
       296.155
       295.171
       293.987
       292.554
       290.823
       288.812
        287.22
       285.079
       282.448
       279.562
       276.297
       272.712
       269.242
       265.735
       262.257
       258.835
       255.564
       252.806
       250.288
       248.084
       289.162
       288.437
       244.828
       236.555
       236.552
       236.548
       236.542
       236.535
       236.527
       236.518
       236.508
       236.496
       236.483
       236.469
       236.454
       236.437
       236.419
       236.399
       236.378
       236.354
       236.329
       236.301
       236.272
       236.239
       236.204
       236.166
       236.125
       236.081
       236.032
        235.98
       235.923
       235.862
       235.795
       235.722
       235.643
       235.558
       235.464
       235.363
       235.252
        235.13
       234.997
       234.851
       234.691
       234.516
       234.322
       234.107
        233.87
       233.608
       233.318
       232.996
       232.638
       232.241
         231.8
       231.314
       230.777
       231.016
       231.387
        231.81
       231.877
       231.978
       232.151
       232.367
       232.609
       232.875
       233.213
       233.587
        233.99
       234.511
       235.081
       235.694
       236.457
       237.296
       238.198
       239.223
       240.324
       241.494
       242.729
       244.019
        245.35
       246.352
       247.293
       248.176
       248.474
       248.561
       248.501
       248.214
       247.775
       247.258
       246.947
       246.789
       246.818
       247.334
       248.082
        248.98
       248.926
       248.695
       248.292
       247.873
       247.182
       246.216
       245.681
       245.059
       244.326
       243.794
       243.513
        243.51
       244.612
       244.688
       243.147
       241.768
       240.704
       241.162
       241.591
       242.013
       242.114
       241.536
        240.98
       240.414
       238.172
       237.162
        236.81
       237.544
       237.945
         238.1
       238.344
       238.326
       238.119
       237.862
       237.652
       237.446
       237.909
       238.375
       238.825
       240.607
       242.584
         244.8
       245.598
       246.772
       248.309
       249.661
       251.377
       253.411
       254.342
       255.607
       257.145
       258.878
        260.71
       262.538
         263.7
       264.771
       265.743
       266.324
       266.824
       267.195
       266.387
       265.433
       264.288
       262.899
       261.219
       259.266
       257.733
       255.625
       253.047
       250.216
       246.997
       243.458
       240.023
       236.519
       232.997
       229.486
       226.049
       223.049
       220.198
       217.579
       260.373
       259.586
       213.538
       206.422
       206.419
       206.415
       206.409
       206.403
       206.396
       206.388
       206.378
       206.368
       206.357
       206.345
       206.331
       206.317
       206.301
       206.283
       206.264
       206.244
       206.222
       206.197
       206.171
       206.143
       206.112
       206.078
       206.042
       206.002
        205.96
       205.913
       205.863
       205.808
       205.748
       205.684
       205.613
       205.536
       205.452
       205.361
        205.26
       205.151
        205.03
       204.897
        204.75
       204.589
        204.41
       204.211
       203.988
        203.74
       203.463
       203.152
       202.802
        202.41
       201.971
       201.481
       200.936
        201.19
       201.574
       202.009
       202.072
       202.165
        202.33
       202.534
       202.761
       203.008
       203.325
       203.673
       204.047
       204.536
        205.07
       205.643
       206.366
       207.162
       208.018
       208.995
       210.046
       211.164
        212.35
       213.597
       214.891
       215.849
       216.749
       217.595
       217.837
       217.866
       217.744
       217.388
       216.891
       216.357
       216.071
       215.962
       216.048
        216.63
       217.443
       218.398
       218.358
       218.135
       217.739
       217.325
       216.635
       215.661
       215.136
       214.518
       213.788
       213.264
       212.998
       213.014
       214.171
        214.26
       212.668
       211.242
       210.136
       210.604
       211.032
       211.443
       211.507
       210.848
       210.185
       209.476
       206.983
       205.696
       205.086
       205.661
       205.933
       205.958
       206.124
       206.034
       205.815
       205.617
        205.52
       205.469
       206.051
       206.624
       207.176
       209.116
       211.258
       213.645
       214.561
       215.871
       217.557
       219.023
       220.846
       222.985
       223.959
       225.264
       226.841
       228.614
       230.489
       232.362
       233.543
       234.638
       235.644
       236.254
       236.798
       237.226
       236.433
       235.511
       234.409
       233.075
       231.462
       229.577
       228.127
         226.1
       223.614
       220.874
       217.759
       214.313
       210.963
       207.506
       203.984
       200.412
       196.812
       193.539
        190.28
       187.112
       231.352
       230.501
       181.999
       176.525
       176.521
       176.517
       176.512
       176.506
         176.5
       176.493
       176.485
       176.476
       176.467
       176.456
       176.445
       176.432
       176.419
       176.404
       176.388
       176.371
       176.352
       176.331
       176.309
       176.285
       176.259
        176.23
       176.199
       176.166
       176.129
       176.089
       176.046
       175.999
       175.948
       175.892
       175.831
       175.765
       175.692
       175.612
       175.525
       175.429
       175.323
       175.205
       175.074
       174.929
       174.766
       174.584
       174.379
       174.148
       173.888
       173.594
       173.261
       172.883
       172.454
       171.968
       171.421
       171.693
       172.094
       172.542
       172.602
        172.69
       172.847
        173.04
       173.251
       173.477
       173.769
       174.089
       174.428
       174.882
       175.375
       175.901
       176.575
       177.318
       178.115
       179.032
        180.02
       181.073
       182.194
       183.381
       184.621
       185.522
        186.37
       187.171
       187.354
       187.322
       187.139
       186.719
       186.185
        185.65
       185.405
       185.358
       185.496
       186.129
       186.986
       187.988
       187.955
       187.733
       187.339
       186.935
       186.251
       185.274
       184.772
       184.169
       183.451
       182.946
         182.7
       182.739
       183.959
       184.071
       182.439
       180.976
       179.842
        180.33
       180.769
        181.18
       181.224
       180.511
       179.776
       178.972
       176.313
       174.873
       174.124
       174.597
       174.769
       174.676
       174.677
       174.496
       174.221
       173.961
       173.843
       173.766
       174.413
       175.076
        175.72
        177.82
       180.116
       182.661
       183.687
       185.135
           187
       188.563
       190.465
       192.676
       193.664
       194.981
       196.566
       198.345
       200.226
       202.109
       203.275
       204.365
       205.377
       205.995
       206.565
        207.04
       206.257
       205.364
       204.311
        203.04
         201.5
       199.697
       198.384
       196.493
        194.14
       191.552
       188.597
         185.3
       182.093
       178.749
       175.294
       171.711
       167.982
       164.431
       160.695
       156.822
       202.055
       201.148
       150.299
        146.91
       146.906
       146.902
       146.897
       146.892
       146.887
       146.881
       146.874
       146.867
       146.859
        146.85
       146.841
       146.831
        146.82
       146.808
       146.795
       146.781
       146.766
        146.75
       146.732
       146.713
       146.692
       146.669
       146.644
       146.616
       146.587
       146.555
        146.52
       146.481
       146.439
       146.394
       146.344
       146.289
       146.229
       146.161
       146.088
       146.005
       145.913
        145.81
       145.695
       145.568
       145.424
       145.263
       145.081
       144.874
        144.64
       144.372
       144.064
        143.71
       143.302
       142.831
       142.291
       142.585
       143.004
       143.466
       143.524
       143.606
       143.755
       143.935
       144.128
       144.333
         144.6
       144.888
       145.191
       145.602
       146.047
       146.519
       147.135
       147.815
       148.543
       149.386
       150.296
       151.267
       152.305
       153.411
       154.578
       155.404
       156.184
       156.932
       157.055
       156.964
       156.726
       156.272
       155.728
       155.209
       155.018
       155.018
       155.191
       155.858
       156.743
       157.774
       157.735
       157.508
       157.113
       156.723
       156.053
       155.091
       154.619
       154.045
       153.353
       152.876
       152.659
       152.731
       154.017
       154.158
       152.502
       151.016
       149.867
       150.388
        150.85
       151.277
       151.324
       150.589
       149.828
       148.988
       146.249
       144.748
       143.944
       144.377
       144.503
       144.353
       144.287
       144.055
       143.745
       143.448
       143.242
       143.052
       143.606
       144.216
       144.905
       147.096
       149.495
       152.139
       153.231
       154.784
        156.75
       158.347
       160.275
       162.519
       163.489
       164.782
       166.335
       168.078
       169.921
       171.769
        172.88
       173.926
       174.913
       175.511
       176.088
       176.595
       175.813
        174.95
       173.952
       172.759
       171.315
       169.627
        168.48
       166.764
       164.604
       162.234
       159.505
        156.43
       153.455
       150.315
       147.018
       143.512
       139.729
        135.94
       131.695
       126.963
       172.448
       171.502
       118.688
       117.631
       117.627
       117.623
       117.619
       117.615
        117.61
       117.606
         117.6
       117.595
       117.589
       117.582
       117.575
       117.568
       117.559
       117.551
       117.541
       117.531
        117.52
       117.508
       117.495
        117.48
       117.465
       117.448
       117.429
       117.409
       117.388
       117.364
       117.338
       117.308
       117.275
        117.24
         117.2
       117.154
       117.104
       117.048
       116.987
       116.918
       116.842
       116.757
       116.662
       116.555
       116.436
       116.301
       116.147
       115.972
       115.771
       115.539
       115.269
       114.952
       114.578
       114.134
       113.611
       113.928
       114.363
       114.836
       114.893
        114.97
        115.11
       115.279
       115.455
       115.637
       115.876
       116.131
       116.392
       116.758
       117.151
       117.562
       118.111
       118.715
        119.36
       120.113
       120.926
       121.793
       122.723
       123.726
         124.8
       125.533
       126.231
       126.913
       126.966
        126.82
       126.546
       126.087
        125.57
       125.098
       124.954
       124.988
       125.176
       125.847
        126.73
       127.764
       127.705
       127.468
       127.076
       126.709
        126.07
       125.137
       124.721
       124.199
        123.55
       123.108
       122.927
       123.034
       124.385
       124.565
       122.902
       121.401
       120.254
        120.83
       121.327
       121.782
       121.853
       121.133
       120.397
       119.588
       116.851
       115.375
       114.592
       115.043
       115.174
       115.025
       114.956
       114.733
       114.448
       114.165
       113.943
       113.714
       114.232
       114.815
       115.481
       117.616
       119.984
       122.609
        123.65
       125.099
       126.916
       128.427
       130.317
       132.547
       133.475
        134.71
       136.169
       137.824
       139.573
       141.334
       142.338
       143.296
       144.216
       144.759
       145.315
       145.838
       145.048
       144.217
       143.284
       142.185
       140.866
       139.312
       138.368
       136.876
       134.973
       132.895
       130.469
       127.706
       125.065
       122.244
       119.233
       115.944
       112.256
       108.353
       103.656
       97.9697
       142.524
       141.575
       87.7339
       88.7528
       88.7484
        88.745
       88.7418
       88.7387
       88.7353
       88.7317
       88.7279
       88.7239
       88.7196
       88.7152
       88.7105
       88.7055
       88.7002
       88.6947
       88.6889
       88.6827
       88.6758
       88.6681
       88.6599
       88.6519
       88.6427
       88.6322
       88.6201
        88.606
       88.5917
       88.5741
       88.5539
       88.5312
       88.5059
       88.4781
       88.4469
       88.4121
       88.3735
       88.3307
       88.2833
       88.2307
       88.1722
        88.107
       88.0341
       87.9524
       87.8603
       87.7559
       87.6367
       87.5001
       87.3414
       87.1553
       86.9349
       86.6694
       86.3451
       85.9453
       85.4504
       85.7903
        86.238
       86.7176
       86.7729
       86.8453
        86.977
       87.1325
       87.2909
       87.4504
       87.6619
        87.883
       88.1034
       88.4212
        88.757
       89.1009
        89.572
       90.0875
       90.6322
       91.2746
       91.9668
       92.7067
        93.506
       94.3787
       95.3319
       95.9467
       96.5434
       97.1414
       97.1169
       96.9177
       96.6371
       96.2128
       95.7652
       95.3641
       95.2673
         95.32
       95.4918
       96.1249
       96.9676
       97.9713
         97.87
       97.6167
       97.2339
       96.9016
       96.3111
       95.4378
       95.1036
       94.6595
        94.073
       93.6889
       93.5527
         93.69
        95.094
        95.327
       93.6942
       92.2266
       91.1234
       91.7389
       92.2569
       92.7329
       92.8386
       92.1702
       91.5124
       90.8107
       88.1769
       86.8151
       86.1221
       86.6363
       86.8168
       86.7187
       86.7087
       86.5688
       86.3708
         86.16
       85.9745
       85.7645
       86.2819
       86.8446
       87.4246
       89.3804
       91.6008
       94.1222
       95.0332
       96.2923
       97.9007
       99.2223
       100.916
       102.967
       103.753
       104.813
       106.068
       107.588
       109.172
       110.783
       111.621
       112.432
       113.236
       113.682
       114.181
       114.697
       113.893
       113.099
       112.245
       111.259
       110.074
       108.694
       108.002
       106.785
         105.2
        103.48
       101.445
       99.1172
        96.926
       94.5661
       92.0031
       89.1304
       85.7761
       82.0268
       77.1195
       70.5631
       112.347
       111.451
       58.5868
       60.3473
       60.3439
       60.3417
       60.3396
       60.3375
       60.3353
        60.333
       60.3305
       60.3281
       60.3256
       60.3234
       60.3212
       60.3188
       60.3164
        60.314
       60.3125
       60.3106
       60.3081
       60.3049
       60.3008
       60.2972
       60.2916
       60.2845
       60.2763
       60.2669
       60.2565
       60.2445
       60.2308
       60.2155
       60.1983
       60.1794
       60.1582
       60.1346
       60.1085
       60.0796
       60.0476
       60.0123
       59.9731
       59.9296
       59.8808
       59.8262
       59.7651
       59.6949
       59.6143
       59.5209
       59.4106
       59.2793
       59.1206
       58.9243
       58.6752
       58.3485
       57.9067
        58.264
       58.7063
       59.1775
       59.2304
       59.2993
        59.423
        59.566
       59.7082
       59.8473
       60.0322
       60.2214
       60.3999
       60.6659
       60.9402
       61.2098
       61.5929
       62.0066
       62.4357
       62.9491
       63.4992
       64.0853
       64.7206
       65.4238
        66.214
       66.6803
       67.1466
       67.6385
       67.5449
       67.3317
       67.0895
       66.7458
       66.3965
       66.0754
       66.0189
       66.0676
       66.1898
       66.7311
       67.4636
       68.3725
       68.2079
       67.9338
       67.5664
       67.2853
       66.7768
       66.0065
       65.7872
       65.4579
       64.9798
       64.6863
       64.6038
        64.752
       66.1624
       66.4537
       64.9319
       63.6198
        62.606
       63.2068
       63.6956
       64.1546
       64.2917
       63.7034
       63.1759
       62.6693
       60.2785
       59.1449
         58.61
       59.2072
       59.4618
       59.4552
       59.5656
       59.5741
       59.5315
       59.4575
       59.3834
        59.269
       59.8146
       60.3421
       60.7952
       62.5298
          64.5
       66.7868
       67.5177
       68.5678
       69.9202
       70.9892
       72.3808
       74.1118
       74.5484
       75.3019
       76.2513
       77.4042
       78.6982
       80.0978
       80.6931
       81.2903
       81.9148
       82.2112
       82.6023
       83.0777
       82.2609
       81.5252
       80.7754
       79.9316
       78.9247
       77.7565
       77.3285
       76.4228
       75.2044
       73.9144
       72.3795
       70.6074
       69.0131
       67.2681
       65.3506
       63.1475
       60.4748
       57.3379
       52.8039
       45.9104
        82.128
       81.3689
       33.4227
       32.4962
        32.499
        32.499
       32.4983
       32.4973
       32.4962
       32.4951
        32.494
       32.4929
       32.4921
       32.4922
       32.4926
        32.493
       32.4932
        32.493
        32.494
       32.4935
       32.4923
       32.4907
       32.4887
       32.4865
       32.4837
       32.4801
        32.476
       32.4713
       32.4659
       32.4599
        32.453
       32.4453
       32.4366
       32.4271
       32.4164
       32.4046
       32.3915
        32.377
        32.361
       32.3435
       32.3246
        32.304
       32.2805
       32.2538
       32.2234
        32.188
       32.1469
       32.0991
       32.0427
       31.9757
       31.8928
        31.787
       31.6458
       31.4411
       31.1117
        31.457
        31.851
       32.2752
       32.3356
       32.4102
       32.5274
       32.6575
       32.7853
       32.9062
       33.0629
       33.2173
       33.3565
       33.5665
       33.7769
       33.9747
       34.2614
       34.5625
       34.8647
        35.229
       35.6125
        36.015
       36.4472
        36.927
       37.4879
        37.772
       38.0687
       38.4174
       38.2965
        38.126
       37.9698
       37.7501
       37.5264
       37.3054
       37.2827
       37.3095
       37.3521
       37.7181
       38.2166
       38.8976
       38.6589
        38.375
       38.0415
       37.8281
        37.457
       36.8757
       36.8008
       36.6324
       36.3381
        36.191
       36.1891
        36.321
       37.5562
       37.8729
       36.6489
       35.6539
        34.819
       35.3367
       35.7035
       36.0671
       36.1965
       35.7294
       35.3706
       35.1179
       33.2289
       32.4776
       32.1653
       32.7966
       33.1307
       33.2668
       33.5447
        33.759
       33.9376
       34.0768
       34.2137
       34.2893
       34.8937
       35.4397
       35.8491
       37.2627
       38.8237
        40.679
       41.2173
       41.9981
       43.0123
       43.7463
       44.7212
       45.9803
       46.0936
       46.4619
       46.9764
       47.6227
       48.3965
       49.2678
       49.5091
        49.807
        50.175
       50.2701
       50.4642
       50.8267
       50.0495
       49.4204
       48.8084
       48.1441
       47.3708
       46.4675
       46.2728
       45.6975
       44.9156
        44.147
       43.2249
       42.1488
       41.2791
       40.3011
       39.2234
       37.9693
        36.398
        34.532
       31.4767
       25.8555
       52.3508
       51.8637
       16.1215
        5.2435
        5.2435
        5.2435
        5.2435
        5.2435
        5.2435
        5.2435
        5.2435
        5.2435
        5.2435
        5.2435
        5.2435
        5.2435
        5.2435
        5.2435
        5.2435
        5.2435
        5.2435
        5.2435
        5.2435
        5.2435
        5.2435
        5.2435
        5.2435
        5.2435
        5.2435
        5.2435
        5.2435
        5.2435
        5.2435
        5.2435
        5.2435
        5.2435
        5.2435
        5.2435
        5.2435
        5.2435
        5.2435
        5.2435
        5.2435
        5.2435
        5.2435
        5.2435
        5.2435
        5.2435
        5.2435
        5.2435
        5.2435
        5.2435
        5.2435
        5.2435
        5.2435
       5.45344
       5.69709
       5.94075
       6.06874
       6.17876
       6.28878
        6.3988
       6.50883
       6.61886
       6.74016
       6.86321
       6.98625
        7.1313
        7.2797
        7.4281
       7.60073
       7.77701
       7.95328
       8.14411
       8.33709
       8.53007
       8.72304
       8.91602
       9.10899
       9.21578
       9.31032
       9.40485
       9.38128
        9.3411
       9.30093
       9.24189
       9.18021
       9.11853
       9.10017
       9.08783
        9.0755
       9.13114
       9.19616
       9.26118
       9.07113
        8.8462
       8.62127
       8.45684
       8.30041
       8.14397
       8.15524
       8.18827
        8.2213
       8.31264
       8.45678
       8.64166
       9.05362
       9.15075
       8.78879
       8.42682
       8.12739
       8.20801
       8.28863
       8.36924
        8.3636
       8.18041
       7.99721
       7.81402
       7.23989
         7.009
       7.01861
       7.38851
       7.75841
        8.1283
       8.57314
       9.02598
       9.47883
       9.92286
       10.3661
       10.8093
       11.4245
       12.0531
       12.6817
       13.6103
       14.5533
       15.4938
        16.026
       16.5583
       17.0874
        17.487
       17.8866
       18.2735
        18.315
       18.3565
        18.398
       18.4395
        18.481
       18.5171
       18.4093
       18.3014
       18.1907
       18.0066
       17.8224
       17.6277
       17.1759
       16.7241
       16.2723
       15.8204
       15.3686
       14.9314
       14.7104
       14.4893
       14.2709
       14.0898
       13.9087
       13.7339
       13.6459
       13.5579
       13.4699
       13.3821
        13.297
        13.297
        13.297
        13.297
            24
            24
        13.297
