160                           37.092                        
35                            37.092                        
34                            34.088                        
33                            30.885                        
32                            27.549                        
31                            23.797                        
30                            19.607                        
29                            15.61                         
28                            11.821                        
10                            55.639                        
9                             93.71                         
8                             95.772                        
7                             73.204                        
6                             58.241                        
5                             51.998                        
4                             45.064                        
3                             39.672                        
2                             33.871                        
1                             29.618                        
0                             19.431                        
