       913.128
       913.124
       913.123
       913.122
       913.122
       913.122
       913.122
       913.122
       913.123
       913.123
       913.123
       913.124
       913.124
       913.125
       913.125
       913.125
       913.126
       913.126
       913.126
       913.127
       913.127
       913.127
       913.127
       913.126
       913.126
       913.125
       913.124
       913.123
       913.122
        913.12
       913.118
       913.116
       913.113
        913.11
       913.107
       913.103
       913.099
       913.095
        913.09
       913.084
       913.079
       913.073
       913.067
        913.06
       913.054
       913.047
       913.041
       913.035
        913.03
       913.025
       913.021
       913.019
       913.019
       913.021
       913.025
       913.034
       913.046
       913.063
       913.086
       913.116
       913.153
       913.201
       913.259
        913.33
       913.416
        913.52
       913.643
       913.788
       913.957
       914.154
       914.382
       914.642
       914.939
       915.275
       915.654
       916.081
       916.559
       917.095
       917.695
       918.354
       919.005
       919.641
        920.26
        920.86
       921.443
       922.008
       922.557
       923.089
       923.606
       924.108
       924.596
        925.07
       925.533
       925.983
        926.42
       926.843
       927.253
       927.652
       928.041
       928.421
       928.793
       929.153
       929.499
       929.828
       930.143
       930.445
       930.734
       931.007
       931.261
       931.488
        931.68
        931.84
        931.97
        932.06
       932.079
       932.024
       931.895
       931.688
       931.401
       931.033
        930.58
       930.039
       929.406
       928.678
       927.853
        926.93
       925.906
        924.78
       923.551
        922.22
       920.797
       919.294
       917.718
       916.073
       914.363
       912.592
       910.762
       908.875
       906.935
       904.945
       902.919
       900.881
        898.86
       896.868
        894.91
       892.996
       891.133
        889.33
       887.602
       885.956
       884.389
         882.9
       881.487
        880.15
       878.887
       877.698
       876.582
       875.537
       874.561
       873.655
       872.815
        872.04
       871.329
       870.681
       870.095
       869.569
       869.103
       868.696
       868.347
       868.056
       867.824
       867.651
       867.539
       867.496
       882.759
       882.758
       882.758
       882.757
       882.757
       882.757
       882.757
       882.757
       882.758
       882.758
       882.758
       882.759
       882.759
        882.76
        882.76
        882.76
       882.761
       882.761
       882.761
       882.762
       882.762
       882.762
       882.762
       882.761
       882.761
        882.76
       882.759
       882.758
       882.757
       882.755
       882.753
       882.751
       882.748
       882.745
       882.742
       882.738
       882.734
       882.729
       882.724
       882.719
       882.713
       882.707
       882.701
       882.694
       882.688
       882.681
       882.675
       882.668
       882.663
       882.658
       882.654
       882.651
       882.651
       882.652
       882.656
       882.664
       882.675
       882.692
       882.714
       882.743
        882.78
       882.826
       882.918
       883.023
       883.143
       883.269
       883.414
       883.582
       883.773
       883.992
        884.24
       884.515
       884.826
       885.177
       885.575
       886.021
       886.514
       887.066
       887.681
       888.352
       889.032
       889.694
       890.336
       890.933
       891.513
       892.074
       892.586
       893.081
       893.561
        894.04
       894.504
       894.961
       895.429
       895.884
       896.329
       896.767
       897.191
       897.604
       897.997
       898.379
       898.736
       899.067
       899.377
       899.653
       899.909
       900.154
        900.38
       900.587
       900.798
       900.992
       901.155
       901.287
       901.411
       901.495
       901.508
       901.454
       901.333
       901.143
       900.865
       900.505
       900.071
       899.547
       898.927
       898.186
       897.341
       896.451
       895.517
       894.737
       893.738
       892.529
       891.209
       889.762
       888.234
       886.627
       884.918
       883.148
       881.321
       879.454
       877.605
       875.736
       873.824
       871.899
        869.99
       868.107
       866.199
       864.315
       862.483
       860.723
       859.008
       857.365
       855.798
       854.321
       852.943
        851.64
       850.412
       849.237
       848.133
       847.056
        846.02
       845.052
       844.153
       843.322
       842.556
       841.852
       841.219
        840.65
       840.142
       839.691
       839.292
       838.951
       838.677
        840.63
       840.517
       838.345
       852.443
       852.443
       852.443
       852.443
       852.443
       852.443
       852.443
       852.443
       852.443
       852.444
       852.444
       852.444
       852.445
       852.445
       852.446
       852.446
       852.447
       852.447
       852.447
       852.447
       852.447
       852.447
       852.447
       852.447
       852.446
       852.446
       852.445
       852.444
       852.442
        852.44
       852.438
       852.436
       852.433
        852.43
       852.427
       852.423
       852.418
       852.414
       852.408
       852.403
       852.397
       852.391
       852.384
       852.377
        852.37
       852.363
       852.356
       852.349
       852.343
       852.337
       852.332
       852.329
       852.327
       852.327
       852.329
       852.335
       852.345
       852.359
       852.379
       852.406
       852.439
       852.482
       852.606
       852.742
       852.893
       853.038
       853.203
       853.389
       853.598
       853.835
       854.101
       854.386
       854.707
       855.068
        855.48
       855.937
       856.439
       856.999
       857.618
       858.297
       859.003
       859.692
        860.36
       860.956
       861.533
       862.091
       862.567
       863.026
       863.471
       863.927
       864.369
       864.808
       865.281
       865.742
       866.196
       866.648
       867.087
       867.515
       867.913
       868.296
       868.638
        868.94
       869.216
       869.437
       869.635
       869.823
       869.985
       870.126
       870.293
       870.456
        870.59
       870.693
       870.811
       870.891
       870.901
        870.85
       870.741
       870.569
       870.302
       869.953
       869.538
       869.033
       868.429
       867.676
       866.814
       865.958
       865.118
       864.685
       863.919
       862.834
        861.62
       860.227
       858.748
       857.177
       855.469
       853.698
       851.872
       850.023
       848.261
       846.509
       844.712
       842.896
       841.095
       839.319
       837.457
       835.602
         833.8
       832.083
       830.378
       828.738
        827.17
       825.706
       824.361
       823.092
       821.897
       820.736
       819.646
       818.535
       817.438
       816.409
       815.451
       814.564
       813.742
       812.982
       812.302
        811.69
       811.138
       810.643
       810.194
       809.801
       809.484
       813.569
       813.456
       809.146
       822.174
       822.174
       822.174
       822.174
       822.174
       822.174
       822.174
       822.175
       822.175
       822.175
       822.176
       822.176
       822.177
       822.177
       822.177
       822.178
       822.178
       822.178
       822.179
       822.179
       822.179
       822.179
       822.179
       822.178
       822.178
       822.177
       822.176
       822.175
       822.173
       822.171
       822.169
       822.167
       822.164
       822.161
       822.157
       822.153
       822.148
       822.143
       822.138
       822.132
       822.125
       822.119
       822.112
       822.104
       822.096
       822.088
        822.08
       822.073
       822.065
       822.058
       822.051
       822.046
       822.042
        822.04
       822.041
       822.044
        822.05
       822.061
       822.077
       822.099
       822.128
       822.166
       822.318
       822.483
       822.663
       822.824
       823.005
       823.207
       823.431
       823.681
       823.961
       824.253
        824.58
       824.945
       825.366
       825.832
       826.336
       826.899
       827.517
       828.192
       828.913
       829.635
       830.331
       830.927
       831.504
        832.06
         832.5
       832.924
       833.334
       833.768
       834.188
        834.61
       835.089
       835.556
       836.019
       836.486
        836.94
       837.384
       837.786
       838.173
       838.499
       838.772
       839.013
       839.179
       839.319
       839.451
        839.55
       839.626
       839.751
       839.881
       839.985
       840.059
       840.171
       840.247
       840.258
       840.212
       840.116
       839.966
       839.711
       839.374
       838.982
       838.498
       837.911
       837.148
        836.27
       835.451
       834.707
       834.623
       834.092
       833.133
       832.024
       830.686
       829.254
        827.72
       826.011
       824.238
       822.411
       820.579
       818.901
       817.264
       815.579
        813.87
       812.175
       810.503
       808.686
       806.858
       805.084
       803.409
       801.714
       800.077
       798.508
       797.055
       795.743
       794.507
       793.346
       792.198
       791.121
       789.977
       788.819
       787.729
       786.711
       785.768
       784.889
       784.072
       783.345
       782.689
       782.093
       781.553
       781.051
       780.607
       780.245
       786.468
       786.354
       779.898
       791.946
       791.946
       791.946
       791.946
       791.947
       791.947
       791.947
       791.947
       791.948
       791.948
       791.948
       791.949
       791.949
        791.95
        791.95
        791.95
       791.951
       791.951
       791.951
       791.951
       791.951
       791.951
       791.951
       791.951
        791.95
       791.949
       791.948
       791.947
       791.945
       791.943
       791.941
       791.938
       791.935
       791.932
       791.928
       791.924
       791.919
       791.913
       791.907
       791.901
       791.894
       791.886
       791.879
        791.87
       791.861
       791.852
       791.843
       791.834
       791.825
       791.816
       791.807
         791.8
       791.793
       791.788
       791.785
       791.784
       791.787
       791.793
       791.804
        791.82
       791.842
       791.872
       792.051
       792.243
       792.448
       792.623
       792.817
       793.032
       793.267
       793.529
       793.819
       794.114
       794.443
        794.81
       795.236
       795.705
       796.207
        796.77
       797.384
       798.052
       798.781
       799.528
       800.251
       800.848
       801.425
       801.979
       802.384
       802.774
       803.149
       803.561
        803.96
       804.365
       804.852
       805.324
       805.797
        806.28
       806.749
       807.209
       807.617
       808.006
       808.318
       808.562
       808.767
        808.88
       808.962
       809.038
       809.075
       809.087
       809.167
       809.265
        809.34
       809.385
       809.489
       809.566
       809.581
       809.542
       809.461
       809.334
       809.093
        808.77
       808.401
       807.939
       807.371
       806.601
       805.707
       804.927
       804.279
       804.547
       804.251
       803.419
       802.418
       801.133
       799.749
        798.25
        796.54
       794.764
       792.935
       791.117
       789.523
           788
       786.424
       784.821
        783.23
       781.661
       779.887
       778.086
        776.34
       774.705
       773.019
       771.383
       769.813
       768.371
       767.093
        765.89
       764.761
       763.627
       762.563
       761.384
       760.165
       759.013
       757.936
       756.935
       755.999
       755.125
       754.349
       753.649
       753.007
       752.421
       751.866
       751.368
        750.96
       759.326
       759.211
       750.605
       761.754
       761.755
       761.755
       761.755
       761.755
       761.756
       761.756
       761.756
       761.757
       761.757
       761.757
       761.758
       761.758
       761.759
       761.759
       761.759
        761.76
        761.76
        761.76
        761.76
        761.76
        761.76
        761.76
       761.759
       761.759
       761.758
       761.757
       761.755
       761.753
       761.751
       761.749
       761.746
       761.743
       761.739
       761.735
        761.73
       761.725
       761.719
       761.712
       761.705
       761.698
       761.689
        761.68
       761.671
       761.661
       761.651
        761.64
       761.629
       761.617
       761.606
       761.595
       761.584
       761.574
       761.566
       761.558
       761.553
        761.55
        761.55
       761.554
       761.563
       761.577
       761.598
       761.802
       762.018
       762.246
       762.433
       762.637
       762.862
       763.106
       763.376
       763.673
       763.968
       764.296
        764.66
       765.088
       765.557
       766.054
       766.613
       767.222
       767.882
       768.604
       769.365
       770.121
       770.719
       771.296
       771.848
       772.219
       772.574
       772.915
       773.306
       773.683
       774.073
       774.566
       775.045
       775.528
       776.026
       776.512
       776.988
       777.403
       777.795
       778.092
       778.307
       778.478
       778.538
       778.563
       778.584
       778.558
       778.505
       778.542
        778.61
       778.657
       778.676
       778.777
       778.853
        778.87
       778.839
       778.775
       778.672
       778.447
       778.139
       777.795
       777.357
       776.808
       776.031
       775.123
       774.383
       773.834
       774.455
       774.396
       773.692
       772.798
       771.567
       770.229
       768.766
       767.053
       765.274
       763.441
       761.636
       760.124
       758.712
       757.244
       755.747
        754.26
       752.794
       751.063
       749.286
       747.567
       745.972
       744.294
       742.659
       741.087
       739.656
        738.41
        737.24
       736.145
       735.023
       733.972
        732.76
       731.478
       730.265
       729.126
       728.069
       727.074
       726.142
       725.316
        724.57
       723.881
       723.247
       722.637
       722.084
       721.629
       732.146
        732.03
       721.265
       731.595
       731.595
       731.595
       731.595
       731.596
       731.596
       731.596
       731.597
       731.597
       731.597
       731.598
       731.598
       731.599
       731.599
       731.599
         731.6
         731.6
         731.6
         731.6
       731.601
         731.6
         731.6
         731.6
       731.599
       731.598
       731.597
       731.596
       731.595
       731.593
        731.59
       731.588
       731.585
       731.581
       731.577
       731.573
       731.567
       731.562
       731.555
       731.548
        731.54
       731.532
       731.523
       731.513
       731.502
       731.491
       731.478
       731.466
       731.452
       731.439
       731.425
        731.41
       731.396
       731.382
       731.369
       731.357
       731.346
       731.336
       731.329
       731.326
       731.325
        731.33
        731.34
       731.567
       731.805
       732.054
        732.25
       732.463
       732.695
       732.946
       733.221
       733.522
       733.814
       734.138
       734.497
       734.923
       735.389
       735.878
       736.431
       737.032
       737.684
       738.397
       739.165
       739.943
       740.541
       741.117
       741.668
       742.004
       742.324
        742.63
       743.001
       743.356
        743.73
        744.23
       744.716
        745.21
       745.725
       746.227
       746.721
       747.142
       747.538
        747.82
       748.007
       748.145
       748.151
       748.121
       748.088
       747.999
       747.883
       747.876
       747.915
       747.936
        747.93
       748.029
       748.107
       748.126
       748.105
       748.058
        747.98
       747.771
        747.48
       747.162
       746.749
       746.221
       745.438
       744.517
       743.818
       743.367
       744.342
       744.522
       743.945
       743.159
       741.983
       740.693
       739.264
       737.548
       735.763
       733.926
       732.132
       730.701
       729.402
       728.043
       726.649
       725.264
         723.9
       722.211
       720.459
       718.766
        717.21
       715.541
       713.907
       712.331
       710.912
       709.699
       708.562
         707.5
       706.391
       705.353
       704.106
       702.762
       701.486
       700.286
        699.17
       698.116
       697.124
       696.247
       695.453
       694.716
       694.033
       693.366
       692.756
       692.254
       704.926
       704.809
       691.878
       701.462
       701.462
       701.462
       701.463
       701.463
       701.463
       701.464
       701.464
       701.464
       701.465
       701.465
       701.466
       701.466
       701.466
       701.467
       701.467
       701.467
       701.467
       701.468
       701.468
       701.467
       701.467
       701.467
       701.466
       701.465
       701.464
       701.463
       701.461
       701.459
       701.456
       701.453
        701.45
       701.446
       701.442
       701.437
       701.431
       701.425
       701.418
        701.41
       701.402
       701.392
       701.382
       701.371
       701.358
       701.345
       701.331
       701.317
       701.301
       701.284
       701.267
       701.249
       701.231
       701.212
       701.194
       701.176
       701.158
       701.142
       701.127
       701.114
       701.103
       701.097
       701.094
       701.342
       701.601
        701.87
       702.073
       702.292
       702.529
       702.783
       703.061
       703.365
       703.651
       703.968
       704.319
        704.74
       705.201
       705.681
       706.225
       706.817
       707.458
       708.163
       708.924
       709.714
       710.312
       710.887
       711.436
       711.737
       712.022
       712.294
       712.643
       712.977
       713.335
       713.843
       714.336
        714.84
       715.372
       715.892
       716.404
       716.832
       717.232
         717.5
        717.66
       717.765
        717.72
       717.635
       717.547
       717.399
       717.217
       717.169
       717.179
       717.175
       717.146
       717.245
       717.325
       717.349
       717.337
       717.308
       717.257
       717.066
       716.793
       716.502
       716.114
       715.608
       714.819
       713.886
       713.227
       712.876
       714.206
       714.625
       714.177
       713.499
       712.378
       711.135
        709.74
        708.02
       706.229
       704.387
       702.604
       701.254
       700.067
       698.816
       697.525
       696.242
        694.98
       693.333
       691.605
       689.937
        688.42
       686.759
       685.126
       683.548
        682.14
        680.96
       679.856
       678.828
       677.733
       676.706
       675.426
       674.019
       672.679
       671.418
       670.242
       669.127
       668.075
       667.145
       666.301
       665.512
       664.777
       664.052
       663.383
       662.833
       677.667
       677.548
       662.444
       671.351
       671.351
       671.352
       671.352
       671.352
       671.353
       671.353
       671.353
       671.354
       671.354
       671.354
       671.355
       671.355
       671.356
       671.356
       671.356
       671.356
       671.357
       671.357
       671.357
       671.356
       671.356
       671.355
       671.355
       671.354
       671.353
       671.351
       671.349
       671.347
       671.344
       671.341
       671.337
       671.333
       671.329
       671.323
       671.317
        671.31
       671.302
       671.294
       671.284
       671.274
       671.262
        671.25
       671.236
       671.221
       671.205
       671.188
        671.17
        671.15
       671.129
       671.107
       671.085
       671.061
       671.037
       671.012
       670.987
       670.962
       670.938
       670.915
       670.894
       670.874
       670.858
       671.126
       671.403
        671.69
       671.898
       672.121
       672.362
       672.618
       672.896
       673.199
       673.477
       673.785
       674.125
       674.541
       674.994
       675.461
       675.995
       676.575
       677.204
       677.896
       678.642
       679.436
       680.032
       680.606
       681.153
       681.418
       681.666
       681.903
       682.231
       682.544
       682.885
       683.401
       683.902
       684.417
       684.967
       685.505
       686.035
       686.472
       686.875
        687.13
       687.263
       687.336
       687.241
       687.103
       686.962
       686.753
       686.507
       686.418
       686.402
       686.374
       686.323
       686.423
       686.507
       686.535
       686.534
       686.526
       686.502
       686.331
       686.075
       685.812
       685.451
       684.967
       684.173
       683.227
        682.61
       682.359
       684.046
       684.704
       684.386
       683.816
       682.749
       681.552
       680.191
       678.466
       676.669
       674.821
       673.048
       671.778
       670.704
        669.56
       668.373
       667.192
       666.032
       664.427
       662.723
        661.08
       659.603
        657.95
       656.318
       654.739
       653.342
       652.196
       651.126
       650.132
        649.05
       648.036
       646.722
       645.251
       643.848
       642.524
       641.287
       640.111
       638.995
        638.01
       637.113
       636.272
       635.482
       634.695
       633.965
       633.364
       650.366
       650.245
        632.96
       641.258
       641.258
       641.258
       641.259
       641.259
       641.259
        641.26
        641.26
       641.261
       641.261
       641.261
       641.262
       641.262
       641.262
       641.263
       641.263
       641.263
       641.263
       641.263
       641.263
       641.263
       641.262
       641.262
       641.261
        641.26
       641.258
       641.257
       641.255
       641.252
       641.249
       641.246
       641.242
       641.238
       641.232
       641.227
        641.22
       641.213
       641.204
       641.195
       641.184
       641.173
        641.16
       641.146
       641.131
       641.114
       641.096
       641.076
       641.054
       641.031
       641.007
       640.981
       640.953
       640.924
       640.893
       640.862
       640.829
       640.795
       640.761
       640.727
       640.693
        640.66
       640.629
       640.915
        641.21
       641.512
       641.724
        641.95
       642.191
       642.447
       642.724
       643.025
       643.292
       643.589
       643.917
       644.324
       644.767
        645.22
       645.742
       646.308
       646.923
       647.602
       648.335
        649.12
         649.7
       650.273
       650.816
       651.045
       651.256
       651.457
       651.762
       652.053
       652.378
       652.902
        653.41
       653.937
       654.505
       655.062
       655.611
       656.057
       656.465
       656.707
       656.815
       656.858
       656.715
       656.523
       656.329
       656.061
       655.751
       655.623
       655.581
       655.532
        655.46
       655.561
       655.648
       655.685
       655.697
        655.71
       655.715
       655.563
       655.327
       655.093
       654.758
       654.297
       653.497
       652.539
       651.964
       651.813
       653.857
       654.756
       654.567
       654.104
       653.091
       651.941
       650.614
       648.883
       647.079
       645.224
       643.462
       642.272
        641.31
       640.275
       639.191
       638.113
       637.055
       635.491
       633.812
       632.196
       630.758
       629.114
       627.484
       625.904
        624.52
       623.408
       622.373
       621.413
       620.345
       619.345
       617.996
       616.463
       614.995
       613.607
       612.309
       611.069
       609.888
       608.845
       607.893
       606.994
       606.146
       605.295
         604.5
       603.845
       623.023
       622.899
       603.423
       611.177
       611.178
       611.178
       611.178
       611.179
       611.179
       611.179
        611.18
        611.18
       611.181
       611.181
       611.181
       611.182
       611.182
       611.182
       611.182
       611.183
       611.183
       611.183
       611.182
       611.182
       611.181
       611.181
        611.18
       611.179
       611.177
       611.175
       611.173
       611.171
       611.167
       611.164
        611.16
       611.155
       611.149
       611.143
       611.136
       611.128
       611.119
       611.108
       611.097
       611.084
        611.07
       611.055
       611.038
       611.019
       610.998
       610.976
       610.951
       610.925
       610.896
       610.866
       610.833
       610.798
        610.76
       610.721
        610.68
       610.636
       610.592
       610.546
       610.499
       610.451
       610.403
       610.707
       611.017
       611.335
       611.548
       611.775
       612.016
        612.27
       612.544
        612.84
       613.096
       613.379
       613.693
       614.089
        614.52
       614.958
       615.465
       616.017
       616.616
        617.28
       617.997
       618.763
       619.318
       619.889
       620.426
       620.616
       620.789
       620.953
       621.235
       621.503
       621.811
       622.342
       622.859
       623.398
       623.984
       624.561
       625.131
       625.585
       625.999
       626.229
       626.313
       626.326
       626.137
       625.893
       625.647
        625.32
       624.948
       624.781
       624.717
       624.647
       624.555
        624.66
       624.751
       624.798
       624.824
       624.859
       624.894
       624.763
       624.547
       624.341
       624.034
       623.596
        622.79
        621.82
       621.285
       621.234
       623.635
       624.774
       624.715
       624.361
       623.402
       622.298
       621.003
       619.268
       617.455
       615.594
       613.841
       612.733
       611.884
       610.956
       609.977
       609.002
       608.047
       606.526
       604.872
       603.283
       601.886
       600.252
       598.625
       597.045
       595.674
       594.599
       593.599
       592.675
       591.622
       590.636
       589.253
       587.656
       586.124
       584.672
        583.31
       582.004
       580.756
       579.652
       578.641
       577.682
       576.771
        575.85
       574.988
       574.275
       595.636
       595.507
        573.83
       581.105
       581.105
       581.106
       581.106
       581.106
       581.107
       581.107
       581.108
       581.108
       581.108
       581.109
       581.109
       581.109
        581.11
        581.11
        581.11
        581.11
        581.11
        581.11
        581.11
       581.109
       581.109
       581.108
       581.107
       581.106
       581.104
       581.102
         581.1
       581.097
       581.094
        581.09
       581.085
        581.08
       581.074
       581.067
        581.06
       581.051
       581.041
        581.03
       581.018
       581.004
       580.989
       580.972
       580.953
       580.932
       580.909
       580.884
       580.856
       580.826
       580.793
       580.758
        580.72
       580.678
       580.634
       580.587
       580.536
       580.483
       580.427
       580.368
       580.307
       580.244
       580.179
       580.499
       580.824
       581.155
       581.369
       581.595
       581.835
       582.085
       582.354
       582.645
       582.886
       583.154
       583.452
       583.836
       584.254
       584.674
       585.165
         585.7
       586.282
       586.929
        587.63
       588.381
       588.899
       589.454
       589.982
       590.129
       590.262
       590.387
       590.645
       590.889
        591.18
       591.719
       592.243
       592.795
       593.401
       593.998
       594.589
       595.053
       595.473
       595.693
       595.753
       595.741
       595.506
        595.21
       594.915
       594.529
       594.096
       593.892
       593.806
       593.718
       593.608
       593.718
       593.818
       593.874
       593.915
       593.973
       594.039
       593.929
       593.733
       593.557
       593.276
       592.861
        592.05
       591.066
       590.572
        590.62
       593.379
       594.759
       594.829
       594.583
       593.677
       592.618
       591.357
       589.615
       587.795
       585.927
       584.183
       583.158
       582.422
       581.604
       580.729
       579.858
       579.007
        577.53
       575.902
       574.341
       572.986
       571.363
       569.741
       568.163
       566.807
       565.768
       564.806
       563.919
       562.882
       561.911
       560.495
       558.836
       557.239
       555.722
       554.295
       552.922
       551.603
       550.434
        549.36
       548.335
       547.357
       546.361
       545.426
       544.651
       568.201
       568.066
       544.174
       551.037
       551.037
       551.037
       551.038
       551.038
       551.038
       551.039
       551.039
       551.039
        551.04
        551.04
        551.04
       551.041
       551.041
       551.041
       551.041
       551.041
       551.041
       551.041
       551.041
        551.04
        551.04
       551.039
       551.038
       551.036
       551.035
       551.032
        551.03
       551.027
       551.023
       551.019
       551.015
       551.009
       551.003
       550.996
       550.987
       550.978
       550.968
       550.956
       550.942
       550.928
       550.911
       550.892
       550.872
       550.849
       550.824
       550.796
       550.765
       550.731
       550.694
       550.654
        550.61
       550.562
       550.511
       550.455
       550.396
       550.332
       550.264
       550.192
       550.116
       550.037
       549.954
       550.288
       550.628
       550.971
       551.185
       551.409
       551.645
        551.89
       552.153
       552.436
       552.662
       552.914
       553.194
       553.564
       553.967
       554.368
       554.842
       555.359
       555.922
       556.551
       557.234
       557.965
       558.437
       558.961
       559.479
       559.583
       559.673
       559.757
       559.989
       560.209
       560.482
       561.028
        561.56
       562.124
       562.751
       563.369
       563.982
       564.456
       564.884
       565.095
       565.134
       565.097
       564.817
       564.472
       564.128
       563.684
       563.191
       562.954
       562.847
       562.742
       562.616
       562.734
       562.844
       562.912
       562.969
       563.051
       563.148
       563.059
       562.885
       562.738
       562.485
       562.092
       561.275
       560.277
       559.822
       559.969
       563.087
       564.707
       564.906
       564.766
       563.912
       562.898
       561.669
       559.921
       558.093
       556.219
       554.486
       553.543
       552.922
       552.214
       551.445
       550.679
       549.933
       548.501
       546.901
       545.369
       544.058
       542.448
       540.832
       539.258
       537.919
        536.92
       535.997
       535.149
        534.13
       533.175
       531.727
       530.005
       528.344
       526.761
       525.269
       523.826
       522.434
       521.196
       520.053
       518.956
       517.903
       516.826
        515.81
       514.966
       540.716
       540.572
       514.449
       520.967
       520.967
       520.968
       520.968
       520.968
       520.969
       520.969
       520.969
        520.97
        520.97
        520.97
       520.971
       520.971
       520.971
       520.971
       520.971
       520.971
       520.971
       520.971
       520.971
        520.97
        520.97
       520.969
       520.967
       520.966
       520.964
       520.962
       520.959
       520.956
       520.952
       520.948
       520.943
       520.937
       520.931
       520.923
       520.914
       520.905
       520.893
       520.881
       520.867
       520.851
       520.833
       520.813
       520.791
       520.766
       520.738
       520.708
       520.674
       520.637
       520.595
        520.55
       520.501
       520.447
       520.388
       520.324
       520.255
        520.18
         520.1
       520.015
       519.924
       519.827
       519.725
       520.074
       520.426
       520.781
       520.993
       521.214
       521.446
       521.684
        521.94
       522.214
       522.424
       522.657
       522.918
       523.273
        523.66
        524.04
       524.496
       524.993
       525.535
       526.145
       526.807
       527.515
       527.936
        528.42
       528.916
       528.972
       529.017
       529.058
       529.263
       529.457
       529.711
       530.263
       530.804
       531.382
        532.03
       532.671
       533.305
       533.791
       534.228
       534.432
       534.452
       534.393
        534.07
       533.676
       533.283
       532.783
       532.233
       531.962
       531.837
       531.717
       531.577
       531.706
        531.83
       531.909
       531.983
        532.09
        532.22
       532.154
       532.001
       531.884
       531.658
       531.287
       530.463
        529.45
       529.033
       529.277
       532.753
       534.613
       534.941
       534.907
       534.105
       533.135
       531.938
       530.184
       528.347
       526.466
       524.744
       523.886
       523.381
       522.784
       522.121
       521.462
       520.822
       519.437
       517.866
       516.367
       515.101
       513.506
       511.899
       510.331
       509.012
       508.054
       507.173
       506.366
       505.367
        504.43
       502.952
       501.169
       499.444
       497.796
       496.237
       494.723
       493.253
       491.942
       490.725
       489.548
       488.412
       487.243
       486.137
       485.216
       513.173
       513.018
       484.645
       490.892
       490.892
       490.893
       490.893
       490.893
       490.894
       490.894
       490.894
       490.895
       490.895
       490.895
       490.895
       490.896
       490.896
       490.896
       490.896
       490.896
       490.896
       490.896
       490.895
       490.895
       490.894
       490.893
       490.892
        490.89
       490.888
       490.886
       490.883
        490.88
       490.876
       490.871
       490.866
        490.86
       490.853
       490.845
       490.836
       490.826
       490.814
       490.801
       490.786
       490.769
        490.75
       490.729
       490.705
       490.678
       490.649
       490.616
       490.579
       490.538
       490.493
       490.443
       490.388
       490.328
       490.261
       490.189
        490.11
       490.025
       489.932
       489.833
       489.726
       489.612
        489.49
       489.853
       490.217
       490.582
       490.792
       491.009
       491.235
       491.466
       491.713
       491.977
       492.169
       492.383
       492.624
       492.962
       493.331
       493.689
       494.125
       494.601
       495.122
        495.71
        496.35
       497.034
       497.401
       497.827
       498.282
       498.292
        498.29
       498.287
       498.462
       498.628
       498.862
       499.421
       499.971
       500.563
       501.233
       501.897
       502.555
       503.053
       503.501
       503.699
       503.703
       503.623
       503.258
       502.817
       502.378
       501.824
       501.217
       500.916
       500.774
       500.641
       500.488
       500.628
        500.77
       500.862
       500.956
       501.091
       501.254
       501.212
       501.081
       500.993
       500.794
       500.444
       499.612
       498.582
       498.202
       498.542
       502.376
       504.477
       504.932
       505.003
       504.252
       503.325
       502.159
       500.397
       498.553
       496.665
       494.955
       494.183
       493.795
       493.311
       492.755
       492.203
       491.673
       490.336
       488.797
       487.331
       486.115
       484.537
       482.941
       481.382
       480.086
       479.174
       478.337
       477.574
       476.598
       475.682
       474.176
       472.334
       470.546
       468.833
       467.206
       465.618
       464.067
       462.678
       461.379
       460.114
       458.884
       457.613
       456.403
       455.392
       485.567
       485.397
       454.747
       460.807
       460.807
       460.807
       460.808
       460.808
       460.808
       460.809
       460.809
       460.809
       460.809
        460.81
        460.81
        460.81
        460.81
        460.81
       460.811
        460.81
        460.81
        460.81
        460.81
       460.809
       460.808
       460.807
       460.806
       460.804
       460.802
         460.8
       460.797
       460.793
       460.789
       460.785
       460.779
       460.773
       460.766
       460.758
       460.748
       460.738
       460.726
       460.712
       460.696
       460.678
       460.659
       460.636
       460.611
       460.583
       460.551
       460.515
       460.476
       460.432
       460.383
       460.328
       460.268
       460.202
       460.128
       460.048
       459.959
       459.863
       459.758
       459.644
       459.522
       459.389
       459.248
       459.624
           460
       460.374
        460.58
       460.792
       461.012
       461.235
       461.472
       461.724
       461.896
        462.09
        462.31
        462.63
        462.98
       463.315
        463.73
       464.184
       464.682
       465.248
       465.865
       466.523
       466.836
       467.202
       467.603
       467.539
       467.488
       467.439
       467.581
       467.717
       467.929
       468.494
       469.054
       469.663
       470.356
       471.044
       471.725
       472.237
       472.697
       472.893
       472.884
       472.785
        472.38
       471.894
        471.41
       470.802
       470.141
       469.811
       469.655
       469.509
       469.345
       469.498
       469.658
       469.768
       469.886
        470.05
       470.249
       470.233
       470.124
       470.066
       469.893
       469.564
       468.721
       467.672
       467.327
       467.761
       471.953
       474.293
       474.874
       475.049
       474.347
       473.463
       472.327
       470.557
       468.704
        466.81
       465.113
       464.429
       464.159
       463.788
       463.342
       462.901
       462.481
       461.195
        459.69
       458.262
       457.097
        455.54
       453.959
       452.413
       451.143
       450.279
       449.491
       448.776
       447.826
       446.934
       445.402
       443.504
       441.656
       439.879
       438.185
       436.521
       434.886
       433.412
       432.023
       430.659
       429.323
       427.934
       426.604
       425.486
       457.888
       457.698
       424.737
       430.707
       430.707
       430.707
       430.708
       430.708
       430.708
       430.708
       430.709
       430.709
       430.709
        430.71
        430.71
        430.71
        430.71
        430.71
        430.71
        430.71
        430.71
        430.71
       430.709
       430.708
       430.708
       430.706
       430.705
       430.703
       430.701
       430.699
       430.696
       430.692
       430.688
       430.684
       430.678
       430.672
       430.665
       430.656
       430.646
       430.636
       430.623
       430.609
       430.593
       430.574
       430.554
        430.53
       430.504
       430.474
       430.441
       430.403
       430.361
       430.314
       430.262
       430.203
       430.138
       430.066
       429.986
       429.897
       429.799
       429.692
       429.575
       429.447
       429.308
       429.158
       428.996
       429.384
       429.771
       430.155
       430.356
       430.562
       430.774
       430.988
       431.214
       431.454
       431.606
       431.778
       431.975
       432.276
       432.606
       432.917
       433.309
        433.74
       434.214
       434.758
       435.351
       435.985
       436.245
       436.556
       436.899
       436.746
       436.623
       436.511
       436.614
       436.716
       436.905
       437.474
       438.046
       438.678
       439.396
       440.105
        440.81
       441.337
       441.812
       442.008
       441.988
       441.872
        441.43
       440.902
       440.375
       439.717
       439.003
       438.646
       438.476
        438.32
       438.145
       438.315
       438.495
       438.626
       438.771
       438.969
       439.206
       439.216
        439.13
       439.103
       438.955
       438.644
       437.789
       436.718
       436.405
        436.93
       441.478
       444.056
       444.761
       445.039
       444.385
       443.542
       442.436
       440.658
       438.797
       436.897
       435.214
       434.617
       434.468
       434.213
       433.878
        433.55
       433.245
       432.012
       430.544
       429.156
       428.046
       426.515
       424.952
       423.422
       422.183
       421.372
       420.636
       419.973
       419.054
        418.19
       416.638
       414.687
       412.782
       410.943
       409.183
       407.442
        405.72
       404.156
       402.668
       401.192
       399.734
       398.206
       396.734
       395.485
       430.123
       429.907
       394.592
       400.587
       400.587
       400.588
       400.588
       400.588
       400.589
       400.589
       400.589
        400.59
        400.59
        400.59
        400.59
        400.59
       400.591
       400.591
       400.591
        400.59
        400.59
        400.59
       400.589
       400.589
       400.588
       400.587
       400.585
       400.584
       400.581
       400.579
       400.576
       400.572
       400.568
       400.564
       400.558
       400.552
       400.544
       400.536
       400.526
       400.515
       400.502
       400.488
       400.471
       400.452
       400.431
       400.407
        400.38
       400.349
       400.314
       400.275
       400.231
       400.182
       400.126
       400.064
       399.994
       399.917
        399.83
       399.734
       399.627
        399.51
        399.38
       399.238
       399.083
       398.915
       398.732
       399.133
        399.53
       399.922
       400.119
       400.317
       400.521
       400.724
       400.938
       401.165
       401.295
       401.445
       401.618
       401.899
       402.208
       402.493
       402.862
       403.269
       403.719
       404.239
       404.809
       405.419
       405.628
       405.891
       406.184
       405.951
       405.748
       405.571
       405.633
       405.699
       405.859
       406.426
       406.993
       407.626
       408.351
       409.073
         409.8
       410.344
        410.84
       411.041
       411.011
        410.88
       410.405
       409.838
        409.27
       408.564
         407.8
       407.417
       407.236
        407.07
       406.886
       407.074
       407.276
       407.434
        407.61
       407.846
       408.125
       408.163
       408.101
       408.103
        407.98
       407.686
       406.816
       405.721
       405.435
       406.048
        410.95
       413.763
        414.59
       414.967
       414.359
       413.557
       412.481
       410.694
       408.825
        406.92
       405.252
       404.746
       404.719
       404.582
       404.362
       404.148
       403.959
       402.783
       401.355
       400.011
       398.961
       397.458
       395.919
        394.41
       393.206
       392.453
       391.775
        391.17
       390.287
       389.457
       387.889
       385.891
       383.933
       382.036
       380.212
       378.395
       376.584
       374.923
       373.326
       371.725
       370.124
       368.433
       366.789
       365.376
       402.256
       402.008
       364.282
       370.444
       370.444
       370.444
       370.445
       370.445
       370.445
       370.446
       370.446
       370.446
       370.446
       370.447
       370.447
       370.447
       370.447
       370.447
       370.447
       370.447
       370.447
       370.446
       370.446
       370.445
       370.444
       370.443
       370.442
        370.44
       370.438
       370.435
       370.432
       370.429
       370.425
        370.42
       370.414
       370.408
       370.401
       370.392
       370.382
       370.371
       370.358
       370.344
       370.327
       370.308
       370.287
       370.262
       370.234
       370.203
       370.167
       370.127
       370.081
        370.03
       369.972
       369.907
       369.833
       369.751
       369.659
       369.556
       369.441
       369.313
       369.172
       369.016
       368.845
       368.658
       368.455
       368.868
       369.275
       369.674
       369.865
       370.057
       370.251
       370.443
       370.644
       370.856
       370.964
        371.09
       371.238
       371.498
       371.785
       372.043
       372.388
       372.769
       373.193
       373.689
       374.236
       374.823
       374.985
       375.203
       375.455
       375.152
       374.883
       374.648
        374.67
         374.7
        374.83
       375.389
       375.944
       376.564
       377.288
       378.013
       378.745
        379.29
       379.794
       379.986
       379.944
       379.802
       379.299
         378.7
       378.095
       377.341
       376.529
       376.122
       375.931
       375.756
       375.566
       375.763
       375.992
        376.19
       376.406
       376.684
       377.007
       377.075
       377.038
        377.07
        376.97
        376.69
       375.803
       374.678
       374.416
       375.111
       380.363
       383.408
       384.353
       384.827
       384.264
       383.501
       382.454
       380.659
       378.782
       376.874
       375.224
       374.811
       374.909
       374.892
       374.789
       374.693
       374.623
       373.506
       372.122
       370.825
        369.84
        368.37
       366.859
       365.376
       364.213
       363.524
        362.91
       362.368
       361.527
       360.737
        359.16
       357.122
       355.119
        353.17
       351.286
       349.396
       347.495
       345.733
       344.018
       342.275
       340.509
       338.624
       336.769
       335.147
       374.265
       373.977
       333.769
       340.272
       340.272
       340.273
       340.273
       340.273
       340.273
       340.274
       340.274
       340.274
       340.274
       340.275
       340.275
       340.275
       340.275
       340.275
       340.275
       340.275
       340.274
       340.274
       340.274
       340.273
       340.272
       340.271
       340.269
       340.268
       340.266
       340.263
        340.26
       340.257
       340.253
       340.248
       340.243
       340.236
       340.229
       340.221
       340.211
         340.2
       340.187
       340.173
       340.156
       340.137
       340.116
       340.091
       340.063
       340.031
       339.995
       339.954
       339.908
       339.855
       339.795
       339.728
       339.652
       339.566
       339.469
        339.36
       339.237
       339.101
       338.948
       338.779
       338.593
       338.388
       338.163
       338.588
       339.004
       339.411
       339.596
       339.778
       339.963
       340.142
       340.329
       340.526
       340.611
       340.712
       340.833
       341.072
       341.335
       341.565
       341.884
       342.239
       342.636
       343.107
        343.63
       344.193
       344.308
       344.487
       344.705
       344.339
       344.015
       343.731
       343.719
       343.715
       343.814
       344.364
       344.906
       345.515
       346.236
       346.959
       347.694
       348.234
       348.728
       348.905
       348.835
       348.663
       348.127
       347.493
       346.848
       346.047
       345.186
       344.758
       344.558
       344.381
       344.192
       344.418
       344.673
       344.901
       345.164
       345.485
       345.854
       345.955
       345.944
       346.005
       345.927
       345.659
        344.75
        343.59
       343.345
       344.117
       349.714
       352.985
       354.043
       354.611
        354.09
       353.365
       352.347
       350.545
       348.662
       346.753
       345.122
       344.805
       345.032
       345.139
       345.156
        345.18
       345.233
       344.178
       342.841
       341.595
       340.678
       339.247
       337.769
       336.319
       335.203
       334.584
        334.04
       333.569
       332.778
       332.036
        330.46
        328.39
        326.35
       324.358
       322.421
       320.464
       318.475
       316.611
       314.769
       312.868
       310.911
       308.794
        306.68
       304.787
       346.123
       345.785
        303.01
       310.067
       310.067
       310.067
       310.068
       310.068
       310.068
       310.069
       310.069
       310.069
       310.069
       310.069
        310.07
        310.07
        310.07
        310.07
        310.07
       310.069
       310.069
       310.069
       310.068
       310.068
       310.067
       310.066
       310.064
       310.063
       310.061
       310.058
       310.055
       310.052
       310.048
       310.044
       310.038
       310.032
       310.025
       310.017
       310.007
       309.997
       309.984
        309.97
       309.954
       309.935
       309.914
        309.89
       309.862
        309.83
       309.794
       309.753
       309.707
       309.654
       309.593
       309.524
       309.446
       309.357
       309.257
       309.143
       309.014
        308.87
       308.707
       308.526
       308.324
       308.101
       307.856
       308.292
       308.718
       309.131
       309.308
       309.481
       309.655
        309.82
       309.993
       310.174
       310.234
       310.309
       310.404
       310.619
       310.857
       311.059
        311.35
       311.678
       312.044
       312.487
       312.989
       313.536
       313.618
       313.768
       313.957
       313.537
       313.164
       312.837
       312.798
       312.763
       312.832
        313.37
       313.898
       314.492
       315.202
       315.915
       316.645
       317.173
       317.664
       317.827
       317.729
       317.521
        316.92
        316.22
       315.525
       314.675
       313.768
       313.324
       313.131
       312.972
       312.801
       313.063
       313.338
       313.597
       313.896
       314.254
       314.669
       314.805
       314.823
       314.915
       314.857
       314.597
        313.66
        312.46
       312.224
       313.062
       318.997
       322.488
       323.652
        324.31
       323.828
        323.14
       322.152
       320.344
       318.458
        316.55
       314.942
       314.724
       315.083
       315.317
       315.456
       315.604
       315.782
       314.793
       313.507
       312.317
       311.473
       310.087
       308.649
       307.237
       306.175
       305.633
       305.168
       304.775
       304.043
       303.359
       301.792
       299.703
       297.638
       295.615
       293.638
       291.622
       289.553
       287.588
       285.614
        283.54
       281.364
       278.974
        276.54
       274.295
       317.795
         317.4
       271.963
       279.824
       279.824
       279.825
       279.825
       279.825
       279.825
       279.826
       279.826
       279.826
       279.826
       279.826
       279.827
       279.827
       279.827
       279.827
       279.827
       279.826
       279.826
       279.826
       279.825
       279.824
       279.824
       279.823
       279.821
        279.82
       279.818
       279.815
       279.813
        279.81
       279.806
       279.802
       279.796
       279.791
       279.784
       279.776
       279.767
       279.757
       279.745
       279.731
       279.715
       279.697
       279.677
       279.653
       279.626
       279.595
        279.56
        279.52
       279.474
       279.421
       279.361
       279.292
       279.213
       279.123
        279.02
       278.903
       278.769
       278.618
       278.447
       278.255
       278.039
       277.798
       277.532
        277.98
       278.413
       278.832
       279.001
       279.164
       279.326
       279.477
       279.633
       279.797
       279.831
        279.88
       279.947
       280.137
        280.35
       280.522
       280.783
       281.086
        281.43
       281.869
       282.372
       282.923
        282.98
       283.105
       283.271
       282.797
       282.374
           282
       281.927
       281.858
       281.894
       282.419
        282.93
       283.508
       284.205
       284.904
       285.619
       286.129
       286.611
       286.757
       286.626
       286.379
       285.712
       284.938
       284.177
       283.262
       282.299
       281.847
       281.693
       281.566
       281.421
       281.718
       282.022
       282.301
       282.612
       282.989
       283.448
       283.628
       283.682
       283.805
       283.765
        283.51
        282.54
        281.29
       281.051
       281.946
       288.208
       291.909
       293.172
       293.913
       293.466
       292.815
       291.859
       290.048
       288.163
       286.261
       284.679
       284.563
       285.057
        285.42
       285.684
       285.959
       286.266
       285.346
       284.115
       282.986
       282.222
       280.887
       279.495
       278.129
       277.128
       276.671
       276.292
       275.987
       275.323
       274.707
       273.164
       271.069
       268.996
       266.958
       264.956
       262.899
       260.762
       258.704
       256.599
       254.343
       251.921
       249.212
       246.385
       243.687
        289.24
       288.781
       240.589
       249.539
       249.539
       249.539
       249.539
        249.54
        249.54
        249.54
        249.54
       249.541
       249.541
       249.541
       249.541
       249.541
       249.541
       249.541
       249.541
       249.541
        249.54
        249.54
        249.54
       249.539
       249.538
       249.537
       249.536
       249.534
       249.533
        249.53
       249.528
       249.525
       249.521
       249.517
       249.513
       249.507
       249.501
       249.493
       249.485
       249.475
       249.464
       249.451
       249.436
       249.419
         249.4
       249.377
       249.351
       249.322
       249.288
       249.249
       249.204
       249.153
       249.094
       249.026
       248.948
       248.858
       248.755
       248.636
         248.5
       248.345
       248.167
       247.965
       247.736
       247.479
       247.192
        247.65
       248.092
       248.515
       248.674
       248.826
       248.974
        249.11
        249.25
       249.395
       249.402
       249.423
       249.462
       249.626
       249.812
       249.957
       250.208
       250.507
       250.857
       251.297
       251.801
       252.355
       252.391
       252.494
        252.64
       252.114
        251.64
       251.216
       251.108
       251.001
       251.003
       251.514
       252.006
       252.564
       253.244
       253.928
       254.629
       255.119
       255.581
       255.695
       255.519
       255.235
       254.511
       253.674
       252.856
       251.886
       250.872
       250.412
       250.292
       250.205
       250.079
       250.406
       250.738
       251.006
       251.311
       251.715
       252.228
       252.455
       252.534
       252.683
       252.659
       252.405
       251.395
       250.085
       249.831
       250.763
       257.337
       261.235
       262.586
       263.405
       262.989
       262.376
       261.454
       259.645
       257.766
       255.876
       254.326
       254.317
       254.947
       255.441
       255.831
       256.235
       256.675
       255.829
       254.658
       253.596
       252.919
       251.642
       250.304
       248.991
       248.059
       247.695
       247.411
       247.202
       246.618
       246.083
       244.577
       242.495
       240.433
       238.402
         236.4
       234.323
       232.141
       230.008
       227.783
       225.344
       222.659
       219.586
       216.287
        213.01
       260.413
       259.884
        208.88
       219.206
       219.206
       219.206
       219.207
       219.207
       219.207
       219.207
       219.208
       219.208
       219.208
       219.208
       219.208
       219.208
       219.208
       219.208
       219.208
       219.208
       219.208
       219.207
       219.207
       219.206
       219.206
       219.205
       219.203
       219.202
         219.2
       219.198
       219.196
       219.193
        219.19
       219.186
       219.182
       219.177
       219.171
       219.164
       219.157
       219.148
       219.137
       219.125
       219.112
       219.096
       219.078
       219.057
       219.033
       219.005
       218.973
       218.937
       218.894
       218.846
       218.789
       218.724
       218.648
       218.561
       218.459
       218.342
       218.205
       218.047
       217.865
       217.656
       217.416
       217.143
       216.836
       217.304
       217.752
       218.178
       218.326
       218.465
       218.598
       218.718
        218.84
       218.966
       218.944
       218.936
       218.951
       219.101
       219.285
       219.429
       219.681
       219.978
       220.328
       220.769
       221.274
        221.83
       221.843
       221.927
       222.054
       221.479
       220.956
       220.485
       220.341
       220.197
       220.165
       220.659
       221.129
       221.663
       222.323
       222.987
        223.67
       224.133
       224.565
       224.631
       224.413
       224.095
       223.314
       222.421
       221.554
       220.541
       219.499
       219.071
        219.03
       218.997
       218.886
       219.229
       219.541
       219.786
       220.083
       220.508
       221.053
       221.286
       221.381
       221.556
       221.548
       221.292
       220.237
       218.857
       218.572
       219.519
       226.379
       230.455
       231.878
       232.764
       232.376
       231.801
       230.922
       229.124
       227.262
       225.391
       223.878
        223.98
       224.749
       225.372
       225.887
        226.42
       226.996
       226.228
       225.123
       224.137
       223.556
       222.346
       221.072
       219.822
       218.968
       218.705
       218.523
        218.42
       217.925
       217.485
       216.035
       213.986
        211.96
       209.965
       207.992
       205.929
       203.734
       201.559
        199.24
       196.634
       193.683
       190.215
       186.365
       182.366
       231.268
       230.667
       176.885
       188.821
       188.822
       188.822
       188.822
       188.822
       188.823
       188.823
       188.823
       188.823
       188.823
       188.823
       188.823
       188.823
       188.823
       188.823
       188.823
       188.823
       188.823
       188.823
       188.822
       188.822
       188.821
        188.82
       188.819
       188.818
       188.816
       188.815
       188.813
        188.81
       188.807
       188.804
         188.8
       188.796
        188.79
       188.784
       188.777
       188.769
        188.76
       188.749
       188.737
       188.723
       188.706
       188.687
       188.666
        188.64
       188.611
       188.578
       188.539
       188.494
       188.441
        188.38
       188.309
       188.226
       188.129
       188.015
       187.882
       187.725
       187.542
       187.328
        187.08
       186.793
       186.466
       186.943
       187.395
       187.822
       187.956
       188.079
       188.197
         188.3
       188.402
       188.513
       188.472
       188.459
       188.472
       188.628
       188.814
       188.955
       189.203
       189.496
        189.84
       190.277
       190.779
       191.336
       191.327
       191.393
       191.506
       190.887
        190.32
       189.805
       189.629
       189.451
       189.383
       189.858
         190.3
       190.805
        191.44
        192.08
       192.739
        193.17
       193.568
        193.59
       193.326
       192.954
       192.116
       191.172
       190.255
       189.203
       188.155
       187.797
       187.797
       187.805
       187.742
       188.114
       188.423
       188.651
       188.927
       189.331
       189.867
       190.102
       190.222
       190.432
       190.443
       190.187
       189.085
       187.627
       187.289
       188.218
       195.328
       199.552
       201.024
       201.963
       201.597
       201.065
       200.238
       198.467
       196.641
       194.805
       193.341
       193.558
       194.464
       195.213
       195.848
       196.507
       197.218
        196.53
       195.498
       194.597
       194.124
       192.994
       191.796
        190.62
       189.853
       189.697
       189.624
       189.634
       189.239
       188.909
       187.533
       185.543
       183.583
       181.659
       179.755
       177.749
       175.589
        173.42
       171.057
       168.325
       165.138
       161.271
       156.811
       151.944
       201.767
       201.096
       144.777
        158.38
        158.38
       158.381
       158.381
       158.381
       158.381
       158.381
       158.382
       158.382
       158.382
       158.382
       158.382
       158.382
       158.382
       158.382
       158.382
       158.382
       158.382
       158.381
       158.381
        158.38
        158.38
       158.379
       158.378
       158.377
       158.376
       158.374
       158.373
       158.371
       158.368
       158.365
       158.362
       158.358
       158.353
       158.348
       158.342
       158.335
       158.327
       158.318
       158.307
       158.295
        158.28
       158.264
       158.245
       158.223
       158.197
       158.168
       158.133
       158.093
       158.046
       157.991
       157.927
        157.85
        157.76
       157.654
       157.527
       157.376
       157.196
       156.983
        156.73
       156.432
       156.085
        156.57
       157.022
       157.445
       157.562
       157.664
       157.767
       157.857
        157.96
       158.078
       158.047
       158.038
       158.052
       158.212
       158.397
        158.53
       158.771
       159.053
       159.386
       159.813
       160.308
       160.861
       160.829
       160.879
       160.983
       160.327
       159.727
       159.177
       158.977
       158.767
       158.664
       159.115
       159.525
       159.994
       160.596
       161.203
       161.831
       162.223
       162.584
       162.562
       162.251
       161.833
       160.945
       159.966
       159.035
       157.979
       156.943
       156.572
        156.55
       156.572
       156.525
       156.949
       157.294
       157.537
       157.815
       158.197
       158.719
       158.945
        159.08
       159.327
        159.36
       159.109
       157.965
       156.424
       156.009
       156.874
       164.175
       168.502
       169.992
       170.967
       170.618
       170.136
       169.378
       167.656
       165.892
       164.119
        162.72
       163.057
       164.095
        164.96
       165.707
       166.483
       167.328
       166.723
       165.771
       164.967
       164.615
        163.58
       162.472
       161.383
       160.711
       160.669
       160.708
       160.835
       160.548
       160.342
       159.063
       157.161
       155.305
       153.495
        151.71
       149.815
       147.753
       145.659
       143.328
       140.553
       137.205
       132.992
       127.919
       122.068
       171.903
       171.166
       112.941
       127.877
       127.878
       127.878
       127.878
       127.878
       127.878
       127.879
       127.879
       127.879
       127.879
       127.879
       127.879
       127.879
       127.879
       127.879
       127.879
       127.879
       127.879
       127.878
       127.878
       127.878
       127.877
       127.877
       127.876
       127.875
       127.874
       127.873
       127.871
        127.87
       127.868
       127.865
       127.862
       127.859
       127.856
       127.851
       127.846
        127.84
       127.834
       127.826
       127.817
       127.807
       127.795
       127.781
       127.765
       127.747
       127.726
       127.701
       127.672
       127.638
       127.598
       127.551
       127.495
       127.429
       127.349
       127.254
       127.138
       126.998
       126.829
       126.622
        126.37
       126.065
         125.7
        126.19
       126.635
       127.047
       127.146
       127.245
       127.352
       127.455
        127.57
       127.701
       127.678
       127.672
       127.686
       127.848
        128.03
       128.153
       128.382
       128.647
        128.96
       129.367
       129.845
       130.389
       130.332
       130.371
       130.473
       129.794
       129.175
       128.606
       128.392
       128.158
        128.02
       128.444
       128.813
       129.236
       129.793
       130.352
       130.936
        131.28
         131.6
       131.537
       131.188
       130.747
       129.834
       128.853
        127.95
       126.927
       125.916
       125.555
       125.515
       125.494
        125.42
       125.837
       126.187
       126.436
       126.712
       127.104
       127.631
       127.852
       127.985
       128.254
       128.312
        128.08
       126.912
       125.298
       124.788
       125.527
       132.916
       137.274
       138.733
       139.722
       139.386
       138.968
       138.309
       136.675
       135.015
       133.344
       132.035
       132.493
        133.65
       134.613
        135.45
       136.328
         137.3
       136.782
       135.924
        135.23
       135.018
       134.097
         133.1
       132.113
       131.546
        131.62
       131.769
       132.012
       131.836
       131.766
       130.607
       128.829
       127.122
       125.478
       123.869
       122.152
       120.264
       118.338
       116.148
       113.461
       110.099
       105.692
       100.112
       93.2586
        141.72
        140.93
       82.1323
       97.3083
       97.3086
       97.3088
        97.309
       97.3092
       97.3093
       97.3094
       97.3095
       97.3096
       97.3097
       97.3097
       97.3098
       97.3098
       97.3098
       97.3097
       97.3097
       97.3096
       97.3095
       97.3093
       97.3091
       97.3088
       97.3084
       97.3079
       97.3074
       97.3067
       97.3059
        97.305
       97.3038
       97.3025
        97.301
       97.2992
        97.297
       97.2946
       97.2917
       97.2884
       97.2846
       97.2801
        97.275
       97.2691
       97.2622
       97.2543
       97.2451
       97.2345
       97.2222
       97.2079
       97.1912
       97.1718
       97.1491
       97.1224
       97.0909
       97.0535
       97.0089
       96.9551
       96.8899
       96.8101
       96.7116
       96.5897
       96.4379
       96.2475
       96.0086
       95.7038
       95.3228
       95.8138
       96.2536
       96.6703
       96.7727
       96.8784
       96.9926
        97.104
       97.2301
       97.3729
       97.3563
       97.3577
       97.3746
       97.5371
        97.714
       97.8223
       98.0326
       98.2731
       98.5548
       98.9299
       99.3785
       99.9026
       99.8179
       99.8471
       99.9588
       99.2763
        98.664
       98.0988
       97.8871
       97.6383
       97.4681
        97.856
        98.173
       98.5359
       99.0295
       99.5234
       100.045
       100.323
       100.589
       100.483
       100.111
        99.678
       98.7927
       97.8784
       97.0611
       96.1125
       95.1444
       94.7901
       94.7443
       94.7055
       94.5953
       95.0002
       95.3247
       95.5281
       95.7623
        96.125
       96.6251
       96.8172
       96.9328
       97.2026
       97.2998
        97.122
       95.9764
       94.3379
       93.7365
       94.2631
       101.548
       105.813
       107.172
       108.144
       107.824
       107.496
       106.983
       105.501
       104.015
       102.508
       101.327
       101.903
       103.151
       104.174
       105.064
       106.013
       107.094
       106.672
       105.925
       105.367
       105.316
       104.538
       103.682
       102.823
       102.372
       102.556
       102.801
       103.145
       103.073
       103.146
       102.135
       100.527
       99.0256
       97.6081
       96.2401
       94.7742
       93.1473
        91.497
       89.5897
       87.1774
       84.0464
       79.7438
       73.9745
        66.327
       111.366
       110.551
       53.6973
       66.6682
       66.6684
       66.6686
       66.6688
       66.6689
        66.669
       66.6691
       66.6691
       66.6692
       66.6693
       66.6693
       66.6693
       66.6693
       66.6693
       66.6693
       66.6693
       66.6692
       66.6691
        66.669
       66.6688
       66.6686
       66.6684
       66.6681
       66.6677
       66.6673
       66.6667
       66.6661
       66.6653
       66.6644
       66.6634
       66.6621
       66.6607
        66.659
       66.6571
       66.6548
       66.6522
       66.6492
       66.6457
       66.6417
       66.6371
       66.6317
       66.6254
       66.6182
       66.6098
          66.6
       66.5886
       66.5753
       66.5596
       66.5412
       66.5194
       66.4933
        66.462
       66.4238
       66.3766
       66.3173
       66.2416
       66.1452
       66.0222
       65.8603
       65.6555
       65.3812
       65.0223
       65.5181
        65.948
       66.3529
        66.449
       66.5569
       66.6764
       66.7944
       66.9294
       67.0842
       67.0805
       67.0946
       67.1172
       67.2787
       67.4471
       67.5395
       67.7268
       67.9342
       68.1724
       68.4956
       68.8903
       69.3735
       69.2578
       69.2792
       69.4096
       68.7583
       68.1946
       67.6711
       67.4858
       67.2371
       67.0391
       67.3771
       67.6239
       67.9046
       68.3093
       68.7101
       69.1423
       69.3358
       69.5339
       69.4024
       69.0505
       68.6826
       67.9026
       67.1104
       66.4242
       65.5923
       64.6971
       64.3772
       64.3346
       64.2543
       64.0912
       64.4474
       64.7213
       64.8613
       65.0303
       65.3256
       65.7539
       65.8846
       65.9504
       66.2012
       66.3341
       66.2346
       65.2132
       63.6863
       63.0732
       63.2934
       70.0805
       74.0262
        75.187
       76.1047
       75.8215
       75.6288
       75.3271
       74.0999
        72.905
       71.6696
       70.6855
       71.3646
       72.6377
       73.6551
       74.5368
       75.4948
       76.6444
       76.3349
       75.7452
       75.3581
       75.4905
       74.8946
       74.2275
       73.5386
       73.2201
       73.4946
       73.8013
        74.208
       74.2163
       74.4226
       73.5951
        72.226
       71.0043
        69.883
       68.8231
       67.6823
       66.4062
       65.1452
       63.6783
       61.7746
       59.2216
       55.5288
       50.2399
       42.4932
       81.1568
       80.3853
       29.8856
       35.9521
       35.9523
       35.9524
       35.9525
       35.9526
       35.9527
       35.9527
       35.9527
       35.9528
       35.9528
       35.9528
       35.9528
       35.9528
       35.9528
       35.9528
       35.9528
       35.9528
       35.9527
       35.9527
       35.9526
       35.9525
       35.9523
       35.9522
        35.952
       35.9518
       35.9515
       35.9512
       35.9508
       35.9503
       35.9498
       35.9492
       35.9485
       35.9476
       35.9466
       35.9455
       35.9442
       35.9427
       35.9409
       35.9389
       35.9365
       35.9338
       35.9306
       35.9269
       35.9227
       35.9177
       35.9119
       35.9051
       35.8972
       35.8878
       35.8766
       35.8631
       35.8469
       35.8268
       35.8015
       35.7681
       35.7204
       35.6563
       35.5777
       35.4831
       35.3634
       35.1904
       34.9058
       35.3534
       35.7169
       36.0682
       36.1575
       36.2707
       36.3967
       36.5208
        36.659
       36.8193
       36.8414
       36.8815
       36.9216
       37.0774
       37.2328
       37.3142
       37.4739
       37.6403
        37.821
       38.0641
       38.3614
       38.7521
       38.6186
       38.6278
       38.7619
       38.2146
        37.772
       37.3496
        37.211
       36.9914
       36.7898
       37.0429
       37.1916
       37.3626
       37.6379
       37.9048
       38.2088
       38.3156
       38.4532
        38.319
       38.0199
       37.7456
       37.1314
       36.5234
       36.0152
        35.371
       34.6479
       34.3954
       34.3288
       34.2037
       33.9931
       34.2389
       34.3923
       34.4403
       34.5209
       34.7145
       35.0335
       35.1016
        35.129
       35.3409
       35.4765
       35.4941
       34.7669
       33.6298
        33.206
       33.1413
       38.5541
        41.715
       42.5796
       43.3955
       43.2355
       43.2416
       43.2213
       42.4254
        41.705
       40.9334
       40.2973
       41.0113
       42.1647
       43.0728
       43.8611
       44.7234
       45.8186
       45.6848
       45.3504
       45.1902
       45.4894
       45.1449
       44.7516
       44.3162
        44.158
       44.4698
       44.7712
       45.1606
       45.2061
       45.4852
       44.9018
       43.8988
       43.0584
        42.305
       41.6096
       40.8596
       40.0206
       39.2436
        38.358
        37.203
         35.64
       33.2755
       29.6614
       23.5614
       51.6869
       51.1257
       14.2571
       5.15532
       5.15532
       5.15532
       5.15532
       5.15532
       5.15532
       5.15532
       5.15532
       5.15532
       5.15532
       5.15532
       5.15532
       5.15532
       5.15532
       5.15532
       5.15532
       5.15532
       5.15532
       5.15532
       5.15532
       5.15532
       5.15532
       5.15532
       5.15532
       5.15532
       5.15532
       5.15532
       5.15532
       5.15532
       5.15532
       5.15532
       5.15532
       5.15532
       5.15532
       5.15532
       5.15532
       5.15532
       5.15532
       5.15532
       5.15532
       5.15532
       5.15532
       5.15532
       5.15532
       5.15532
       5.15532
       5.15532
       5.15532
       5.15532
       5.15532
       5.15532
       5.15532
       5.15532
       5.15532
       5.15532
       5.15532
       5.15532
       5.15532
       5.15532
       5.15532
       5.15532
       5.15532
       5.35094
       5.54833
       5.74562
       5.87937
       6.01311
       6.14684
       6.27755
       6.40826
       6.53856
       6.63194
       6.72532
       6.81906
        6.9403
       7.06151
       7.16507
       7.28484
       7.40462
       7.52457
       7.65248
       7.78038
       7.90412
       7.88211
        7.8601
       7.83227
       7.62376
       7.41525
       7.21014
       7.07796
       6.94578
       6.84302
       6.86956
        6.8961
       6.94286
       7.02225
       7.10164
       7.18103
       7.20204
       7.20783
       7.12135
        6.9622
       6.77138
       6.47267
       6.14845
       5.83046
       5.47541
       5.10854
       4.86771
       4.69577
       4.53355
       4.37133
       4.33056
       4.29707
       4.26358
       4.26002
       4.30333
       4.38995
       4.42998
          4.47
       4.56454
       4.65387
       4.72389
       4.64461
       4.52778
       4.70516
        5.2035
       7.11156
       8.38548
       9.06201
       9.63624
       9.93238
       10.1999
       10.4099
         10.42
         10.43
       10.4541
       10.5775
       11.0926
       11.7754
       12.4299
       13.0577
       13.6803
       14.2973
       14.5788
       14.7563
       14.9337
        15.177
       15.2427
       15.2643
       15.2657
       15.3378
       15.5298
       15.7218
       15.9138
       15.9935
       16.0693
       15.8873
       15.5495
       15.2118
        14.884
       14.5737
       14.2634
       13.9544
       13.6954
       13.4588
       13.2215
       12.9818
       12.7059
       12.4301
       12.2007
            24
            24
       12.1714
