160                           216.94                        
35                            216.94                        
34                            220.01                        
33                            214.98                        
32                            218.19                        
31                            221.36                        
30                            224.31                        
29                            227.2                         
28                            229.99                        
27                            232.7                         
26                            235.29                        
25                            237.81                        
24                            240.23                        
23                            239.18                        
22                            237.97                        
21                            236.56                        
20                            235.07                        
19                            233.69                        
18                            232.22                        
17                            230.77                        
16                            229.28                        
15                            226.47                        
14                            219.51                        
13                            219.78                        
12                            230.63                        
11                            230.99                        
10                            163                           
9                             137.33                        
8                             106.78                        
7                             62.707                        
6                             53.214                        
5                             45.513                        
4                             38.623                        
3                             32.448                        
2                             27.074                        
1                             22.079                        
0                             17.832                        
