160                           58.564                        
35                            58.564                        
34                            58.314                        
33                            58.342                        
32                            58.474                        
31                            58.632                        
30                            58.83                         
29                            59.056                        
28                            59.306                        
27                            59.576                        
26                            59.884                        
25                            60.236                        
24                            60.608                        
23                            60.994                        
22                            61.345                        
21                            61.711                        
20                            62.09                         
19                            62.483                        
18                            62.889                        
17                            63.309                        
16                            63.777                        
15                            61.039                        
14                            48.281                        
13                            45.823                        
12                            45.239                        
11                            44.247                        
10                            45.106                        
9                             46.025                        
8                             45.997                        
7                             25.092                        
6                             24.626                        
5                             23.851                        
4                             23.041                        
3                             22.244                        
2                             21.48                         
1                             20.757                        
0                             20.077                        
