160                           22.792                        
35                            22.792                        
34                            24.293                        
33                            25.788                        
32                            27.25                         
31                            28.682                        
30                            30.093                        
29                            31.476                        
28                            32.82                         
27                            34.134                        
26                            35.434                        
25                            36.71                         
24                            37.953                        
23                            39.181                        
22                            40.38                         
21                            41.544                        
20                            42.663                        
19                            43.772                        
18                            44.84                         
17                            45.894                        
16                            46.935                        
15                            46.85                         
14                            44.538                        
13                            47.885                        
12                            53.602                        
11                            52.225                        
10                            98.34                         
9                             115.34                        
8                             112.31                        
7                             78.112                        
6                             54.21                         
5                             50.085                        
4                             45.546                        
3                             42.874                        
2                             36.785                        
1                             28.634                        
0                             21.632                        
