160                           56.164                        
35                            56.164                        
34                            53.813                        
33                            51.004                        
32                            47.668                        
31                            44.128                        
30                            40.735                        
29                            37.493                        
28                            33.757                        
27                            30.273                        
26                            27.195                        
25                            24.181                        
24                            21.242                        
23                            18.432                        
22                            15.77                         
21                            13.253                        
20                            10.839                        
19                            8.2038                        
18                            5.3075                        
15                            9.4181                        
13                            12.402                        
12                            12.756                        
11                            12.526                        
10                            70.12                         
9                             113.2                         
8                             119.3                         
7                             70.629                        
6                             60.189                        
5                             52.115                        
4                             45.201                        
3                             38.474                        
2                             30.883                        
1                             23.415                        
0                             18.557                        
