160                           84.428                        
35                            84.428                        
34                            84.17                         
33                            84.281                        
32                            84.511                        
31                            84.783                        
30                            85.074                        
29                            85.372                        
28                            85.665                        
27                            85.948                        
26                            86.218                        
25                            86.468                        
24                            86.701                        
23                            86.918                        
22                            87.123                        
21                            87.312                        
20                            87.483                        
19                            87.634                        
18                            87.772                        
17                            87.897                        
16                            88.003                        
15                            79.038                        
14                            71.829                        
13                            65.19                         
12                            55.677                        
11                            53.418                        
10                            37.182                        
9                             35.957                        
8                             34.482                        
7                             22.351                        
6                             20.427                        
5                             20.373                        
4                             20.302                        
3                             20.226                        
2                             20.148                        
1                             20.067                        
0                             19.985                        
