160                           79.298                        
35                            79.298                        
34                            78.869                        
33                            78.822                        
32                            78.907                        
31                            79.045                        
30                            79.208                        
29                            79.385                        
28                            79.57                         
27                            79.758                        
26                            79.943                        
25                            80.121                        
24                            80.292                        
23                            80.453                        
22                            80.604                        
21                            80.769                        
20                            80.941                        
19                            81.108                        
18                            81.269                        
17                            81.424                        
16                            81.57                         
15                            78.447                        
14                            70.622                        
13                            63.239                        
12                            58.032                        
11                            55.694                        
10                            45.497                        
9                             44.479                        
8                             41.42                         
7                             24.795                        
6                             21.694                        
5                             21.529                        
4                             21.308                        
3                             21.071                        
2                             20.825                        
1                             20.575                        
0                             20.319                        
