160                           350.77                        
35                            350.77                        
34                            348.5                         
33                            346.21                        
32                            343.83                        
31                            341.32                        
30                            338.65                        
29                            335.8                         
28                            332.78                        
27                            329.57                        
26                            326.21                        
25                            322.74                        
24                            319.1                         
23                            315.32                        
22                            311.43                        
21                            307.4                         
20                            303.25                        
19                            299.03                        
18                            294.77                        
17                            290.45                        
16                            286.03                        
15                            280.95                        
14                            275.73                        
13                            269.42                        
12                            274.04                        
11                            277.6                         
10                            236.84                        
9                             189.97                        
8                             143.33                        
7                             82.912                        
6                             65.523                        
5                             56.134                        
4                             47.424                        
3                             39.167                        
2                             31.475                        
1                             24.483                        
0                             17.93                         
