160                           216.13                        
35                            216.13                        
34                            219.16                        
33                            214.3                         
32                            217.45                        
31                            220.57                        
30                            223.46                        
29                            226.29                        
28                            229.03                        
27                            231.69                        
26                            234.22                        
25                            236.69                        
24                            239.06                        
23                            241.39                        
22                            243.58                        
21                            241.97                        
20                            240.26                        
19                            238.66                        
18                            236.97                        
17                            235.3                         
16                            233.59                        
15                            230.85                        
14                            223.89                        
13                            224.26                        
12                            234.31                        
11                            234.92                        
10                            166.26                        
9                             138.19                        
8                             107.29                        
7                             61.609                        
6                             52.112                        
5                             44.35                         
4                             37.695                        
3                             31.752                        
2                             26.34                         
1                             21.683                        
0                             17.562                        
