18                            
0                             4.3829                        
1                             4.3829                        
2                             4.3829                        
3                             4.3829                        
4                             4.3829                        
5                             4.3829                        
6                             4.3829                        
7                             4.3829                        
8                             4.3829                        
9                             4.3829                        
10                            4.3829                        
11                            4.3829                        
12                            4.3829                        
13                            4.3829                        
14                            4.3829                        
15                            4.3829                        
16                            4.3829                        
17                            4.3829                        
18                            4.3829                        
19                            4.3829                        
20                            4.3829                        
21                            4.3829                        
22                            4.3829                        
23                            4.3829                        
24                            4.3829                        
25                            4.3829                        
26                            4.3829                        
27                            4.3829                        
28                            4.3829                        
29                            4.3829                        
30                            4.3829                        
31                            4.3829                        
32                            4.3829                        
33                            4.3829                        
34                            4.3829                        
35                            4.3829                        
36                            4.3829                        
37                            4.3829                        
38                            4.3829                        
39                            4.3829                        
40                            4.3829                        
41                            4.3829                        
42                            4.3829                        
43                            4.3829                        
44                            4.3829                        
45                            4.3829                        
46                            4.3829                        
47                            4.3829                        
48                            4.3829                        
49                            4.3829                        
50                            4.3829                        
51                            4.3829                        
52                            4.3829                        
53                            4.3829                        
54                            4.3829                        
55                            4.3829                        
56                            4.3829                        
57                            4.3829                        
58                            4.3829                        
59                            4.3829                        
60                            4.3829                        
61                            4.3829                        
62                            4.305                         
63                            4.2264                        
64                            4.1479                        
65                            4.0946                        
66                            4.0413                        
67                            3.9881                        
68                            3.936                         
69                            3.884                         
70                            3.8321                        
71                            3.7949                        
72                            3.7577                        
73                            3.7204                        
74                            3.6721                        
75                            3.6239                        
76                            3.5758                        
77                            3.5213                        
78                            3.4668                        
79                            3.4123                        
80                            3.3546                        
81                            3.2968                        
82                            3.2408                        
83                            3.2427                        
84                            3.2447                        
85                            3.249                         
86                            3.3252                        
87                            3.4015                        
88                            3.4763                        
89                            3.5222                        
90                            3.568                         
91                            3.6022                        
92                            3.5848                        
93                            3.5674                        
94                            3.542                         
95                            3.5036                        
96                            3.4652                        
97                            3.4268                        
98                            3.4116                        
99                            3.4025                        
100                           3.3967                        
101                           3.4053                        
102                           3.4146                        
103                           3.4269                        
104                           3.4494                        
105                           3.4717                        
106                           3.5093                        
107                           3.5516                        
108                           3.5913                        
109                           3.6283                        
110                           3.6615                        
111                           3.6946                        
112                           3.7294                        
113                           3.7706                        
114                           3.8118                        
115                           3.8411                        
116                           3.8517                        
117                           3.8657                        
118                           3.8983                        
119                           3.9308                        
120                           3.9417                        
121                           3.94                          
122                           3.9387                        
123                           3.9662                        
124                           4.0058                        
125                           4.0317                        
126                           4.0202                        
127                           3.9806                        
128                           3.9537                        
129                           3.9387                        
130                           3.7142                        
131                           3.6005                        
132                           3.4982                        
133                           3.4187                        
134                           3.4189                        
135                           3.4191                        
136                           3.4137                        
137                           3.3688                        
138                           3.1679                        
139                           2.9002                        
140                           2.6331                        
141                           2.3665                        
142                           2.1019                        
143                           1.8396                        
144                           1.7109                        
145                           1.6236                        
146                           1.5363                        
147                           1.4478                        
148                           1.4356                        
149                           1.441                         
150                           1.4544                        
151                           1.4385                        
152                           1.3621                        
153                           1.2856                        
154                           1.2092                        
155                           1.1774                        
156                           1.147                         
157                           1.1929                        
158                           1.3008                        
159                           1.4087                        
160                           1.5125                        
161                           1.6095                        
162                           1.7064                        
163                           1.8029                        
164                           1.8975                        
165                           1.9917                        
166                           2.0862                        
167                           2.1812                        
168                           2.2769                        
169                           2.3727                        
170                           2.4498                        
171                           0                             
172                           0                             
173                           2.4589                        
