160                           71.525                        
10                            71.525                        
9                             100.4                         
8                             96.879                        
7                             78.653                        
6                             51.817                        
5                             45.501                        
4                             41.7                          
3                             40.221                        
2                             36.564                        
1                             25.8                          
0                             20.793                        
