160                           60.262                        
35                            60.262                        
34                            58.415                        
33                            55.386                        
32                            51.533                        
31                            47.697                        
30                            44.443                        
29                            40.838                        
28                            37.453                        
27                            34.127                        
26                            30.837                        
25                            27.171                        
24                            23.717                        
23                            20.669                        
22                            17.781                        
21                            15.034                        
20                            12.472                        
19                            10.055                        
18                            7.7784                        
17                            5.6388                        
15                            10.302                        
14                            9.0968                        
13                            13.472                        
12                            13.891                        
11                            13.586                        
10                            69.295                        
9                             112.94                        
8                             118.93                        
7                             67.292                        
6                             56.572                        
5                             48.343                        
4                             40.596                        
3                             33.054                        
2                             26.856                        
1                             21.999                        
0                             17.47                         
