       971.935
       971.982
       972.126
       972.355
       972.659
       973.027
       973.448
       973.912
        974.41
       974.936
       975.486
       976.057
       976.646
       977.251
       977.872
       978.507
       979.155
       979.818
       980.496
       981.189
       981.901
       982.632
       983.386
       984.166
       984.977
       985.824
       986.714
       987.653
        988.65
       989.714
        990.86
       992.098
       993.441
       994.919
       996.594
       998.458
        1000.5
       1002.69
       1005.03
       1007.51
       1010.11
       1012.83
       1015.64
       1018.53
       1021.48
       1024.47
       1027.47
       1030.48
       1033.46
       1036.41
       1039.28
       1042.06
       1044.73
       1047.25
        1049.6
       1051.76
        1053.6
       1055.05
       1056.14
       1056.87
       1057.23
       1057.23
       1056.88
       1056.17
       1055.11
        1053.7
       1051.94
       1049.84
       1047.41
       1044.68
       1041.66
       1038.38
       1034.86
       1031.13
       1027.21
       1023.13
       1018.91
       1014.59
       1010.28
       1006.02
       1001.85
       997.778
       993.817
       989.968
       986.229
       982.591
       979.045
       975.577
       972.172
       968.818
         965.5
       962.204
       958.922
       955.669
       952.457
       949.279
       946.132
       943.013
       939.927
       936.885
       933.902
       931.001
         928.2
        925.52
       923.063
       920.901
       919.033
       917.456
       916.137
        915.05
       914.192
       913.557
       913.131
       912.899
       912.792
       912.757
       912.782
       912.855
       912.964
       913.094
       913.235
        913.38
       913.522
       913.658
       913.781
       913.888
       913.979
       914.051
       914.101
       914.126
       914.119
       914.077
       913.991
       913.853
       913.654
       913.384
       913.034
         912.6
       912.076
       911.459
       910.749
       909.948
       909.059
       908.083
       907.029
       905.908
       904.729
       903.504
       902.243
       900.956
       899.655
       898.353
       897.061
       895.799
        894.58
       893.411
       892.301
       891.252
       890.258
        889.32
        888.44
       887.619
        886.86
       886.169
       885.549
       885.003
       884.535
       884.155
       883.863
       883.655
       883.524
       883.446
       883.405
       883.401
       943.229
       943.266
       943.398
       943.616
       943.909
       944.265
       944.674
       945.124
       945.608
        946.12
       946.654
       947.209
       947.782
       948.371
       948.975
       949.593
       950.225
        950.87
       951.531
       952.206
         952.9
       953.612
       954.348
       955.109
       955.902
        956.73
         957.6
        958.52
       959.498
       960.543
       961.672
        962.91
       964.269
       965.776
       967.476
       969.364
       971.425
       973.642
       976.008
       978.511
       981.142
       983.904
       986.774
       989.712
        992.68
       995.685
        998.71
       1001.73
       1004.74
        1007.7
       1010.59
       1013.39
       1016.08
       1018.62
          1021
       1023.18
       1025.02
       1026.51
       1027.65
       1028.42
       1028.83
       1028.88
       1028.56
       1027.85
       1026.79
       1025.38
       1023.63
       1021.53
       1019.11
       1016.37
       1013.35
       1010.07
       1006.53
       1002.78
       998.851
       994.758
       990.572
        986.29
           982
       977.749
       973.581
       969.515
       965.559
       961.681
       957.911
       954.244
       950.666
       947.177
       943.783
       940.437
       937.125
       933.802
       930.465
       927.159
       923.892
       920.679
       917.514
       914.376
       911.305
       908.369
       905.493
       902.618
        899.83
       897.165
       894.744
       892.619
       890.787
       889.242
       887.935
       886.861
       886.018
       885.397
       884.987
       884.773
        884.68
       884.661
       884.708
        884.81
       884.947
       885.105
       885.273
       885.434
       885.588
       885.733
       885.866
       885.984
       886.085
       886.167
       886.226
        886.26
       886.263
        886.22
        886.13
       885.988
       885.785
        885.51
       885.154
       884.695
       884.142
       883.495
       882.754
       881.921
       880.997
       880.042
       879.017
       877.915
       876.746
        875.53
       874.279
       873.002
       871.712
       870.411
       869.108
       867.836
       866.599
       865.391
       864.243
       863.164
       862.178
       861.249
       860.381
       859.571
       858.789
       858.073
       857.429
       856.858
       856.367
       855.966
       855.673
       855.468
        855.34
       856.338
       856.298
       855.212
       914.436
       914.462
       914.583
       914.791
       915.073
       915.418
       915.815
       916.252
       916.719
       917.212
       917.727
       918.261
       918.812
       919.378
       919.959
       920.552
       921.159
       921.779
       922.412
       923.061
       923.726
       924.411
       925.117
       925.849
       926.611
       927.408
       928.248
       929.136
       930.083
         931.1
         932.2
        933.43
         934.8
       936.327
       938.047
       939.955
       942.036
       944.276
       946.666
       949.197
       951.861
       954.674
       957.606
       960.601
       963.596
       966.627
       969.676
       972.725
       975.753
       978.738
       981.655
        984.48
       987.187
       989.757
       992.178
       994.349
       996.184
       997.714
       998.881
       999.686
       1000.13
       1000.22
       999.941
        999.23
        998.17
       996.762
       995.009
       992.917
       990.504
       987.768
       984.748
       981.469
       977.932
       974.177
       970.241
       966.146
       962.002
       957.754
       953.492
        949.25
       945.088
       941.027
       937.075
       933.165
       929.364
       925.665
       922.055
       918.542
       915.152
       911.809
       908.496
       905.133
       901.729
       898.352
       895.009
       891.738
        888.53
       885.344
       882.256
       879.397
       876.601
       873.723
       870.921
       868.263
       865.889
        863.81
       862.027
       860.527
       859.246
         858.2
       857.386
       856.795
       856.417
       856.235
       856.177
       856.193
       856.283
       856.433
       856.619
       856.825
        857.04
       857.233
       857.413
       857.583
       857.737
       857.876
       857.996
       858.095
       858.171
       858.221
       858.241
       858.207
       858.119
       857.981
        857.78
       857.508
       857.153
       856.671
       856.091
       855.414
        854.64
        853.77
       852.806
       851.864
       850.859
       849.766
       848.598
       847.384
       846.135
       844.861
       843.573
       842.268
       840.948
        839.66
       838.403
       837.154
       835.966
       834.859
       833.884
       832.963
       832.107
       831.306
       830.496
        829.75
       829.074
       828.473
       827.955
       827.531
       827.239
       827.042
       826.926
       829.025
       828.989
       826.815
       885.553
       885.566
       885.678
       885.876
       886.148
       886.483
       886.867
        887.29
       887.739
       888.211
       888.703
       889.212
       889.737
       890.275
       890.826
       891.389
       891.965
       892.552
       893.152
       893.765
       894.394
       895.042
        895.71
       896.402
       897.124
       897.881
       898.679
       899.526
       900.432
       901.409
       902.473
       903.686
       905.063
       906.602
       908.334
       910.257
       912.355
       914.614
       917.027
       919.587
       922.285
       925.154
       928.154
        931.21
       934.238
         937.3
       940.379
       943.457
       946.514
       949.528
       952.474
       955.327
       958.064
       960.665
       963.112
       965.271
       967.102
       968.658
       969.852
       970.686
       971.165
       971.291
       971.035
       970.316
       969.253
       967.846
       966.097
       964.012
       961.608
       958.875
       955.861
       952.592
       949.059
       945.307
       941.375
       937.284
       933.188
       928.988
       924.758
       920.525
       916.369
       912.313
       908.364
       904.422
       900.588
       896.855
        893.21
       889.671
       886.283
       882.937
       879.616
       876.205
       872.721
       869.259
       865.825
       862.477
       859.206
       855.949
       852.822
       850.018
        847.28
       844.381
       841.552
       838.907
       836.569
       834.538
        832.81
       831.362
       830.118
        829.11
       828.336
       827.787
       827.451
       827.312
       827.307
       827.375
       827.524
       827.739
        827.99
       828.259
       828.536
       828.775
       828.995
         829.2
       829.387
       829.556
       829.702
       829.826
       829.927
           830
       830.044
       830.025
       829.948
        829.82
       829.629
       829.365
       829.016
       828.516
       827.911
       827.205
       826.397
       825.488
       824.479
       823.544
       822.552
       821.463
       820.289
        819.07
       817.816
       816.538
       815.248
       813.935
       812.591
       811.284
       810.004
       808.711
       807.483
       806.348
       805.383
       804.472
       803.627
       802.834
       801.992
       801.212
       800.502
       799.867
       799.321
       798.874
       798.584
       798.398
         798.3
       801.518
       801.491
       798.217
       856.575
       856.578
       856.679
       856.867
       857.131
       857.455
       857.827
       858.234
       858.665
       859.114
        859.58
       860.061
       860.556
       861.062
        861.58
       862.108
       862.646
       863.195
       863.754
       864.326
       864.912
       865.514
       866.136
       866.781
       867.454
        868.16
       868.908
       869.704
        870.56
       871.489
       872.506
       873.694
        875.07
       876.614
       878.355
       880.287
       882.397
       884.672
       887.107
       889.693
       892.427
       895.353
       898.425
       901.546
       904.611
       907.707
        910.82
       913.932
       917.022
       920.069
       923.048
       925.934
       928.706
       931.347
       933.812
       935.945
       937.767
       939.345
       940.561
       941.419
       941.924
        942.08
       941.848
       941.118
        940.05
       938.642
       936.896
       934.818
       932.424
       929.697
       926.693
       923.438
       919.914
        916.17
       912.249
       908.168
       904.127
       899.982
        895.79
       891.569
        887.42
        883.37
       879.425
       875.449
       871.582
       867.815
       864.134
       860.566
       857.178
       853.825
       850.491
       847.024
       843.452
       839.894
       836.356
       832.916
       829.566
       826.221
       823.036
       820.271
       817.577
       814.644
       811.779
       809.144
       806.839
       804.855
       803.186
       801.795
       800.594
       799.632
       798.906
       798.408
       798.125
       798.039
       798.099
       798.231
        798.45
       798.742
       799.071
       799.417
       799.767
       800.065
       800.335
       800.586
       800.813
        801.02
       801.202
       801.358
       801.489
       801.593
       801.667
        801.67
        801.61
       801.498
       801.323
       801.072
       800.734
        800.22
       799.594
        798.86
       798.017
       797.067
       796.011
        795.08
       794.097
       793.007
       791.822
       790.593
        789.33
       788.043
       786.746
       785.419
        784.05
        782.72
       781.413
       780.075
       778.806
       777.643
        776.69
       775.788
       774.954
       774.168
       773.293
       772.477
        771.73
        771.06
       770.485
       770.014
       769.728
       769.557
       769.477
       773.832
       773.815
        769.43
         827.5
        827.49
       827.582
       827.761
       828.015
       828.329
       828.689
       829.081
       829.491
       829.916
       830.355
       830.805
       831.267
       831.738
       832.218
       832.707
       833.203
       833.708
       834.222
       834.747
       835.283
       835.833
       836.401
       836.991
       837.607
       838.255
       838.943
        839.68
       840.476
       841.347
       842.309
       843.459
       844.825
       846.374
       848.116
       850.052
       852.171
       854.458
        856.91
       859.522
       862.289
       865.274
       868.418
       871.608
       874.712
       877.846
       880.995
       884.144
       887.272
       890.356
       893.371
       896.293
       899.102
       901.785
       904.241
       906.359
       908.172
        909.77
       911.005
       911.883
        912.41
       912.592
        912.38
       911.636
        910.56
        909.15
       907.406
       905.335
       902.954
       900.234
       897.243
       894.006
       890.493
       886.762
       882.857
       878.792
       874.812
       870.728
       866.586
       862.378
       858.239
       854.196
       850.255
       846.246
       842.346
       838.544
       834.826
       831.228
       827.838
       824.477
       821.126
       817.598
       813.931
       810.268
       806.615
       803.073
       799.632
       796.185
       792.929
       790.192
       787.531
       784.553
       781.646
        779.02
       776.744
       774.809
         773.2
       771.869
       770.715
       769.805
       769.134
       768.694
       768.472
       768.451
        768.58
       768.784
       769.083
       769.462
       769.878
       770.312
       770.745
        771.11
        771.44
       771.743
        772.02
       772.272
       772.495
        772.69
       772.858
       772.999
       773.109
       773.139
       773.101
       773.012
       772.858
       772.626
       772.302
       771.779
       771.133
       770.372
       769.495
       768.504
         767.4
       766.471
       765.495
         764.4
       763.201
       761.958
       760.682
       759.384
       758.076
       756.732
       755.334
        753.98
       752.646
        751.26
        749.95
       748.757
       747.816
       746.924
       746.102
       745.322
       744.413
       743.559
       742.773
       742.068
       741.463
        740.97
       740.689
       740.533
       740.476
       745.979
       745.975
       740.468
        798.32
       798.299
        798.38
       798.551
       798.796
         799.1
       799.448
       799.823
       800.212
       800.612
       801.021
       801.439
       801.865
       802.299
       802.738
       803.184
       803.635
       804.092
       804.555
       805.026
       805.507
       805.999
       806.507
       807.034
       807.585
       808.167
       808.788
       809.457
       810.185
        810.99
       811.887
       812.993
       814.348
       815.888
       817.624
       819.558
       821.678
       823.972
       826.439
       829.073
       831.872
       834.913
       838.132
       841.391
       844.535
       847.708
       850.896
       854.085
       857.253
       860.377
       863.431
       866.391
       869.236
       871.952
       874.399
       876.503
       878.307
       879.923
       881.175
        882.07
       882.616
        882.82
       882.626
       881.865
       880.779
       879.365
       877.623
        875.56
       873.192
       870.482
       867.506
       864.289
       860.791
       857.078
       853.193
       849.148
       845.235
       841.219
       837.132
       832.945
       828.819
       824.786
       820.852
       816.811
       812.878
       809.042
       805.287
       801.659
       798.266
       794.895
       791.526
       787.934
       784.166
       780.393
       776.618
       772.966
       769.424
       765.866
        762.53
       759.811
       757.174
       754.143
       751.192
       748.574
       746.328
        744.44
       742.892
       741.623
        740.52
       739.665
       739.054
       738.678
       738.523
       738.573
       738.777
       739.059
       739.445
       739.919
        740.43
       740.958
       741.483
       741.923
       742.318
       742.682
       743.013
       743.317
       743.587
       743.826
       744.037
       744.219
       744.371
       744.434
       744.423
       744.361
       744.232
       744.024
       743.719
       743.188
       742.525
       741.739
        740.83
       739.799
       738.645
       737.717
       736.746
       735.646
        734.43
       733.172
        731.88
       730.568
       729.247
       727.885
       726.457
       725.076
       723.713
        722.28
       720.927
       719.706
       718.777
       717.895
       717.084
       716.311
       715.367
       714.475
        713.65
        712.91
       712.275
       711.759
       711.486
       711.346
        711.31
       717.973
       717.982
       711.343
        769.03
       768.997
       769.069
        769.23
       769.466
        769.76
       770.095
       770.453
       770.821
       771.194
       771.573
       771.957
       772.346
       772.738
       773.134
       773.533
       773.935
        774.34
       774.748
       775.161
       775.581
       776.009
        776.45
       776.908
       777.388
       777.896
       778.442
       779.034
       779.686
       780.418
       781.243
       782.299
       783.633
       785.157
       786.878
       788.802
       790.917
       793.213
       795.688
        798.34
       801.168
       804.265
       807.556
       810.884
       814.068
       817.281
        820.51
        823.74
       826.951
       830.118
       833.215
       836.216
         839.1
       841.841
       844.276
       846.364
       848.158
       849.791
       851.058
       851.968
        852.53
       852.755
       852.576
       851.795
       850.697
       849.278
       847.537
       845.482
        843.13
       840.431
       837.473
       834.279
       830.801
       827.109
       823.248
       819.227
       815.385
       811.439
       807.417
       803.262
       799.155
       795.136
       791.212
       787.141
       783.177
       779.308
       775.517
        771.86
       768.466
       765.085
       761.697
       758.039
       754.168
        750.28
       746.377
        742.61
       738.962
       735.286
       731.862
       729.156
       726.538
       723.439
       720.456
       717.846
       715.628
       713.788
       712.301
       711.094
       710.045
       709.248
         708.7
       708.391
       708.308
       708.433
       708.717
       709.081
       709.559
       710.134
       710.747
       711.375
       711.997
       712.517
       712.984
       713.413
       713.804
       714.164
       714.485
       714.773
       715.031
       715.259
       715.457
       715.556
       715.578
       715.547
       715.448
       715.266
       714.984
       714.449
       713.771
       712.963
       712.023
       710.951
       709.747
       708.821
       707.856
       706.749
       705.516
        704.24
       702.932
       701.604
        700.27
       698.889
       697.429
       696.022
        694.63
       693.148
       691.752
       690.503
       689.587
       688.717
       687.917
       687.151
       686.172
       685.241
       684.377
       683.601
       682.935
       682.397
       682.131
       682.006
       681.994
       689.826
       689.848
       682.069
        739.62
       739.575
       739.637
        739.79
       740.017
       740.301
       740.622
       740.964
       741.309
       741.654
       742.001
        742.35
       742.699
       743.049
       743.399
       743.749
       744.098
       744.447
       744.796
       745.146
         745.5
       745.859
       746.228
        746.61
       747.011
       747.438
       747.901
       748.409
       748.977
       749.626
       750.371
       751.368
       752.676
       754.175
       755.874
       757.779
       759.882
       762.173
       764.652
       767.317
       770.169
       773.318
        776.68
       780.075
       783.298
        786.55
        789.82
       793.093
       796.349
       799.563
       802.707
       805.755
       808.691
       811.438
       813.855
       815.925
       817.709
       819.358
       820.638
        821.56
       822.137
       822.381
       822.216
       821.414
       820.302
       818.877
       817.137
       815.091
       812.756
        810.07
       807.132
       803.966
       800.512
       796.844
        793.01
       789.018
       785.253
       781.383
       777.435
        773.32
       769.237
       765.239
       761.329
       757.231
       753.239
        749.34
       745.516
       741.831
       738.438
       735.049
       731.643
       727.919
       723.944
       719.939
       715.907
       712.021
       708.264
       704.467
       700.952
       698.257
       695.658
       692.502
       689.485
       686.874
       684.683
        682.89
       681.465
       680.321
       679.326
       678.589
       678.106
       677.866
       677.857
        678.06
       678.426
       678.877
       679.451
       680.131
       680.849
       681.582
       682.305
       682.909
       683.451
       683.949
       684.404
       684.823
         685.2
        685.54
       685.848
       686.126
       686.373
       686.513
        686.57
       686.573
       686.507
       686.356
       686.099
       685.563
       684.873
       684.044
       683.074
       681.963
       680.711
       679.787
       678.827
       677.714
       676.463
        675.17
       673.846
       672.503
       671.155
       669.755
       668.264
        666.83
       665.409
       663.879
        662.44
       661.164
       660.262
       659.403
       658.617
       657.857
       656.843
       655.873
       654.969
       654.157
       653.461
       652.898
       652.638
        652.53
       652.542
        661.55
       661.585
        652.66
       710.081
       710.025
       710.077
       710.221
       710.439
       710.711
        711.02
       711.343
       711.665
       711.983
       712.297
       712.608
       712.917
       713.222
       713.524
       713.821
       714.115
       714.404
        714.69
       714.974
       715.256
       715.541
       715.831
       716.132
       716.448
       716.787
       717.159
       717.575
       718.052
       718.609
       719.265
       720.194
       721.469
       722.934
       724.602
        726.48
       728.564
       730.843
       733.318
        735.99
       738.862
       742.059
       745.489
       748.949
       752.208
       755.497
       758.807
       762.124
       765.427
       768.691
       771.885
       774.983
       777.963
       780.708
       783.114
       785.166
       786.938
       788.602
       789.894
       790.828
       791.418
        791.68
       791.528
       790.702
       789.577
       788.145
       786.407
       784.371
       782.054
       779.384
        776.47
       773.336
       769.909
        766.27
       762.469
       758.508
       754.826
       751.037
       747.169
       743.105
       739.058
       735.087
       731.199
       727.079
       723.063
       719.137
       715.282
       711.574
       708.185
       704.792
        701.37
       697.581
       693.503
       689.381
        685.22
       681.214
       677.348
       673.428
       669.821
       667.138
       664.557
       661.342
       658.299
       655.689
       653.526
       651.781
       650.419
       649.339
       648.399
       647.722
       647.304
       647.134
       647.199
       647.482
       647.932
       648.472
       649.145
       649.932
       650.759
       651.598
       652.425
       653.116
       653.736
       654.305
       654.827
       655.308
       655.742
       656.137
       656.498
       656.827
       657.126
        657.31
       657.404
       657.445
       657.415
       657.296
       657.068
       656.533
       655.833
       654.985
       653.987
       652.838
       651.538
       650.617
       649.665
       648.547
        647.28
       645.971
       644.631
       643.273
       641.913
       640.494
       638.973
       637.513
       636.064
       634.486
       633.006
       631.704
       630.817
       629.972
       629.198
       628.446
       627.397
       626.388
       625.444
       624.595
       623.866
        623.28
       623.026
       622.932
       622.968
       633.157
       633.206
       623.129
       680.401
       680.332
       680.374
       680.509
       680.718
        680.98
       681.275
        681.58
       681.879
       682.167
       682.447
        682.72
       682.986
       683.245
       683.496
       683.739
       683.974
       684.201
        684.42
       684.633
       684.841
       685.046
       685.253
       685.465
        685.69
       685.934
       686.208
       686.525
       686.901
       687.359
       687.917
       688.774
       690.004
       691.427
       693.056
       694.899
       696.954
       699.213
       701.677
       704.348
       707.233
       710.473
       713.966
       717.488
        720.78
       724.104
       727.453
       730.813
       734.165
       737.482
       740.731
       743.882
       746.905
       749.638
       752.029
       754.063
       755.822
         757.5
       758.803
       759.747
       760.349
       760.629
       760.489
        759.64
         758.5
       757.063
       755.328
       753.304
       751.007
       748.356
        745.47
       742.372
       738.977
       735.372
       731.608
       727.686
       724.092
       720.392
        716.61
       712.607
        708.61
       704.674
       700.814
       696.679
       692.643
       688.696
       684.815
       681.088
       677.708
       674.314
       670.881
       667.032
       662.852
       658.617
       654.329
       650.206
       646.231
        642.19
       638.492
       635.821
        633.26
       629.989
       626.927
       624.322
       622.188
       620.493
       619.195
       618.182
       617.297
        616.68
       616.327
       616.228
       616.367
       616.728
       617.262
       617.893
       618.667
       619.563
       620.499
       621.447
       622.379
       623.158
       623.856
       624.499
       625.087
       625.632
       626.125
       626.576
       626.991
       627.374
       627.727
       627.955
       628.089
       628.168
       628.176
       628.092
       627.895
       627.362
       626.654
       625.789
       624.765
        623.58
       622.234
       621.319
       620.376
       619.255
       617.972
       616.649
       615.295
       613.925
       612.553
       611.118
       609.569
       608.085
        606.61
       604.986
       603.467
       602.139
       601.269
       600.437
       599.677
       598.933
       597.848
         596.8
       595.816
        594.93
       594.168
       593.556
       593.307
       593.227
       593.286
       604.658
       604.721
       593.488
       650.564
       650.484
       650.516
       650.641
       650.841
       651.092
       651.373
        651.66
       651.934
       652.192
       652.437
       652.671
       652.893
       653.103
       653.302
       653.489
       653.663
       653.825
       653.974
       654.113
       654.241
       654.363
       654.481
         654.6
       654.728
       654.871
        655.04
       655.249
       655.516
       655.866
       656.316
        657.09
        658.27
       659.643
       661.224
       663.023
        665.04
        667.27
       669.713
       672.377
       675.266
       678.543
       682.096
       685.675
       688.995
       692.352
       695.737
        699.14
       702.542
       705.915
       709.223
       712.438
       715.478
       718.197
       720.573
       722.587
       724.332
       726.024
       727.337
       728.291
       728.905
       729.202
       729.075
       728.201
       727.047
       725.606
       723.877
       721.868
       719.595
       716.967
       714.113
       711.055
       707.696
       704.132
       700.411
       696.534
       693.036
       689.434
       685.749
       681.817
       677.877
       673.988
       670.167
       666.023
       661.976
       658.012
       654.113
       650.372
       647.007
        643.62
       640.182
       636.277
       632.001
       627.657
       623.245
       619.009
       614.931
       610.772
       606.987
       604.331
       601.787
        598.47
       595.399
       592.804
       590.703
       589.061
       587.829
       586.884
       586.053
       585.496
       585.208
       585.178
       585.389
       585.824
       586.441
       587.167
       588.043
       589.048
       590.093
       591.149
       592.187
       593.053
       593.831
       594.546
       595.202
        595.81
       596.363
        596.87
       597.339
       597.776
       598.183
       598.456
       598.631
       598.751
       598.798
        598.75
       598.585
       598.057
       597.342
       596.462
       595.413
       594.195
       592.805
       591.898
       590.966
       589.844
       588.549
       587.213
       585.847
       584.467
       583.087
       581.639
       580.063
       578.558
       577.059
       575.394
       573.837
       572.486
       571.634
       570.817
       570.072
       569.336
       568.216
       567.126
       566.101
       565.178
       564.382
       563.743
       563.496
       563.428
        563.51
       576.067
       576.143
       563.751
       620.555
       620.462
       620.483
         620.6
       620.789
       621.029
       621.296
       621.565
       621.814
       622.041
       622.251
       622.444
       622.621
       622.782
       622.927
       623.056
       623.167
       623.261
       623.338
       623.399
       623.445
       623.479
       623.504
       623.525
       623.549
       623.585
       623.642
       623.736
       623.887
       624.118
       624.448
       625.136
       626.259
       627.573
       629.096
       630.841
       632.811
       635.001
       637.415
       640.061
       642.947
       646.255
        649.86
       653.492
       656.837
       660.222
       663.642
       667.088
       670.541
       673.968
       677.332
         680.6
       683.645
       686.356
       688.717
        690.71
       692.438
       694.143
       695.466
       696.429
       697.054
       697.369
       697.255
       696.357
       695.191
       693.748
       692.026
       690.036
       687.793
       685.193
       682.376
       679.364
       676.049
       672.531
       668.861
       665.035
       661.644
       658.148
       654.568
       650.715
       646.847
       643.019
       639.247
       635.105
       631.054
       627.083
       623.171
       619.426
       616.084
       612.711
       609.275
       605.321
       600.956
        596.51
       591.982
        587.64
       583.464
       579.194
       575.329
       572.695
       570.179
       566.836
       563.752
       561.169
       559.104
       557.516
       556.352
       555.475
       554.699
       554.203
        553.98
       554.018
       554.301
       554.809
       555.509
       556.325
       557.301
       558.414
       559.567
        560.73
       561.871
       562.824
       563.679
       564.466
       565.188
       565.858
       566.469
       567.031
       567.555
       568.045
       568.506
       568.825
        569.04
         569.2
       569.287
       569.277
       569.145
       568.622
       567.903
       567.009
       565.938
       564.687
       563.256
       562.359
       561.442
       560.321
       559.016
       557.671
       556.298
       554.911
       553.526
       552.067
       550.469
       548.946
       547.428
       545.722
       544.131
        542.76
       541.928
       541.127
       540.398
       539.671
       538.515
       537.385
        536.32
       535.356
       534.524
       533.857
       533.611
       533.551
       533.652
       547.394
       547.483
       533.929
       590.352
       590.246
       590.257
       590.364
       590.544
       590.773
       591.025
       591.275
       591.498
       591.695
       591.868
        592.02
       592.151
       592.262
       592.352
        592.42
       592.467
       592.492
       592.494
       592.475
       592.436
       592.379
       592.307
       592.226
       592.143
       592.065
       592.005
       591.977
       592.004
       592.109
       592.313
       592.907
       593.961
       595.206
       596.661
       598.342
       600.254
       602.394
       604.768
       607.388
       610.262
       613.592
       617.245
       620.924
       624.288
       627.698
       631.152
        634.64
       638.141
        641.62
       645.039
       648.353
       651.388
       654.086
       656.429
       658.398
       660.107
       661.824
       663.155
       664.126
       664.763
       665.097
       664.998
       664.077
       662.899
       661.456
       659.747
       657.781
       655.573
       653.007
       650.233
       647.276
       644.012
       640.548
       636.936
       633.171
       629.895
       626.516
       623.051
        619.29
       615.506
       611.754
       608.043
       603.913
       599.869
       595.901
       591.986
       588.245
       584.937
       581.587
       578.164
       574.171
       569.727
       565.187
       560.551
       556.112
       551.848
       547.476
       543.539
       540.937
        538.46
       535.104
       532.015
       529.448
       527.423
       525.894
       524.798
        523.99
        523.27
       522.835
       522.676
       522.782
       523.135
       523.716
       524.496
       525.397
       526.469
       527.686
       528.945
       530.212
       531.454
       532.491
       533.421
       534.277
       535.063
       535.793
       536.459
       537.075
       537.651
       538.193
       538.707
        539.07
       539.324
       539.525
       539.652
       539.679
       539.581
       539.065
       538.343
       537.437
       536.344
       535.064
       533.593
       532.709
        531.81
       530.695
       529.384
       528.034
       526.657
       525.267
       523.881
       522.416
         520.8
       519.264
       517.729
       515.987
       514.367
       512.978
       512.168
       511.386
       510.674
       509.956
       508.766
       507.595
       506.487
       505.481
       504.611
       503.913
       503.663
        503.61
       503.728
       518.652
       518.751
       504.037
       559.932
       559.814
       559.814
       559.912
       560.082
       560.299
       560.536
       560.767
       560.965
        561.13
       561.267
       561.377
       561.461
       561.521
       561.555
       561.563
       561.544
       561.498
       561.424
       561.324
       561.197
       561.047
       560.876
       560.689
       560.494
       560.298
       560.115
       559.959
       559.856
       559.829
         559.9
       560.392
       561.368
       562.533
       563.911
       565.518
       567.361
       569.439
       571.763
       574.345
       577.198
       580.542
       584.235
       587.957
       591.334
       594.766
       598.251
       601.777
        605.32
       608.848
       612.324
       615.652
       618.671
       621.352
       623.673
       625.615
       627.302
       629.029
       630.367
       631.345
       631.994
       632.348
       632.267
       631.324
       630.138
       628.699
       627.006
        625.07
       622.904
       620.379
       617.658
       614.764
        611.56
       608.159
       604.615
        600.92
       597.772
        594.52
       591.182
       587.524
       583.835
       580.174
       576.541
       572.436
       568.413
       564.458
       560.553
       556.826
       553.564
       550.249
        546.85
       542.829
       538.317
       533.696
       528.964
        524.44
         520.1
       515.638
       511.641
       509.079
       506.652
       503.302
       500.216
       497.674
       495.694
       494.226
       493.201
       492.462
       491.799
       491.428
       491.333
       491.503
       491.924
       492.574
       493.426
       494.411
       495.575
       496.893
       498.252
       499.619
       500.958
       502.076
       503.077
       503.998
       504.843
        505.63
       506.349
       507.015
        507.64
       508.232
       508.796
       509.201
       509.494
       509.734
       509.899
       509.964
         509.9
       509.391
       508.665
       507.749
       506.638
        505.33
       503.823
       502.956
       502.078
       500.973
       499.661
       498.311
       496.934
       495.546
       494.165
       492.699
       491.071
       489.525
       487.979
       486.206
       484.559
       483.156
       482.372
       481.611
       480.919
       480.211
       478.987
       477.774
       476.623
       475.572
       474.661
       473.928
       473.669
       473.619
       473.751
       489.851
        489.96
       474.085
       529.269
       529.138
       529.127
       529.215
       529.375
        529.58
       529.803
       530.014
       530.187
        530.32
        530.42
       530.488
       530.525
       530.534
       530.512
       530.459
       530.374
       530.257
       530.107
       529.924
       529.709
       529.464
       529.192
       528.898
       528.588
       528.271
        527.96
       527.672
       527.433
       527.266
         527.2
       527.583
       528.472
       529.549
       530.838
       532.359
       534.122
       536.129
       538.391
       540.925
       543.748
       547.097
       550.823
        554.58
       557.966
       561.415
       564.924
       568.478
       572.053
       575.616
       579.128
       582.453
       585.457
       588.117
       590.413
       592.322
       593.983
       595.718
       597.061
       598.046
       598.707
       599.083
       599.022
       598.059
       596.868
       595.439
       593.769
       591.869
       589.753
       587.279
        584.62
       581.799
       578.665
       575.338
       571.874
       568.259
       565.251
        562.14
       558.941
       555.399
        551.82
       548.265
       544.728
       540.663
       536.674
       532.748
       528.864
       525.166
       521.962
       518.697
       515.335
         511.3
       506.733
       502.044
       497.232
       492.639
       488.237
         483.7
       479.655
       477.143
       474.796
       471.461
       468.389
       465.879
       463.951
       462.549
       461.599
       460.933
       460.329
       460.018
       459.985
       460.218
       460.702
       461.418
       462.336
       463.399
        464.65
       466.061
       467.517
       468.978
       470.409
       471.601
       472.668
       473.648
       474.549
       475.387
       476.154
       476.866
       477.536
       478.173
       478.785
        479.23
       479.558
       479.835
       480.037
       480.138
       480.108
       479.606
       478.879
       477.953
       476.825
       475.492
       473.952
       473.106
       472.254
       471.163
       469.856
        468.51
        467.14
       465.761
        464.39
        462.93
       461.294
       459.746
       458.194
       456.395
       454.726
       453.314
        452.56
       451.823
       451.152
       450.456
       449.197
       447.942
       446.747
        445.65
       444.693
       443.921
       443.648
       443.595
       443.735
       461.004
       461.121
       444.088
       498.332
       498.187
       498.165
       498.243
       498.392
       498.586
       498.795
       498.986
       499.133
       499.235
       499.297
       499.323
       499.315
       499.272
       499.194
       499.081
       498.931
       498.744
       498.518
       498.253
        497.95
       497.611
       497.237
       496.834
       496.409
       495.969
       495.528
       495.105
       494.723
        494.41
       494.205
       494.473
       495.268
       496.247
       497.437
       498.864
       500.536
       502.459
       504.649
       507.124
       509.905
       513.251
       517.003
       520.788
       524.177
       527.634
       531.155
       534.723
       538.314
       541.896
       545.428
       548.731
       551.711
       554.344
       556.606
       558.478
       560.107
       561.846
       563.193
       564.184
       564.858
       565.258
        565.22
        564.24
        563.05
       561.636
       559.997
       558.143
       556.087
       553.672
       551.087
       548.349
       545.298
       542.058
       538.685
       535.164
        532.31
       529.354
        526.31
       522.899
       519.446
        516.01
       512.586
       508.579
        504.64
       500.758
       496.913
       493.258
       490.128
       486.928
        483.62
       479.586
       474.979
       470.242
       465.368
       460.722
       456.278
       451.684
       447.612
       445.173
       442.926
       439.615
       436.567
       434.099
       432.231
       430.902
       430.032
        429.44
       428.896
       428.645
       428.671
       428.963
       429.506
       430.281
       431.261
       432.391
       433.723
       435.223
       436.767
       438.315
        439.83
       441.089
       442.214
       443.248
       444.197
       445.081
        445.89
       446.642
       447.352
        448.03
       448.685
       449.165
       449.526
       449.837
       450.074
        450.21
       450.212
       449.717
       448.988
       448.054
       446.912
       445.558
       443.987
       443.167
       442.345
       441.275
       439.977
       438.643
       437.287
       435.923
       434.569
       433.122
       431.486
       429.942
        428.39
       426.573
       424.889
       423.472
       422.752
       422.043
       421.395
       420.712
       419.419
       418.123
       416.882
       415.736
       414.729
       413.912
       413.618
       413.556
       413.697
       432.122
       432.245
       414.056
       467.086
       466.926
       466.893
       466.961
         467.1
       467.282
       467.476
       467.648
       467.769
        467.84
       467.865
        467.85
       467.796
       467.703
       467.571
       467.398
       467.185
       466.929
       466.629
       466.284
       465.895
       465.463
        464.99
        464.48
        463.94
       463.377
       462.806
       462.245
        461.72
        461.26
       460.912
       461.059
       461.753
       462.626
        463.71
       465.031
       466.603
       468.432
       470.538
       472.944
       475.674
       479.008
       482.777
       486.584
       489.964
       493.414
       496.927
       500.488
       504.076
       507.665
       511.193
       514.453
       517.397
       519.992
       522.212
       524.038
       525.629
       527.369
       528.717
       529.713
         530.4
       530.828
       530.817
       529.824
       528.639
       527.249
        525.65
       523.852
       521.867
       519.525
       517.024
       514.385
        511.43
       508.289
       505.021
       501.608
       498.924
       496.139
       493.266
       490.002
       486.688
       483.388
       480.098
       476.168
       472.297
       468.478
       464.688
       461.094
       458.057
       454.941
       451.705
       447.688
       443.064
       438.299
       433.383
       428.707
       424.241
       419.612
       415.535
       413.191
       411.065
       407.794
       404.784
       402.369
       400.571
       399.322
       398.536
       398.023
       397.538
       397.346
       397.429
       397.776
       398.373
         399.2
       400.231
       401.419
       402.826
       404.406
       406.029
       407.656
       409.245
       410.562
       411.738
       412.817
       413.806
       414.728
       415.572
       416.358
       417.101
       417.814
       418.506
       419.016
       419.405
       419.746
       420.016
       420.183
       420.217
       419.729
       418.999
       418.059
       416.904
       415.531
       413.935
       413.145
        412.36
       411.316
       410.035
        408.72
       407.384
       406.044
       404.716
        403.29
       401.662
        400.13
       398.587
       396.757
       395.065
       393.651
       392.969
       392.292
       391.671
       391.004
       389.679
       388.343
       387.054
       385.855
       384.794
       383.924
         383.6
       383.518
       383.652
       403.219
       403.342
       384.002
       435.492
       435.318
       435.273
        435.33
       435.459
        435.63
       435.809
       435.961
       436.057
       436.097
       436.087
       436.031
       435.932
        435.79
       435.605
       435.377
       435.102
        434.78
       434.409
       433.989
       433.518
       432.997
       432.429
       431.815
       431.163
       430.481
       429.781
       429.084
       428.415
       427.808
       427.318
        427.34
       427.929
       428.691
       429.662
        430.87
       432.331
       434.057
       436.069
       438.396
       441.065
       444.379
       448.157
       451.973
       455.326
       458.746
       462.226
       465.751
       469.306
        472.87
       476.355
       479.571
       482.471
       485.019
       487.188
       488.958
       490.504
        492.24
       493.586
       494.585
       495.287
       495.744
       495.766
       494.764
       493.591
       492.232
       490.685
       488.956
       487.056
       484.799
       482.398
       479.873
       477.028
       474.002
       470.855
       467.564
       465.068
       462.471
       459.785
       456.683
       453.528
       450.383
       447.245
       443.413
       439.631
       435.893
       432.179
       428.667
       425.744
       422.732
        419.59
       415.616
       410.996
       406.226
       401.291
       396.608
       392.145
       387.505
       383.443
       381.223
       379.242
       376.032
       373.076
       370.728
        369.01
       367.849
       367.152
        366.72
       366.297
       366.163
       366.301
       366.699
       367.342
       368.214
       369.287
       370.525
       371.994
       373.642
       375.333
       377.026
       378.679
       380.043
       381.259
       382.373
       383.394
       384.344
       385.214
       386.026
       386.795
       387.536
       388.258
       388.793
       389.204
       389.571
       389.868
       390.066
       390.129
       389.646
       388.916
       387.971
       386.807
       385.419
       383.802
       383.048
       382.305
       381.295
       380.039
       378.752
       377.445
       376.137
       374.844
       373.448
       371.838
       370.327
       368.801
       366.969
       365.277
       363.872
       363.235
       362.594
       362.004
       361.355
       360.002
       358.626
       357.288
       356.034
       354.915
       353.983
       353.617
       353.503
       353.617
       374.305
       374.425
       353.936
       403.509
        403.32
       403.263
       403.308
       403.427
       403.586
        403.75
       403.884
       403.955
       403.964
       403.919
       403.824
       403.682
       403.494
        403.26
       402.978
       402.646
       402.263
       401.826
       401.335
       400.788
       400.185
       399.528
       398.818
       398.061
       397.265
       396.442
       395.613
       394.804
       394.058
       393.426
       393.322
       393.804
       394.453
       395.305
       396.393
       397.737
       399.351
       401.262
       403.502
         406.1
       409.383
       413.156
       416.962
       420.263
       423.624
       427.038
       430.495
       433.977
        437.47
       440.884
       444.052
       446.897
       449.386
       451.493
       453.196
       454.686
       456.413
       457.752
       458.754
        459.47
       459.961
        460.02
       459.013
        457.86
       456.543
       455.059
       453.412
       451.613
       449.458
       447.174
        444.78
       442.062
       439.168
       436.157
       433.005
       430.716
       428.325
       425.846
       422.923
       419.946
       416.975
       414.008
       410.294
       406.622
       402.989
       399.373
       395.966
       393.181
       390.297
       387.275
       383.369
       378.779
       374.029
       369.102
       364.442
       360.011
       355.389
       351.371
       349.314
       347.496
       344.365
       341.482
       339.216
        337.59
       336.524
       335.923
       335.576
       335.215
       335.139
       335.328
       335.772
       336.456
       337.363
        338.47
       339.742
       341.259
       342.961
       344.707
       346.451
       348.154
       349.554
       350.797
       351.935
       352.975
       353.944
        354.83
       355.658
       356.444
       357.204
       357.949
       358.502
       358.929
       359.316
       359.637
        359.86
       359.951
       359.473
       358.743
       357.794
       356.624
       355.226
       353.594
       352.882
        352.19
       351.221
       349.999
       348.748
       347.481
       346.215
       344.968
       343.613
        342.03
        340.55
       339.051
       337.227
       335.545
       334.158
       333.571
       332.973
       332.419
       331.794
       330.415
       329.003
       327.616
       326.303
       325.119
       324.114
       323.693
       323.531
       323.608
       345.393
       345.501
       323.867
       371.091
       370.886
       370.815
        370.85
       370.958
       371.104
       371.255
       371.369
       371.416
       371.396
       371.317
       371.185
       371.003
       370.771
       370.491
        370.16
       369.776
       369.338
       368.843
       368.289
       367.675
       366.999
       366.262
       365.466
       364.615
       363.715
       362.778
       361.826
        360.89
       360.014
       359.244
       359.017
       359.393
       359.928
        360.66
       361.624
       362.846
       364.345
       366.149
       368.293
        370.81
       374.045
       377.791
        381.56
       384.778
       388.046
        391.36
       394.709
       398.078
       401.446
       404.768
       407.869
       410.642
       413.057
       415.087
        416.71
       418.135
       419.845
       421.172
       422.173
       422.904
       423.431
       423.534
       422.529
       421.405
       420.141
       418.732
       417.183
       415.501
       413.465
       411.317
       409.072
       406.501
       403.756
       400.901
       397.906
       395.842
       393.678
       391.424
       388.701
       385.922
       383.143
       380.366
       376.792
       373.257
        369.75
       366.256
        362.98
       360.359
        357.63
       354.755
       350.946
       346.415
       341.716
       336.831
       332.227
       327.862
       323.292
       319.356
       317.495
       315.863
       312.834
       310.044
       307.878
       306.356
       305.395
       304.895
       304.635
       304.337
       304.319
       304.556
       305.039
       305.755
       306.689
       307.815
       309.105
       310.654
       312.394
       314.177
       315.958
       317.694
       319.115
       320.371
       321.518
       322.566
       323.541
       324.432
       325.265
       326.058
       326.828
       327.587
       328.148
       328.584
       328.985
       329.324
        329.57
       329.685
       329.211
       328.481
       327.533
        326.36
       324.956
       323.316
       322.655
       322.022
       321.103
       319.925
       318.721
       317.504
       316.291
       315.101
       313.799
       312.256
       310.818
       309.359
       307.554
       305.891
       304.531
       304.004
       303.456
       302.944
       302.348
        300.95
       299.505
       298.071
       296.698
       295.442
       294.352
        293.86
       293.629
       293.645
       316.492
        316.58
       293.801
        338.19
       337.968
       337.884
       337.907
       338.003
       338.138
       338.273
        338.37
       338.393
       338.344
       338.233
       338.065
       337.846
       337.575
       337.254
        336.88
       336.451
       335.966
       335.421
       334.814
       334.143
       333.407
       332.604
       331.736
       330.805
       329.817
       328.782
       327.725
       326.678
       325.682
       324.783
       324.441
       324.718
       325.144
       325.758
         326.6
       327.699
        329.08
        330.77
       332.807
       335.226
       338.388
       342.078
       345.778
       348.878
       352.016
       355.192
       358.398
       361.618
        364.83
       368.005
       371.003
       373.681
       376.003
       377.939
       379.467
       380.812
       382.496
       383.805
       384.801
       385.547
       386.114
       386.266
       385.271
       384.185
       382.988
        381.67
       380.235
       378.688
       376.791
       374.796
       372.721
       370.316
       367.741
       365.061
       362.242
       360.425
       358.506
       356.496
       353.991
        351.43
       348.868
       346.302
       342.888
       339.513
       336.161
       332.815
       329.697
       327.269
       324.725
       322.028
       318.347
       313.909
       309.297
       304.493
       299.984
       295.723
       291.238
       287.439
       285.803
       284.384
       281.484
        278.81
       276.761
       275.359
       274.513
       274.119
       273.949
       273.715
       273.749
       274.029
       274.544
       275.282
        276.23
       277.362
       278.655
       280.214
       281.972
       283.772
       285.569
       287.321
       288.744
       289.997
       291.139
       292.178
       293.145
       294.029
       294.854
       295.643
       296.412
       297.174
       297.736
       298.172
       298.579
       298.931
       299.194
       299.332
       298.861
       298.133
       297.187
       296.017
       294.615
       292.974
       292.372
       291.807
       290.949
       289.825
        288.68
       287.526
       286.379
       285.259
       284.023
       282.532
       281.151
       279.744
        277.97
       276.337
       275.014
       274.556
       274.067
       273.607
       273.047
       271.639
       270.167
       268.691
       267.259
       265.926
       264.739
       264.154
       263.825
       263.746
       287.611
       287.667
       263.738
       304.758
       304.518
       304.419
       304.429
       304.513
       304.635
       304.756
       304.834
       304.834
       304.758
       304.616
       304.417
       304.164
       303.859
       303.502
       303.092
       302.626
       302.103
        301.52
       300.874
        300.16
       299.379
       298.528
       297.606
       296.617
       295.562
       294.455
       293.315
       292.173
       291.073
        290.06
       289.617
       289.808
       290.136
       290.642
       291.368
       292.348
       293.607
       295.174
       297.087
       299.382
       302.444
       306.045
       309.638
       312.581
       315.551
       318.551
       321.571
       324.598
       327.611
       330.587
       333.431
       335.994
       338.201
       340.024
        341.44
        342.69
       344.336
       345.619
       346.605
       347.364
       347.974
       348.182
       347.204
        346.17
       345.053
       343.845
       342.542
        341.15
       339.409
       337.589
       335.704
       333.487
       331.102
       328.617
       325.993
       324.441
       322.788
       321.043
       318.775
       316.454
       314.128
       311.794
       308.564
       305.374
       302.204
       299.035
       296.104
       293.901
       291.575
       289.089
       285.572
       281.267
       276.784
       272.105
       267.736
       263.626
       259.282
       255.665
       254.286
       253.107
       250.365
       247.831
        245.92
       244.652
       243.932
       243.649
        243.57
       243.398
        243.48
       243.797
       244.335
       245.082
       246.028
       247.148
       248.424
       249.968
       251.722
       253.516
       255.308
       257.054
       258.458
       259.689
       260.807
       261.822
       262.766
       263.627
       264.431
       265.202
       265.958
       266.713
       267.264
       267.691
       268.096
       268.454
       268.731
       268.888
        268.42
       267.696
       266.756
       265.594
       264.202
        262.57
       262.038
       261.553
       260.767
        259.71
       258.637
       257.558
       256.492
       255.456
       254.299
       252.877
       251.567
       250.226
       248.497
       246.908
       245.634
       245.255
       244.835
       244.436
       243.924
       242.516
       241.029
       239.519
       238.034
       236.619
       235.323
        234.62
       234.155
       233.935
       258.755
       258.761
       233.672
       270.747
       270.488
       270.373
       270.369
        270.44
       270.549
       270.654
       270.713
        270.69
       270.589
       270.419
       270.191
       269.908
       269.575
       269.191
       268.754
       268.262
       267.714
       267.108
       266.438
       265.702
       264.896
        264.02
        263.07
       262.048
       260.957
       259.803
       258.606
       257.396
       256.218
       255.115
       254.593
       254.716
       254.961
       255.371
       255.991
       256.852
       257.982
       259.412
        261.18
       263.326
       266.254
       269.726
       273.173
        275.92
       278.681
       281.461
        284.25
        287.04
       289.807
       292.524
       295.159
       297.577
       299.647
       301.335
       302.619
       303.756
       305.351
       306.596
       307.566
       308.335
        308.99
        309.26
       308.307
       307.337
       306.319
       305.237
       304.087
       302.869
       301.306
       299.681
       298.009
       295.999
       293.825
       291.554
       289.143
       287.877
       286.508
       285.044
       283.031
       280.966
       278.899
       276.824
       273.801
       270.824
       267.866
       264.904
        262.19
       260.245
       258.172
       255.935
       252.623
       248.496
       244.193
       239.688
       235.513
       231.604
       227.468
       224.081
       222.993
       222.087
       219.533
       217.168
       215.417
       214.297
       213.709
       213.541
       213.552
       213.439
       213.565
        213.91
       214.459
       215.202
       216.128
       217.215
       218.445
       219.953
       221.675
       223.436
       225.194
       226.908
        228.27
       229.456
        230.53
       231.503
       232.406
       233.228
       233.997
       234.736
       235.465
       236.201
       236.729
       237.136
       237.531
       237.887
       238.172
       238.346
        237.88
       237.163
       236.236
       235.092
        233.72
       232.108
       231.659
       231.266
       230.566
       229.589
       228.601
       227.613
       226.641
       225.705
       224.644
       223.306
       222.084
       220.826
       219.158
       217.628
       216.417
       216.126
       215.785
       215.458
       215.005
       213.615
       212.128
         210.6
       209.072
       207.578
       206.164
       205.317
       204.668
       204.239
       229.922
       229.857
       203.587
       236.115
       235.834
       235.702
       235.683
        235.74
       235.834
       235.924
       235.966
       235.921
       235.796
       235.602
       235.351
       235.046
       234.693
        234.29
       233.838
       233.335
       232.778
       232.164
       231.491
       230.754
       229.949
       229.074
       228.126
       227.104
       226.009
       224.846
        223.63
       222.391
       221.171
       220.013
       219.442
        219.52
         219.7
        220.03
       220.552
       221.295
        222.29
       223.569
       225.168
       227.131
       229.884
       233.183
       236.438
        238.94
       241.446
       243.958
       246.474
       248.984
       251.463
       253.891
       256.242
       258.442
       260.352
       261.882
       263.011
       264.015
       265.542
       266.737
       267.682
       268.458
       269.158
       269.495
       268.578
       267.685
       266.781
       265.844
       264.865
       263.843
       262.477
       261.069
       259.629
       257.848
       255.906
       253.869
       251.689
       250.725
       249.654
       248.487
       246.744
       244.953
       243.167
       241.376
       238.586
       235.849
       233.133
        230.41
       227.946
       226.292
       224.509
       222.562
       219.502
       215.604
       211.537
       207.271
       203.351
        199.72
       195.852
       192.743
       191.986
       191.386
       189.057
        186.89
        185.32
       184.362
       183.911
       183.857
       183.956
       183.899
       184.059
       184.421
       184.966
       185.687
       186.573
       187.605
       188.767
       190.205
       191.859
       193.552
       195.245
       196.895
       198.187
       199.305
       200.312
       201.221
       202.065
       202.831
       203.548
        204.24
       204.928
       205.629
       206.123
       206.499
       206.873
       207.219
       207.505
       207.693
       207.231
       206.526
       205.621
       204.507
       203.169
       201.593
        201.24
       200.953
       200.352
       199.469
       198.581
       197.699
       196.838
       196.019
       195.071
       193.835
       192.719
       191.562
       189.973
       188.519
       187.384
       187.192
       186.939
       186.695
       186.317
       184.965
       183.503
       181.984
       180.434
       178.874
       177.342
       176.322
       175.429
       174.695
         201.1
       200.941
       173.458
        200.83
        200.53
       200.381
       200.346
       200.387
       200.466
        200.54
       200.564
         200.5
       200.353
       200.139
        199.87
       199.552
       199.188
       198.779
       198.326
       197.825
       197.277
       196.678
       196.024
       195.312
       194.539
       193.699
        192.79
        191.81
       190.755
       189.629
       188.441
        187.22
       186.004
       184.832
       184.244
       184.303
        184.44
       184.704
       185.136
       185.766
       186.623
       187.735
       189.141
       190.885
       193.416
       196.487
       199.493
         201.7
         203.9
       206.099
       208.298
       210.484
       212.637
       214.738
       216.763
        218.68
       220.363
        221.71
       222.656
       223.504
       224.944
       226.073
       226.981
       227.756
       228.499
       228.909
       228.037
       227.236
       226.462
       225.688
       224.899
       224.088
       222.938
       221.764
       220.577
       219.045
       217.355
       215.572
       213.637
       212.988
       212.224
       211.364
       209.903
         208.4
       206.917
       205.437
       202.906
        200.44
           198
        195.55
       193.368
       192.038
        190.58
       188.967
        186.21
       182.601
       178.839
       174.887
       171.312
       168.036
       164.499
       161.722
       161.336
       161.079
       159.014
       157.079
       155.713
       154.927
       154.616
       154.669
       154.847
       154.836
       155.019
       155.382
       155.908
       156.587
        157.41
       158.361
       159.425
       160.752
       162.299
       163.882
       165.474
        167.02
       168.211
       169.232
       170.147
       170.971
       171.735
       172.425
       173.071
         173.7
       174.332
       174.985
       175.429
       175.761
       176.103
        176.43
       176.711
       176.912
       176.456
       175.771
       174.901
       173.834
        172.55
       171.027
       170.788
       170.621
       170.133
       169.359
       168.586
       167.825
       167.091
       166.405
       165.588
       164.476
       163.486
       162.452
       160.961
       159.601
       158.557
       158.474
       158.317
       158.168
       157.882
       156.592
       155.188
       153.715
       152.178
       150.586
       148.954
       147.747
       146.543
       145.368
       172.257
       171.982
       143.258
       164.882
        164.56
       164.394
       164.342
       164.366
       164.426
       164.481
       164.487
       164.404
       164.241
       164.014
       163.737
       163.416
       163.055
       162.657
        162.22
       161.743
       161.227
       160.669
       160.064
        159.41
       158.703
       157.938
       157.113
       156.222
       155.259
       154.224
       153.124
       151.979
       150.821
       149.683
       149.117
       149.182
       149.293
       149.506
       149.861
       150.383
       151.098
        152.03
       153.216
       154.699
        156.95
       159.729
       162.422
       164.276
       166.119
       167.959
       169.798
       171.621
       173.411
       175.152
       176.817
       178.373
       179.777
       180.903
       181.636
       182.301
        183.63
       184.674
        185.53
       186.295
       187.074
       187.557
       186.741
       186.051
       185.428
        184.83
       184.241
       183.653
        182.73
       181.804
       180.886
       179.623
       178.205
       176.693
       175.017
       174.685
        174.23
       173.677
       172.502
       171.297
       170.136
       168.991
       166.753
       164.595
       162.469
       160.328
       158.462
       157.485
       156.383
       155.144
       152.746
       149.503
       146.138
       142.601
       139.461
        136.62
       133.488
       131.104
        131.13
       131.253
       129.498
       127.834
       126.697
       126.091
        125.91
       126.054
       126.291
       126.311
       126.503
        126.85
       127.335
       127.947
       128.682
       129.524
       130.454
       131.628
       133.012
       134.445
       135.884
       137.288
       138.339
       139.226
       140.021
       140.736
       141.399
       141.992
       142.549
       143.098
       143.657
       144.245
       144.625
         144.9
       145.197
       145.494
       145.763
       145.972
       145.527
       144.875
        144.06
       143.065
       141.861
       140.418
       140.309
       140.277
       139.915
       139.263
       138.621
       137.996
       137.406
        136.87
       136.203
       135.234
       134.395
       133.507
       132.141
       130.896
       129.957
       129.989
       129.933
       129.886
       129.709
       128.513
       127.211
       125.833
       124.371
       122.809
       121.127
       119.748
       118.178
       116.388
        143.33
       142.941
       112.995
       128.269
       127.928
       127.747
       127.679
       127.682
        127.72
       127.754
       127.741
       127.644
       127.472
       127.244
       126.975
        126.67
       126.333
       125.967
        125.57
       125.142
       124.687
         124.2
       123.678
       123.118
       122.516
       121.871
       121.183
       120.437
       119.625
       118.748
       117.803
       116.803
       115.772
       114.728
       114.223
       114.311
       114.402
       114.575
       114.864
       115.287
       115.859
       116.601
       117.541
        118.72
       120.621
       123.021
       125.324
       126.763
       128.201
        129.64
       131.078
       132.503
         133.9
       135.252
       136.538
       137.725
       138.776
       139.593
       140.077
       140.537
       141.727
        142.66
       143.448
       144.188
       144.988
       145.539
       144.795
       144.243
       143.791
        143.38
       142.992
       142.625
       141.931
       141.258
       140.618
        139.64
       138.514
       137.292
       135.884
        135.86
       135.695
       135.436
       134.543
       133.643
       132.813
       132.028
       130.125
       128.323
       126.559
       124.773
       123.256
       122.648
       121.918
       121.087
       119.116
       116.335
       113.477
        110.47
       107.874
       105.568
       102.931
       101.011
       101.476
       102.013
       100.622
       99.2765
        98.395
       97.9699
       97.8994
       98.0954
       98.3583
       98.3879
       98.5701
       98.8804
        99.301
       99.8218
       100.437
       101.133
       101.896
       102.882
       104.059
       105.274
       106.502
       107.713
       108.576
       109.292
       109.931
       110.505
       111.042
       111.517
       111.966
       112.414
       112.875
       113.377
       113.678
       113.881
        114.12
       114.376
       114.619
       114.833
       114.406
       113.807
       113.077
       112.191
       111.109
       109.779
       109.817
       109.926
         109.7
       109.185
       108.688
       108.216
       107.784
       107.412
       106.914
       106.112
       105.448
       104.735
       103.526
       102.425
       101.607
       101.752
       101.791
       101.845
       101.791
       100.727
       99.5823
       98.3736
       97.0723
       95.6389
       94.0118
       92.5449
       90.6199
       88.0307
       114.206
       113.763
       82.8389
        91.018
       90.6674
       90.4845
       90.4054
       90.3887
       90.4009
       90.4101
       90.3796
       90.2751
       90.1092
       89.8997
       89.6604
       89.3955
       89.1084
       88.8012
       88.4737
        88.128
       87.7685
       87.3962
       86.9962
       86.5723
        86.122
       85.6454
       85.1602
       84.6263
       84.0227
       83.3762
       82.6661
       81.8908
       81.0677
       80.1889
       79.7856
       79.8939
       79.9431
       80.0839
       80.3167
       80.6461
       81.0774
       81.6217
       82.2988
       83.1278
       84.5901
       86.4979
       88.3061
       89.2736
       90.2642
       91.2666
       92.2725
       93.2704
       94.2475
       95.1911
       96.0842
       96.8991
       97.6001
       98.1152
       98.3638
       98.6204
        99.632
       100.408
       101.064
       101.712
       102.482
       103.074
       102.421
       102.018
        101.73
       101.498
       101.294
       101.131
       100.658
       100.231
        99.865
        99.189
       98.3753
       97.4683
       96.3447
       96.5868
       96.6623
       96.6603
       96.0412
       95.4455
       94.9444
       94.5334
       93.0232
       91.6492
       90.3175
       88.9455
       87.8075
         87.56
       87.1933
       86.7862
       85.3144
       83.1191
       80.9152
       78.5871
       76.6708
        75.025
       73.0103
       71.6192
       72.4997
       73.4671
       72.5214
       71.5579
       70.9654
       70.7166
       70.7153
        70.889
       71.1189
       71.1313
       71.2817
       71.5311
       71.8596
       72.2583
       72.7204
       73.2351
       73.7905
       74.5323
       75.4404
       76.3714
       77.3156
       78.2663
       78.8934
       79.4029
       79.8583
       80.2669
       80.6547
       80.9958
       81.3161
       81.6368
       81.9782
       82.3699
       82.5682
       82.6816
        82.845
       83.0324
       83.2265
       83.4307
       83.0386
       82.5233
       81.9196
       81.2018
       80.3041
       79.1442
       79.3342
       79.5743
       79.4853
       79.1215
       78.7887
       78.4842
       78.2203
        78.022
        77.708
       77.0987
       76.6361
        76.131
       75.1275
       74.2157
       73.5402
       73.7764
       73.8822
       74.0159
       74.0885
       73.2071
       72.2961
       71.3481
       70.3204
       69.1577
        67.765
       66.4174
       64.3372
       60.9231
       84.7081
       84.3852
       53.5532
       53.1846
       52.8717
       52.7175
       52.6392
       52.5991
       52.5773
       52.5533
       52.5037
       52.4047
       52.2675
       52.1066
        51.931
       51.7435
       51.5448
       51.3358
       51.1176
       50.8928
       50.6699
       50.4729
       50.2364
       49.9996
       49.7493
       49.4732
       49.2104
       48.8897
       48.5266
       48.1235
       47.6521
       47.1759
       46.6628
       46.0556
       45.8136
       45.9852
       46.0918
       46.2326
       46.4211
       46.6611
       46.9528
       47.2991
       47.7034
       48.1567
       49.0662
       50.3035
       51.4651
       51.9298
       52.4549
       53.0005
       53.5529
       54.1017
       54.6389
       55.1582
       55.6502
       56.1009
        56.485
       56.7562
        56.841
       56.9415
        57.705
       58.2752
       58.7653
       59.2664
       59.9046
       60.4566
       59.9661
       59.7198
       59.5742
       59.4758
         59.41
       59.3973
       59.1292
       58.9199
       58.7883
       58.3987
       57.9159
        57.369
       56.5974
       56.9845
       57.1908
       57.3618
        57.021
       56.7289
       56.5319
        56.463
       55.4571
       54.6181
       53.8144
       52.9529
        52.249
       52.2918
       52.2172
       52.1789
       51.3023
       49.8921
       48.5452
       47.1022
       46.0184
       45.1645
       43.9618
        43.204
       44.3306
       45.6036
       45.1634
       44.6655
       44.4066
       44.3339
       44.3628
       44.4401
       44.6149
       44.6053
       44.7027
       44.8597
       45.0589
       45.2965
       45.5654
       45.8581
       46.1582
       46.5951
       47.1504
       47.7095
       48.2811
       48.8787
       49.2206
       49.4903
       49.7355
        49.959
       50.1791
       50.3694
       50.5477
       50.7277
       50.9261
       51.1749
       51.2602
       51.2778
       51.3391
       51.4228
       51.5268
       51.6806
       51.3491
       50.9674
       50.5566
       50.0787
       49.4685
       48.6047
       48.8999
        49.212
       49.2485
       49.0641
       48.9193
       48.7983
       48.7081
        48.676
       48.5524
       48.1745
       47.9324
       47.6601
        46.949
       46.3079
       45.8159
       46.0726
       46.1825
       46.3383
       46.5037
       45.8908
       45.3162
       44.7378
        44.113
       43.3958
       42.4947
       41.6318
       40.0116
       36.5074
       54.6286
       54.6786
       28.1107
       14.7765
       14.7072
        14.638
       14.5687
       14.4994
       14.4302
       14.3609
       14.2916
       14.2224
       14.1531
       14.0839
       14.0146
       13.9453
       13.8761
       13.8068
       13.7375
       13.6683
        13.599
       13.5297
       13.4605
       13.3912
       13.3219
       13.2527
       13.1834
       13.1142
       13.0449
       12.9756
       12.9064
       12.8371
       12.7678
       12.6986
       12.7288
       12.8702
       13.0116
        13.153
       13.2945
       13.4359
       13.5773
       13.7187
       13.8601
       14.0016
       14.2203
       14.4881
        14.718
       14.8041
       14.8902
       14.9763
       15.0624
       15.1484
       15.2345
       15.3206
       15.4067
       15.4928
       15.5789
        15.665
       15.7511
       15.8853
       16.1715
       16.4576
       16.7437
       17.0298
        17.316
       17.5414
       17.5546
       17.5679
       17.5811
       17.5943
       17.6075
       17.6207
       17.5838
       17.5457
       17.5076
       17.4162
       17.3054
       17.1947
       17.0839
       17.2151
        17.354
       17.4929
       17.5369
       17.5735
       17.6101
         17.64
        17.476
       17.3119
       17.1479
       16.9839
       16.8764
       16.9407
        17.005
       17.0693
       16.9534
       16.7055
       16.4576
       16.2097
       16.0817
       16.0666
       16.0514
       16.2344
       16.9313
       17.6282
       17.8633
       18.0147
       18.1662
       18.3177
       18.4691
       18.6206
       18.7385
        18.769
       18.7996
       18.8301
       18.8607
       18.8912
       18.9218
       18.9523
       18.9829
       19.0467
       19.1389
       19.2312
       19.3234
       19.4157
       19.4469
       19.4593
       19.4716
       19.4921
       19.5227
       19.5533
       19.5839
       19.6146
       19.6452
       19.6758
       19.6573
       19.6102
       19.5632
       19.5162
       19.4692
       19.4222
       19.2687
       19.1034
        18.938
       18.7727
       18.6073
        18.442
       18.5867
       18.7791
       18.9161
       18.9957
       19.0753
       19.1549
       19.2344
        19.314
        19.352
       19.3071
       19.2623
       19.1772
       18.9622
       18.7472
       18.5803
       18.6158
       18.6512
       18.7201
       18.7962
       18.6853
       18.5724
       18.4595
       18.3466
       18.2336
       18.1207
        18.111
        18.111
        18.111
            24
            24
        18.111
