160                           110.49                        
35                            110.49                        
34                            110.76                        
33                            111.82                        
32                            113.04                        
31                            114.4                         
30                            115.76                        
29                            117.13                        
28                            118.53                        
27                            119.95                        
26                            121.4                         
25                            122.88                        
24                            124.36                        
23                            125.89                        
22                            127.43                        
21                            128.99                        
20                            130.57                        
19                            132.18                        
18                            133.8                         
17                            135.44                        
16                            137.1                         
15                            132                           
14                            134.11                        
13                            131.3                         
12                            132.53                        
11                            136.85                        
10                            34.622                        
9                             24.653                        
7                             44.06                         
6                             29.636                        
5                             29.109                        
4                             27.496                        
3                             25.253                        
2                             24.279                        
1                             21.081                        
0                             19.784                        
