23                            
0                             2.5085                        
1                             2.5085                        
2                             2.5085                        
3                             2.5085                        
4                             2.5085                        
5                             2.5085                        
6                             2.5085                        
7                             2.5085                        
8                             2.5085                        
9                             2.5085                        
10                            2.5085                        
11                            2.5085                        
12                            2.5085                        
13                            2.5085                        
14                            2.5085                        
15                            2.5085                        
16                            2.5085                        
17                            2.5085                        
18                            2.5085                        
19                            2.5085                        
20                            2.5085                        
21                            2.5085                        
22                            2.5085                        
23                            2.5085                        
24                            2.5085                        
25                            2.5085                        
26                            2.5085                        
27                            2.5085                        
28                            2.5085                        
29                            2.5085                        
30                            2.5085                        
31                            2.5085                        
32                            2.5085                        
33                            2.5085                        
34                            2.5085                        
35                            2.5085                        
36                            2.5085                        
37                            2.5085                        
38                            2.5085                        
39                            2.5085                        
40                            2.5085                        
41                            2.5085                        
42                            2.5085                        
43                            2.5085                        
44                            2.5084                        
45                            2.5038                        
46                            2.4991                        
47                            2.4945                        
48                            2.4898                        
49                            2.4852                        
50                            2.4805                        
51                            2.4759                        
52                            2.4712                        
53                            2.4666                        
54                            2.462                         
55                            2.4573                        
56                            2.4527                        
57                            2.448                         
58                            2.4434                        
59                            2.4387                        
60                            2.4341                        
61                            2.4294                        
62                            2.4248                        
63                            2.4202                        
64                            2.4155                        
65                            2.4109                        
66                            2.4062                        
67                            2.4016                        
68                            2.3969                        
69                            2.3923                        
70                            2.3876                        
71                            2.383                         
72                            2.3784                        
73                            2.3737                        
74                            2.3691                        
75                            2.362                         
76                            2.3549                        
77                            2.3478                        
78                            2.3372                        
79                            2.3266                        
80                            2.3161                        
81                            2.311                         
82                            2.3058                        
83                            2.3018                        
84                            2.3535                        
85                            2.4051                        
86                            2.4568                        
87                            2.5084                        
88                            2.5601                        
89                            2.6117                        
90                            2.6633                        
91                            2.715                         
92                            2.7666                        
93                            2.8182                        
94                            2.8699                        
95                            2.9215                        
96                            2.9732                        
97                            3.0248                        
98                            3.0764                        
99                            3.1281                        
100                           3.1798                        
101                           3.2314                        
102                           3.2831                        
103                           3.3347                        
104                           3.3863                        
105                           3.438                         
106                           3.4896                        
107                           3.5395                        
108                           3.5562                        
109                           3.573                         
110                           3.5862                        
111                           3.5372                        
112                           3.4882                        
113                           3.4385                        
114                           3.3765                        
115                           3.3146                        
116                           3.2522                        
117                           3.1839                        
118                           3.1156                        
119                           3.0473                        
120                           2.979                         
121                           2.9107                        
122                           2.8402                        
123                           2.7431                        
124                           2.6461                        
125                           2.547                         
126                           2.4285                        
127                           2.31                          
128                           2.1933                        
129                           2.0898                        
130                           1.9864                        
131                           1.8829                        
132                           1.779                         
133                           1.6751                        
134                           1.5711                        
135                           1.4664                        
136                           1.3618                        
137                           1.2647                        
138                           1.2064                        
139                           1.148                         
140                           1.0969                        
141                           1.0808                        
142                           1.0646                        
143                           1.0549                        
144                           1.0764                        
145                           1.0978                        
146                           1.1317                        
147                           1.2244                        
148                           1.3171                        
149                           1.4154                        
150                           1.538                         
151                           1.6606                        
152                           1.7834                        
153                           1.907                         
154                           2.0305                        
155                           2.1365                        
156                           2.1848                        
157                           2.2332                        
158                           2.2692                        
159                           2.2667                        
160                           2.2643                        
161                           2.2624                        
162                           2.2624                        
163                           2.2624                        
164                           2.2624                        
165                           2.2624                        
166                           2.2624                        
167                           2.2624                        
168                           2.2624                        
169                           2.2624                        
170                           2.2624                        
171                           0                             
172                           0                             
173                           2.2624                        
