160                           109.93                        
35                            109.93                        
34                            110.24                        
33                            111.2                         
32                            112.39                        
31                            113.68                        
30                            115                           
29                            116.33                        
28                            117.7                         
27                            119.07                        
26                            120.49                        
25                            121.93                        
24                            123.39                        
23                            124.87                        
22                            126.39                        
21                            127.89                        
20                            129.45                        
19                            131                           
18                            132.58                        
17                            134.18                        
16                            135.77                        
15                            130.72                        
14                            132.52                        
13                            129.71                        
12                            130.79                        
11                            134.97                        
10                            32.731                        
9                             23.994                        
7                             41.384                        
6                             27.112                        
5                             26.718                        
4                             25.179                        
3                             23.627                        
2                             22.195                        
1                             20.033                        
0                             19.612                        
