160                           70.741                        
35                            70.741                        
34                            68.463                        
33                            65.524                        
32                            62.47                         
31                            58.694                        
30                            55.494                        
29                            52.267                        
28                            48.818                        
27                            45.325                        
26                            41.92                         
25                            38.664                        
24                            35.303                        
23                            32.168                        
22                            29.167                        
21                            26.244                        
20                            23.405                        
19                            20.787                        
18                            18.33                         
17                            16.009                        
16                            13.624                        
15                            18.895                        
14                            17.85                         
13                            22.392                        
12                            25.143                        
11                            24.351                        
10                            78.511                        
9                             125                           
8                             97.059                        
7                             65.446                        
6                             56.248                        
5                             48.386                        
4                             41.265                        
3                             34.614                        
2                             28.498                        
1                             23.244                        
0                             18.694                        
