160                           80.306                        
35                            80.306                        
34                            79.897                        
33                            79.868                        
32                            79.971                        
31                            80.134                        
30                            80.322                        
29                            80.518                        
28                            80.713                        
27                            80.901                        
26                            81.082                        
25                            81.269                        
24                            81.45                         
23                            81.628                        
22                            81.795                        
21                            81.953                        
20                            82.099                        
19                            82.233                        
18                            82.356                        
17                            82.5                          
16                            82.651                        
15                            78.803                        
14                            71.228                        
13                            63.975                        
12                            58.394                        
11                            56.012                        
10                            44.908                        
9                             43.778                        
8                             40.897                        
7                             24.734                        
6                             21.801                        
5                             21.636                        
4                             21.407                        
3                             21.155                        
2                             20.888                        
1                             20.608                        
0                             20.316                        
