160                           63.426                        
10                            63.426                        
9                             63.846                        
8                             48.435                        
7                             39.727                        
6                             26.537                        
5                             25.559                        
4                             24.083                        
3                             22.603                        
2                             21.307                        
1                             20.273                        
0                             19.168                        
