19                            
0                             4.4508                        
1                             4.4508                        
2                             4.4508                        
3                             4.4508                        
4                             4.4508                        
5                             4.4508                        
6                             4.4508                        
7                             4.4508                        
8                             4.4508                        
9                             4.4508                        
10                            4.4508                        
11                            4.4508                        
12                            4.4508                        
13                            4.4508                        
14                            4.4508                        
15                            4.4508                        
16                            4.4508                        
17                            4.4508                        
18                            4.4508                        
19                            4.4508                        
20                            4.4508                        
21                            4.4508                        
22                            4.4508                        
23                            4.4508                        
24                            4.4508                        
25                            4.4508                        
26                            4.4508                        
27                            4.4508                        
28                            4.4508                        
29                            4.4508                        
30                            4.4508                        
31                            4.4508                        
32                            4.4508                        
33                            4.4508                        
34                            4.4508                        
35                            4.4508                        
36                            4.4508                        
37                            4.4508                        
38                            4.4508                        
39                            4.4508                        
40                            4.4508                        
41                            4.4508                        
42                            4.4508                        
43                            4.4508                        
44                            4.4508                        
45                            4.4508                        
46                            4.4508                        
47                            4.4508                        
48                            4.4508                        
49                            4.4508                        
50                            4.4508                        
51                            4.4508                        
52                            4.4508                        
53                            4.4508                        
54                            4.4508                        
55                            4.4508                        
56                            4.4508                        
57                            4.4508                        
58                            4.4508                        
59                            4.4508                        
60                            4.4508                        
61                            4.4508                        
62                            4.3686                        
63                            4.2857                        
64                            4.2028                        
65                            4.1466                        
66                            4.0904                        
67                            4.0342                        
68                            3.9793                        
69                            3.9244                        
70                            3.8697                        
71                            3.8304                        
72                            3.7912                        
73                            3.7518                        
74                            3.7009                        
75                            3.65                          
76                            3.5989                        
77                            3.541                         
78                            3.4832                        
79                            3.4252                        
80                            3.364                         
81                            3.3027                        
82                            3.2431                        
83                            3.2448                        
84                            3.2466                        
85                            3.2507                        
86                            3.3308                        
87                            3.4108                        
88                            3.4894                        
89                            3.5374                        
90                            3.5854                        
91                            3.621                         
92                            3.6023                        
93                            3.5836                        
94                            3.5565                        
95                            3.5156                        
96                            3.4747                        
97                            3.4338                        
98                            3.4174                        
99                            3.4074                        
100                           3.399                         
101                           3.4051                        
102                           3.4111                        
103                           3.4182                        
104                           3.436                         
105                           3.4538                        
106                           3.4877                        
107                           3.5265                        
108                           3.5653                        
109                           3.6026                        
110                           3.6359                        
111                           3.6691                        
112                           3.7068                        
113                           3.7518                        
114                           3.7968                        
115                           3.8293                        
116                           3.842                         
117                           3.8595                        
118                           3.8965                        
119                           3.9336                        
120                           3.9477                        
121                           3.9478                        
122                           3.9479                        
123                           3.9767                        
124                           4.0181                        
125                           4.0508                        
126                           4.049                         
127                           4.0473                        
128                           4.0456                        
129                           4.0439                        
130                           3.8073                        
131                           3.6875                        
132                           3.5798                        
133                           3.4962                        
134                           3.4967                        
135                           3.4971                        
136                           3.4916                        
137                           3.4444                        
138                           3.2327                        
139                           2.9505                        
140                           2.6683                        
141                           2.3861                        
142                           2.1061                        
143                           1.8284                        
144                           1.6917                        
145                           1.5987                        
146                           1.5057                        
147                           1.4127                        
148                           1.4007                        
149                           1.4071                        
150                           1.4221                        
151                           1.4061                        
152                           1.3254                        
153                           1.2447                        
154                           1.1641                        
155                           1.1306                        
156                           1.0985                        
157                           1.1453                        
158                           1.2577                        
159                           1.3701                        
160                           1.4782                        
161                           1.579                         
162                           1.6798                        
163                           1.7801                        
164                           1.8794                        
165                           1.9788                        
166                           2.0785                        
167                           2.1787                        
168                           2.2789                        
169                           2.3791                        
170                           2.4598                        
171                           0                             
172                           0                             
173                           2.4692                        
