21                            
0                             3.7513                        
1                             3.7513                        
2                             3.7513                        
3                             3.7513                        
4                             3.7513                        
5                             3.7513                        
6                             3.7513                        
7                             3.7513                        
8                             3.7513                        
9                             3.7513                        
10                            3.7513                        
11                            3.7513                        
12                            3.7513                        
13                            3.7513                        
14                            3.7513                        
15                            3.7513                        
16                            3.7513                        
17                            3.7513                        
18                            3.7513                        
19                            3.7513                        
20                            3.7513                        
21                            3.7513                        
22                            3.7513                        
23                            3.7513                        
24                            3.7513                        
25                            3.7513                        
26                            3.7513                        
27                            3.7513                        
28                            3.7513                        
29                            3.7513                        
30                            3.7513                        
31                            3.7513                        
32                            3.7513                        
33                            3.7513                        
34                            3.7513                        
35                            3.7513                        
36                            3.7513                        
37                            3.7513                        
38                            3.7513                        
39                            3.7513                        
40                            3.7513                        
41                            3.7513                        
42                            3.7513                        
43                            3.7513                        
44                            3.7513                        
45                            3.7513                        
46                            3.7513                        
47                            3.7513                        
48                            3.7513                        
49                            3.7513                        
50                            3.7513                        
51                            3.7513                        
52                            3.7093                        
53                            3.6606                        
54                            3.6118                        
55                            3.5863                        
56                            3.5642                        
57                            3.5422                        
58                            3.5202                        
59                            3.4982                        
60                            3.4762                        
61                            3.452                         
62                            3.4274                        
63                            3.4028                        
64                            3.3737                        
65                            3.3441                        
66                            3.3144                        
67                            3.2799                        
68                            3.2446                        
69                            3.2093                        
70                            3.1712                        
71                            3.1326                        
72                            3.094                         
73                            3.0554                        
74                            3.0168                        
75                            2.9782                        
76                            2.9568                        
77                            2.9379                        
78                            2.919                         
79                            2.9237                        
80                            2.9318                        
81                            2.9398                        
82                            2.9516                        
83                            2.964                         
84                            2.9763                        
85                            2.98                          
86                            2.9824                        
87                            2.9849                        
88                            2.9738                        
89                            2.9608                        
90                            2.9478                        
91                            2.9858                        
92                            3.0308                        
93                            3.0757                        
94                            3.1086                        
95                            3.1399                        
96                            3.1712                        
97                            3.169                         
98                            3.1623                        
99                            3.1557                        
100                           3.1375                        
101                           3.1086                        
102                           3.0717                        
103                           2.9893                        
104                           2.9698                        
105                           3.0422                        
106                           3.1146                        
107                           3.1745                        
108                           3.1584                        
109                           3.1423                        
110                           3.1262                        
111                           3.1273                        
112                           3.1639                        
113                           3.2006                        
114                           3.2372                        
115                           3.352                         
116                           3.3982                        
117                           3.3963                        
118                           3.3223                        
119                           3.2483                        
120                           3.1743                        
121                           3.0854                        
122                           2.9948                        
123                           2.9042                        
124                           2.8154                        
125                           2.7268                        
126                           2.6381                        
127                           2.5151                        
128                           2.3894                        
129                           2.2637                        
130                           2.0779                        
131                           1.8893                        
132                           1.7012                        
133                           1.5948                        
134                           1.4883                        
135                           1.3825                        
136                           1.3026                        
137                           1.2227                        
138                           1.1453                        
139                           1.137                         
140                           1.1287                        
141                           1.1204                        
142                           1.1121                        
143                           1.1038                        
144                           1.0966                        
145                           1.1181                        
146                           1.1397                        
147                           1.1619                        
148                           1.1987                        
149                           1.2355                        
150                           1.2745                        
151                           1.3648                        
152                           1.4552                        
153                           1.5455                        
154                           1.6359                        
155                           1.7263                        
156                           1.8137                        
157                           1.8579                        
158                           1.9021                        
159                           1.9458                        
160                           1.982                         
161                           2.0183                        
162                           2.0532                        
163                           2.0708                        
164                           2.0884                        
165                           2.106                         
166                           2.1236                        
167                           2.1406                        
168                           2.1406                        
169                           2.1406                        
170                           2.1406                        
171                           0                             
172                           0                             
173                           2.1406                        
