31                            
0                             1.6578                        
1                             1.667                         
2                             1.6762                        
3                             1.6854                        
4                             1.6947                        
5                             1.7039                        
6                             1.7131                        
7                             1.7223                        
8                             1.7316                        
9                             1.7408                        
10                            1.75                          
11                            1.7592                        
12                            1.7685                        
13                            1.7777                        
14                            1.7869                        
15                            1.7962                        
16                            1.8054                        
17                            1.8146                        
18                            1.8238                        
19                            1.8331                        
20                            1.8423                        
21                            1.8515                        
22                            1.8442                        
23                            1.8347                        
24                            1.8185                        
25                            1.8217                        
26                            1.8002                        
27                            1.8031                        
28                            1.8018                        
29                            1.8058                        
30                            1.8193                        
31                            1.793                         
32                            1.7668                        
33                            1.7727                        
34                            1.7248                        
35                            1.7172                        
36                            1.7215                        
37                            1.7103                        
38                            1.722                         
39                            1.7135                        
40                            1.7035                        
41                            1.6382                        
42                            1.6057                        
43                            1.5813                        
44                            1.5761                        
45                            1.6011                        
46                            1.5265                        
47                            1.6356                        
48                            1.5734                        
49                            1.4716                        
50                            1.4962                        
51                            1.5261                        
52                            1.6356                        
53                            1.565                         
54                            1.5054                        
55                            1.5407                        
56                            1.5003                        
57                            1.3707                        
58                            1.4087                        
59                            1.4683                        
60                            1.4494                        
61                            1.3623                        
62                            1.2577                        
63                            1.1967                        
64                            1.1857                        
65                            1.1494                        
66                            1.1685                        
67                            1.1709                        
68                            1.136                         
69                            1.1705                        
70                            1.2401                        
71                            1.293                         
72                            1.295                         
73                            1.3485                        
74                            1.3787                        
75                            1.3632                        
76                            1.3617                        
77                            1.2697                        
78                            1.3207                        
79                            1.2796                        
80                            1.2348                        
81                            1.2514                        
82                            1.2333                        
83                            1.2178                        
84                            1.232                         
85                            1.2459                        
86                            1.2535                        
87                            1.2544                        
88                            1.2449                        
89                            1.2471                        
90                            1.2315                        
91                            1.2547                        
92                            1.2946                        
93                            1.3476                        
94                            1.3683                        
95                            1.3915                        
96                            1.4028                        
97                            1.4171                        
98                            1.4084                        
99                            1.357                         
100                           1.2902                        
101                           1.2122                        
102                           1.1402                        
103                           1.0795                        
104                           1.0499                        
105                           1.0244                        
106                           1.017                         
107                           1.0112                        
108                           0.96191                       
109                           0.9068                        
110                           0.86265                       
111                           0.86916                       
112                           0.89206                       
113                           0.90896                       
114                           0.90249                       
115                           0.9015                        
116                           0.90351                       
117                           0.88834                       
118                           0.86776                       
119                           0.84718                       
120                           0.8343                        
121                           0.8311                        
122                           0.82072                       
123                           0.8193                        
124                           0.82237                       
125                           0.81994                       
126                           0.80891                       
127                           0.80396                       
128                           0.80175                       
129                           0.79742                       
130                           0.79124                       
131                           0.79158                       
132                           0.79604                       
133                           0.80485                       
134                           0.81553                       
135                           0.81553                       
136                           0.82293                       
137                           0.84482                       
138                           0.87235                       
139                           0.92117                       
140                           0.96998                       
141                           1.0038                        
142                           1.0298                        
143                           1.0173                        
144                           0.99615                       
145                           0.97213                       
146                           0.95847                       
147                           0.95513                       
148                           0.94789                       
149                           0.93                          
150                           0.91035                       
151                           0.8932                        
152                           0.88157                       
153                           0.87894                       
154                           0.89001                       
155                           0.91944                       
156                           0.95                          
157                           0.97518                       
158                           0.97931                       
159                           0.99992                       
160                           0.98243                       
161                           0.95704                       
162                           0.96538                       
163                           0.97847                       
164                           0.99384                       
165                           1.0089                        
166                           1.0241                        
167                           1.04                          
168                           1.0421                        
169                           1.0426                        
170                           1.0428                        
171                           0                             
172                           0                             
173                           1.0429                        
