160                           49.732                        
10                            49.732                        
9                             83.248                        
8                             91.415                        
7                             74.312                        
6                             62.731                        
5                             56.288                        
4                             49.943                        
3                             42.11                         
2                             35.194                        
1                             29.901                        
0                             19.679                        
