30                            
0                             1.7512                        
1                             1.7627                        
2                             1.7743                        
3                             1.7858                        
4                             1.7973                        
5                             1.8089                        
6                             1.8204                        
7                             1.832                         
8                             1.8435                        
9                             1.855                         
10                            1.8666                        
11                            1.8781                        
12                            1.8896                        
13                            1.9012                        
14                            1.9127                        
15                            1.9243                        
16                            1.9358                        
17                            1.9473                        
18                            1.9589                        
19                            1.9704                        
20                            1.9819                        
21                            1.9935                        
22                            1.9968                        
23                            1.9989                        
24                            1.9978                        
25                            2.0063                        
26                            2.0024                        
27                            2.0108                        
28                            2.0171                        
29                            2.026                         
30                            2.0397                        
31                            2.0235                        
32                            1.9963                        
33                            1.9851                        
34                            1.947                         
35                            1.9291                        
36                            1.917                         
37                            1.8973                        
38                            1.8891                        
39                            1.8706                        
40                            1.8515                        
41                            1.797                         
42                            1.754                         
43                            1.7188                        
44                            1.7076                        
45                            1.7115                        
46                            1.6655                        
47                            1.7115                        
48                            1.6718                        
49                            1.6123                        
50                            1.616                         
51                            1.6223                        
52                            1.6685                        
53                            1.6246                        
54                            1.5862                        
55                            1.5952                        
56                            1.5616                        
57                            1.4681                        
58                            1.4586                        
59                            1.4598                        
60                            1.4217                        
61                            1.3496                        
62                            1.2747                        
63                            1.2429                        
64                            1.2361                        
65                            1.2166                        
66                            1.2248                        
67                            1.2247                        
68                            1.2059                        
69                            1.2269                        
70                            1.2655                        
71                            1.2958                        
72                            1.3059                        
73                            1.3437                        
74                            1.3699                        
75                            1.3732                        
76                            1.3593                        
77                            1.2994                        
78                            1.3111                        
79                            1.2861                        
80                            1.2601                        
81                            1.2647                        
82                            1.2527                        
83                            1.2613                        
84                            1.2848                        
85                            1.3081                        
86                            1.3283                        
87                            1.3395                        
88                            1.3283                        
89                            1.323                         
90                            1.3088                        
91                            1.3319                        
92                            1.3767                        
93                            1.428                         
94                            1.4631                        
95                            1.4875                        
96                            1.4947                        
97                            1.5034                        
98                            1.4807                        
99                            1.3854                        
100                           1.2823                        
101                           1.2198                        
102                           1.1686                        
103                           1.1231                        
104                           1.0932                        
105                           1.0653                        
106                           1.0464                        
107                           1.0317                        
108                           1.004                         
109                           0.97341                       
110                           0.94827                       
111                           0.94847                       
112                           0.95687                       
113                           0.96227                       
114                           0.95598                       
115                           0.95244                       
116                           0.94707                       
117                           0.93025                       
118                           0.91074                       
119                           0.89122                       
120                           0.87556                       
121                           0.87084                       
122                           0.86441                       
123                           0.86246                       
124                           0.86195                       
125                           0.85768                       
126                           0.8491                        
127                           0.84357                       
128                           0.8394                        
129                           0.83418                       
130                           0.82803                       
131                           0.83005                       
132                           0.83698                       
133                           0.84608                       
134                           0.85612                       
135                           0.86082                       
136                           0.86922                       
137                           0.89552                       
138                           0.92581                       
139                           0.96676                       
140                           1.0077                        
141                           1.0412                        
142                           1.0707                        
143                           1.0499                        
144                           1.0202                        
145                           0.99445                       
146                           0.97966                       
147                           0.97003                       
148                           0.95845                       
149                           0.94155                       
150                           0.92377                       
151                           0.91139                       
152                           0.91006                       
153                           0.91323                       
154                           0.92726                       
155                           0.96348                       
156                           1.0003                        
157                           1.0295                        
158                           1.0281                        
159                           1.0348                        
160                           1.0192                        
161                           0.99889                       
162                           1.0141                        
163                           1.032                         
164                           1.0509                        
165                           1.0698                        
166                           1.0887                        
167                           1.1079                        
168                           1.1099                        
169                           1.1102                        
170                           1.1103                        
171                           0                             
172                           0                             
173                           1.1103                        
