25                            
0                             2.5085                        
1                             2.5085                        
2                             2.5085                        
3                             2.5085                        
4                             2.5085                        
5                             2.5085                        
6                             2.5085                        
7                             2.5085                        
8                             2.5085                        
9                             2.5085                        
10                            2.5085                        
11                            2.5085                        
12                            2.5085                        
13                            2.5085                        
14                            2.5085                        
15                            2.5085                        
16                            2.5085                        
17                            2.5085                        
18                            2.5085                        
19                            2.5085                        
20                            2.5085                        
21                            2.5085                        
22                            2.5085                        
23                            2.5085                        
24                            2.5085                        
25                            2.5085                        
26                            2.5085                        
27                            2.5085                        
28                            2.5085                        
29                            2.5085                        
30                            2.5085                        
31                            2.5085                        
32                            2.5085                        
33                            2.5085                        
34                            2.5085                        
35                            2.5085                        
36                            2.5085                        
37                            2.5085                        
38                            2.5085                        
39                            2.5085                        
40                            2.5085                        
41                            2.5085                        
42                            2.5085                        
43                            2.5085                        
44                            2.5085                        
45                            2.4951                        
46                            2.4808                        
47                            2.4665                        
48                            2.4522                        
49                            2.4379                        
50                            2.4236                        
51                            2.4094                        
52                            2.3951                        
53                            2.3808                        
54                            2.3665                        
55                            2.3522                        
56                            2.3379                        
57                            2.3237                        
58                            2.3094                        
59                            2.2951                        
60                            2.2808                        
61                            2.2665                        
62                            2.2522                        
63                            2.2379                        
64                            2.2237                        
65                            2.2094                        
66                            2.1951                        
67                            2.1808                        
68                            2.1665                        
69                            2.1522                        
70                            2.138                         
71                            2.1339                        
72                            2.1634                        
73                            2.1929                        
74                            2.2225                        
75                            2.252                         
76                            2.2815                        
77                            2.311                         
78                            2.3405                        
79                            2.3701                        
80                            2.3996                        
81                            2.4291                        
82                            2.498                         
83                            2.5915                        
84                            2.685                         
85                            2.7543                        
86                            2.7515                        
87                            2.7488                        
88                            2.7097                        
89                            2.5618                        
90                            2.4139                        
91                            2.2659                        
92                            2.2133                        
93                            2.1712                        
94                            2.1291                        
95                            2.087                         
96                            2.0449                        
97                            2.0436                        
98                            2.0535                        
99                            2.0633                        
100                           2.0731                        
101                           2.083                         
102                           2.0991                        
103                           2.1503                        
104                           2.2014                        
105                           2.2526                        
106                           2.3038                        
107                           2.3549                        
108                           2.4061                        
109                           2.4572                        
110                           2.5084                        
111                           2.4956                        
112                           2.4813                        
113                           2.467                         
114                           2.4526                        
115                           2.4383                        
116                           2.424                         
117                           2.4097                        
118                           2.3953                        
119                           2.381                         
120                           2.3667                        
121                           2.3524                        
122                           2.338                         
123                           2.3237                        
124                           2.2824                        
125                           2.2059                        
126                           2.1295                        
127                           2.0531                        
128                           1.976                         
129                           1.8858                        
130                           1.7957                        
131                           1.7055                        
132                           1.6154                        
133                           1.5252                        
134                           1.419                         
135                           1.3075                        
136                           1.1959                        
137                           1.0843                        
138                           0.97276                       
139                           0.90678                       
140                           0.86594                       
141                           0.8251                        
142                           0.78426                       
143                           0.75502                       
144                           0.87868                       
145                           1.0023                        
146                           1.1137                        
147                           1.2227                        
148                           1.3318                        
149                           1.4409                        
150                           1.5499                        
151                           1.6299                        
152                           1.7099                        
153                           1.7899                        
154                           1.87                          
155                           1.9497                        
156                           2.029                         
157                           2.0695                        
158                           2.0548                        
159                           2.0401                        
160                           2.0274                        
161                           2.0294                        
162                           2.0313                        
163                           2.0332                        
164                           2.0351                        
165                           2.037                         
166                           2.0389                        
167                           2.0408                        
168                           2.0408                        
169                           2.0408                        
170                           2.0408                        
171                           0                             
172                           0                             
173                           2.0408                        
