160                           115.89                        
35                            115.89                        
34                            114.3                         
33                            111.66                        
32                            108.54                        
31                            105.11                        
30                            101.44                        
29                            97.699                        
28                            93.895                        
27                            90.078                        
26                            86.232                        
25                            82.359                        
24                            78.381                        
23                            74.35                         
22                            70.377                        
21                            66.501                        
20                            62.596                        
19                            58.76                         
18                            54.973                        
17                            51.233                        
16                            47.58                         
15                            46.018                        
14                            43.226                        
13                            45.119                        
12                            50.686                        
11                            48.648                        
10                            100.25                        
9                             105.94                        
8                             79.772                        
7                             56.676                        
6                             48.752                        
5                             43.086                        
4                             38.148                        
3                             33.378                        
2                             28.657                        
1                             23.993                        
0                             19.617                        
