       917.141
       917.138
       917.136
       917.135
       917.134
       917.133
       917.133
       917.132
       917.131
        917.13
       917.129
       917.128
       917.127
       917.125
       917.124
       917.122
        917.12
       917.117
       917.115
       917.112
       917.108
       917.104
         917.1
       917.096
       917.091
       917.085
       917.079
       917.072
       917.065
       917.057
       917.048
       917.039
       917.029
       917.018
       917.006
       916.994
        916.98
       916.966
       916.951
       916.935
       916.918
       916.901
       916.883
       916.864
       916.845
       916.825
       916.806
       916.786
       916.767
       916.748
        916.73
       916.713
       916.699
       916.686
       916.677
       916.671
       916.669
       916.673
       916.683
       916.701
       916.728
       916.765
       916.813
       916.876
       916.955
       917.052
        917.17
       917.312
        917.48
       917.676
       917.904
       918.166
       918.465
       918.805
       919.188
       919.618
       920.098
       920.633
       921.227
       921.883
       922.609
       923.362
       924.095
       924.808
       925.502
       926.177
       926.833
       927.471
       928.091
       928.695
       929.282
       929.855
       930.414
       930.957
       931.483
       931.993
       932.488
       932.969
       933.437
       933.894
       934.338
       934.767
       935.177
       935.567
       935.939
       936.294
       936.633
       936.951
       937.245
       937.506
       937.726
        937.91
       938.057
       938.167
       938.216
       938.182
       938.065
       937.864
       937.575
       937.196
       936.725
       936.158
        935.49
       934.717
       933.839
       932.852
       931.753
       930.543
        929.22
       927.788
       926.256
       924.639
       922.938
       921.158
       919.304
        917.38
       915.389
       913.333
       911.217
       909.047
       906.839
       904.624
       902.421
       900.242
       898.097
       895.997
       893.951
       891.969
       890.061
       888.236
       886.493
        884.83
       883.248
       881.747
       880.324
       878.981
       877.717
       876.531
       875.422
       874.389
        873.43
       872.545
       871.732
       870.991
       870.319
       869.718
       869.185
        868.72
       868.323
       867.993
        867.73
       867.536
       867.412
       867.363
       886.588
       886.588
       886.587
       886.586
       886.585
       886.585
       886.584
       886.583
       886.582
       886.581
        886.58
       886.579
       886.578
       886.577
       886.575
       886.573
       886.571
       886.569
       886.566
       886.563
        886.56
       886.556
       886.552
       886.547
       886.542
       886.536
        886.53
       886.524
       886.516
       886.508
         886.5
        886.49
        886.48
       886.469
       886.457
       886.445
       886.431
       886.417
       886.402
       886.386
       886.369
       886.352
       886.333
       886.314
       886.295
       886.275
       886.255
       886.235
       886.216
       886.197
       886.178
       886.161
       886.146
       886.133
       886.123
       886.116
       886.114
       886.117
       886.127
       886.144
       886.169
       886.205
       886.299
       886.407
       886.532
       886.659
       886.808
        886.98
       887.177
       887.402
       887.659
       887.942
       888.261
       888.621
       889.031
       889.488
       889.992
       890.555
       891.175
       891.859
       892.614
       893.397
       894.163
       894.874
       895.565
       896.235
       896.844
       897.434
       898.007
       898.581
        899.14
        899.69
       900.257
       900.808
       901.348
       901.879
       902.394
       902.896
       903.372
       903.832
       904.269
       904.675
       905.058
       905.408
       905.734
       906.044
        906.33
       906.592
       906.845
       907.073
       907.264
       907.419
       907.552
       907.648
       907.679
       907.637
       907.524
        907.33
       907.037
       906.655
       906.193
       905.638
        904.98
       904.191
       903.288
       902.316
       901.281
       900.314
       899.153
       897.807
       896.414
       894.867
       893.229
       891.498
       889.644
       887.721
       885.733
       883.704
       881.709
       879.698
       877.648
       875.587
       873.537
       871.509
       869.436
       867.382
       865.383
       863.455
       861.559
       859.735
       857.987
       856.338
       854.801
       853.345
       851.969
       850.644
       849.398
       848.176
       846.995
       845.889
        844.86
       843.909
       843.029
       842.222
       841.491
       840.832
       840.243
        839.72
       839.261
       838.868
       838.555
       840.514
       840.389
       838.184
       856.091
       856.091
        856.09
        856.09
       856.089
       856.089
       856.088
       856.087
       856.087
       856.086
       856.085
       856.084
       856.082
       856.081
       856.079
       856.077
       856.075
       856.073
        856.07
       856.067
       856.064
        856.06
       856.056
       856.051
       856.046
       856.041
       856.034
       856.028
        856.02
       856.012
       856.003
       855.994
       855.984
       855.973
       855.961
       855.948
       855.934
        855.92
       855.905
       855.888
       855.871
       855.853
       855.835
       855.815
       855.795
       855.775
       855.754
       855.734
       855.713
       855.693
       855.674
       855.655
       855.639
       855.624
       855.612
       855.604
         855.6
         855.6
       855.607
       855.621
       855.643
       855.675
       855.812
       855.963
        856.13
       856.285
        856.46
       856.658
       856.881
       857.132
       857.415
       857.713
       858.049
       858.425
       858.857
       859.335
       859.859
       860.443
       861.085
       861.788
        862.56
       863.373
       864.175
       864.885
       865.575
       866.241
       866.802
       867.344
       867.871
       868.416
       868.945
       869.473
       870.048
       870.608
        871.16
       871.712
       872.248
       872.771
       873.255
       873.719
       874.147
        874.53
       874.886
       875.195
       875.474
       875.742
       875.974
       876.179
       876.391
       876.586
       876.748
       876.874
       876.994
       877.076
       877.094
       877.045
       876.937
       876.753
       876.459
       876.076
       875.626
       875.086
        874.44
       873.637
       872.712
       871.757
        870.79
       870.068
       869.072
       867.816
       866.562
       865.086
       863.511
       861.828
       859.975
        858.05
       856.064
       854.059
       852.181
       850.328
       848.433
       846.524
       844.624
       842.745
       840.741
       838.731
       836.777
       834.903
       833.017
       831.192
       829.439
       827.802
       826.311
         824.9
       823.569
       822.263
       821.035
       819.778
       818.523
       817.344
       816.245
       815.227
       814.282
       813.408
       812.617
       811.902
       811.255
       810.675
       810.152
       809.697
        809.33
        813.45
       813.324
       808.952
       825.642
       825.642
       825.642
       825.642
       825.641
       825.641
        825.64
       825.639
       825.639
       825.638
       825.637
       825.636
       825.634
       825.633
       825.631
       825.629
       825.627
       825.625
       825.622
       825.619
       825.616
       825.612
       825.608
       825.603
       825.598
       825.593
       825.586
        825.58
       825.572
       825.564
       825.555
       825.545
       825.535
       825.524
       825.512
       825.499
       825.485
        825.47
       825.454
       825.438
        825.42
       825.401
       825.382
       825.362
       825.341
        825.32
       825.298
       825.276
       825.254
       825.233
       825.211
       825.191
       825.172
       825.155
        825.14
       825.129
       825.121
       825.118
        825.12
       825.129
       825.146
       825.172
       825.349
        825.54
       825.746
       825.925
       826.124
       826.346
       826.591
       826.864
       827.168
       827.479
       827.827
       828.214
       828.664
        829.16
       829.697
       830.299
       830.957
       831.673
       832.455
       833.295
       834.134
       834.844
       835.531
       836.193
       836.707
       837.201
       837.681
       838.197
       838.696
       839.202
       839.786
       840.353
       840.918
       841.491
       842.048
       842.593
       843.084
       843.552
        843.97
        844.33
       844.659
       844.928
       845.161
       845.384
       845.563
       845.712
       845.883
       846.044
       846.177
       846.276
       846.384
       846.453
       846.459
       846.406
       846.305
       846.133
        845.84
       845.458
       845.022
       844.499
       843.868
       843.054
       842.109
       841.174
       840.278
       839.804
       838.977
       837.811
       836.697
       835.293
       833.781
       832.146
       830.291
       828.363
       826.377
       824.395
       822.632
       820.934
       819.192
       817.433
       815.682
       813.951
       812.013
       810.046
       808.136
       806.314
       804.436
        802.61
       800.852
       799.227
        797.78
       796.414
       795.128
        793.84
        792.63
       791.337
       790.009
       788.757
       787.587
       786.503
       785.491
       784.551
         783.7
       782.927
       782.222
       781.583
       780.997
       780.477
       780.057
       786.343
       786.216
        779.67
       795.236
       795.237
       795.237
       795.236
       795.236
       795.236
       795.235
       795.235
       795.234
       795.233
       795.232
       795.231
        795.23
       795.228
       795.227
       795.225
       795.223
        795.22
       795.218
       795.214
       795.211
       795.207
       795.203
       795.198
       795.193
       795.188
       795.181
       795.174
       795.167
       795.159
        795.15
        795.14
       795.129
       795.118
       795.105
       795.092
       795.078
       795.062
       795.046
       795.029
       795.011
       794.991
       794.971
        794.95
       794.928
       794.905
       794.882
       794.858
       794.834
        794.81
       794.787
       794.763
       794.741
       794.721
       794.702
       794.686
       794.673
       794.665
       794.661
       794.663
       794.673
       794.691
       794.905
       795.134
       795.377
       795.577
       795.796
       796.038
       796.302
       796.594
       796.916
       797.236
       797.592
       797.988
       798.452
        798.96
       799.508
       800.123
       800.793
        801.52
       802.314
       803.171
       804.043
       804.749
       805.434
       806.092
       806.557
       807.004
       807.436
       807.922
       808.392
       808.876
       809.468
       810.043
       810.621
       811.214
       811.793
       812.359
       812.858
        813.33
       813.738
       814.075
       814.376
       814.604
       814.792
       814.972
       815.097
        815.19
       815.318
       815.447
       815.552
       815.624
       815.721
       815.779
       815.774
       815.719
       815.627
       815.469
       815.179
         814.8
       814.381
       813.878
       813.264
       812.439
       811.477
       810.564
       809.741
       809.519
       808.861
       807.788
       806.815
       805.482
       804.032
       802.445
       800.588
       798.658
       796.669
       794.707
       793.057
       791.514
       789.925
       788.315
        786.71
       785.125
       783.252
       781.327
       779.459
       777.689
       775.819
       773.991
       772.226
       770.612
        769.21
       767.888
       766.647
       765.378
       764.186
       762.857
       761.455
        760.13
       758.889
       757.738
       756.659
       755.652
        754.74
       753.909
       753.145
       752.446
       751.795
       751.209
       750.735
       759.193
       759.065
       750.337
       764.869
        764.87
        764.87
        764.87
       764.869
       764.869
       764.869
       764.868
       764.867
       764.867
       764.866
       764.864
       764.863
       764.862
        764.86
       764.858
       764.856
       764.854
       764.851
       764.848
       764.844
       764.841
       764.836
       764.832
       764.826
       764.821
       764.814
       764.807
         764.8
       764.791
       764.782
       764.772
       764.761
       764.749
       764.737
       764.723
       764.708
       764.692
       764.675
       764.657
       764.638
       764.618
       764.597
       764.574
       764.551
       764.526
       764.501
       764.475
       764.449
       764.422
       764.395
       764.368
       764.342
       764.317
       764.293
       764.272
       764.253
       764.237
       764.226
        764.22
        764.22
       764.228
       764.478
       764.741
       765.019
       765.237
       765.474
       765.734
       766.014
       766.321
       766.658
       766.983
       767.345
       767.744
       768.218
       768.737
       769.291
       769.916
       770.594
       771.329
       772.133
       773.001
         773.9
       774.602
       775.283
       775.937
       776.353
       776.751
       777.136
       777.592
       778.032
       778.492
       779.092
       779.676
       780.267
       780.881
       781.481
       782.069
       782.575
       783.051
       783.449
       783.762
       784.037
       784.224
       784.368
       784.503
       784.575
       784.611
       784.697
       784.795
       784.872
       784.918
       785.004
       785.052
       785.038
       784.982
       784.903
       784.761
       784.476
       784.102
       783.702
        783.22
       782.625
       781.793
       780.814
       779.925
       779.177
       779.207
        778.72
        777.74
       776.909
       775.649
       774.262
       772.722
       770.863
       768.929
       766.938
       764.996
       763.458
       762.069
       760.631
       759.167
       757.708
       756.267
       754.459
       752.574
       750.748
       749.029
       747.166
       745.335
       743.563
        741.96
       740.603
       739.326
        738.13
       736.879
       735.705
       734.339
       732.864
       731.466
       730.153
       728.935
       727.788
       726.713
        725.74
       724.849
       724.025
       723.264
       722.546
       721.894
       721.363
       732.001
       731.872
       720.955
       734.536
       734.536
       734.536
       734.536
       734.536
       734.536
       734.535
       734.535
       734.534
       734.533
       734.532
       734.531
        734.53
       734.528
       734.527
       734.525
       734.523
        734.52
       734.518
       734.515
       734.511
       734.507
       734.503
       734.498
       734.493
       734.487
        734.48
       734.473
       734.466
       734.457
       734.448
       734.437
       734.426
       734.414
       734.401
       734.387
       734.371
       734.355
       734.337
       734.318
       734.298
       734.277
       734.254
        734.23
       734.205
       734.178
       734.151
       734.122
       734.093
       734.063
       734.032
       734.001
        733.97
        733.94
        733.91
       733.882
       733.855
       733.832
       733.812
       733.796
       733.785
        733.78
       734.063
        734.36
       734.669
       734.903
       735.155
       735.429
       735.722
       736.042
       736.391
       736.719
       737.082
       737.482
       737.963
       738.488
       739.046
       739.677
       740.361
       741.101
       741.911
       742.784
       743.699
       744.401
       745.078
       745.726
       746.092
       746.441
       746.777
       747.203
       747.612
       748.049
       748.658
       749.249
       749.853
       750.488
        751.11
        751.72
       752.234
       752.713
       753.101
       753.392
        753.64
       753.787
       753.888
       753.978
       753.996
       753.976
       754.019
       754.086
       754.136
       754.156
       754.232
       754.271
        754.25
       754.196
        754.13
       754.007
        753.73
       753.363
       752.983
       752.524
        751.95
       751.111
       750.118
       749.255
       748.582
       748.866
       748.551
       747.666
       746.979
        745.79
       744.466
       742.974
       741.113
       739.174
       737.181
       735.257
       733.832
       732.596
       731.307
       729.989
       728.674
       727.377
       725.633
       723.788
       722.003
       720.335
       718.479
       716.644
       714.865
       713.274
        711.96
       710.728
       709.578
       708.345
       707.189
       705.787
       704.239
       702.766
       701.382
       700.096
        698.88
       697.736
       696.699
       695.748
       694.862
       694.038
       693.252
       692.531
       691.944
       704.767
       704.637
       691.524
       704.231
       704.231
       704.231
       704.231
       704.231
       704.231
        704.23
        704.23
       704.229
       704.228
       704.227
       704.226
       704.225
       704.224
       704.222
        704.22
       704.218
       704.216
       704.213
        704.21
       704.206
       704.202
       704.198
       704.193
       704.188
       704.182
       704.175
       704.168
        704.16
       704.151
       704.141
       704.131
       704.119
       704.107
       704.093
       704.079
       704.063
       704.046
       704.027
       704.007
       703.986
       703.963
       703.939
       703.913
       703.886
       703.857
       703.827
       703.795
       703.762
       703.728
       703.693
       703.658
       703.621
       703.584
       703.548
       703.512
       703.477
       703.444
       703.413
       703.386
       703.362
       703.344
       703.658
       703.985
       704.324
       704.572
       704.837
       705.123
       705.426
       705.756
       706.114
       706.441
       706.802
       707.201
       707.686
       708.214
       708.772
       709.406
       710.092
       710.835
       711.649
       712.525
       713.457
       714.149
       714.819
       715.459
       715.775
       716.072
       716.359
       716.753
       717.132
       717.545
       718.161
       718.761
       719.377
       720.034
       720.677
        721.31
       721.832
       722.314
       722.693
        722.96
       723.181
       723.292
       723.348
       723.394
       723.359
       723.281
       723.283
       723.319
       723.342
       723.338
       723.404
       723.432
       723.408
       723.358
       723.308
       723.206
       722.938
       722.581
       722.223
       721.789
       721.237
       720.394
       719.387
       718.551
       717.954
       718.495
       718.353
       717.563
       717.019
       715.904
       714.644
       713.198
       711.334
        709.39
       707.392
       705.487
       704.174
       703.091
        701.95
       700.778
       699.607
       698.454
       696.773
       694.968
       693.223
       691.607
       689.756
       687.919
       686.133
       684.552
       683.284
       682.097
       680.992
       679.779
       678.641
       677.203
        675.58
       674.034
       672.577
       671.222
       669.937
       668.722
       667.621
       666.607
       665.657
       664.768
       663.912
        663.12
       662.475
       677.491
       677.359
       662.042
       673.949
        673.95
        673.95
        673.95
        673.95
       673.949
       673.949
       673.949
       673.948
       673.947
       673.946
       673.945
       673.944
       673.943
       673.941
       673.939
       673.937
       673.934
       673.932
       673.928
       673.925
       673.921
       673.917
       673.912
       673.906
         673.9
       673.894
       673.886
       673.878
       673.869
       673.859
       673.848
       673.836
       673.824
        673.81
       673.794
       673.778
        673.76
        673.74
       673.719
       673.697
       673.673
       673.647
       673.619
       673.589
       673.558
       673.525
        673.49
       673.454
       673.415
       673.375
       673.334
       673.291
       673.248
       673.204
       673.159
       673.115
       673.071
       673.029
       672.988
        672.95
       672.916
        673.26
       673.616
       673.982
       674.241
       674.517
       674.812
       675.124
        675.46
       675.824
       676.148
       676.505
       676.899
       677.385
       677.913
       678.468
       679.103
       679.789
       680.531
       681.348
       682.226
       683.164
       683.843
       684.504
       685.135
       685.398
       685.643
       685.879
       686.242
       686.588
       686.977
       687.601
       688.208
       688.838
       689.516
       690.181
       690.836
       691.367
       691.852
       692.222
       692.467
       692.663
       692.735
       692.747
        692.75
       692.662
       692.525
       692.487
       692.493
        692.49
       692.461
       692.517
       692.537
        692.51
       692.467
       692.436
       692.357
       692.101
       691.755
       691.421
       691.014
       690.486
       689.638
        688.62
       687.811
       687.292
        688.09
       688.124
       687.429
       687.029
       685.986
        684.79
       683.392
       681.524
       679.574
       677.571
       675.684
       674.482
       673.551
        672.56
       671.532
       670.506
       669.496
       667.879
       666.112
       664.409
       662.844
           661
        659.16
       657.367
       655.799
       654.576
       653.435
       652.376
       651.182
       650.063
       648.589
       646.892
       645.271
       643.742
       642.317
       640.961
       639.674
       638.507
       637.428
       636.411
       635.455
       634.526
       633.661
       632.956
       650.171
       650.037
       632.507
       643.687
       643.687
       643.687
       643.687
       643.687
       643.687
       643.687
       643.686
       643.686
       643.685
       643.684
       643.683
       643.682
        643.68
       643.679
       643.677
       643.675
       643.672
       643.669
       643.666
       643.663
       643.659
       643.654
       643.649
       643.644
       643.638
       643.631
       643.623
       643.615
       643.606
       643.596
       643.585
       643.572
       643.559
       643.545
       643.529
       643.511
       643.493
       643.472
        643.45
       643.426
       643.401
       643.373
       643.343
       643.311
       643.277
       643.241
       643.203
       643.162
       643.119
       643.074
       643.026
       642.977
       642.926
       642.873
       642.819
       642.764
       642.709
       642.653
       642.599
       642.545
       642.494
       642.866
       643.248
        643.64
       643.908
       644.192
       644.495
       644.812
       645.154
       645.521
       645.839
        646.19
       646.576
        647.06
       647.585
       648.135
       648.767
       649.451
        650.19
       651.005
       651.882
       652.818
       653.477
        654.13
       654.751
        654.96
       655.152
       655.336
       655.665
       655.979
       656.342
       656.974
       657.588
       658.231
       658.931
       659.619
       660.297
       660.836
       661.325
       661.685
       661.909
        662.08
       662.117
       662.085
       662.044
       661.903
       661.708
       661.629
       661.606
       661.578
       661.524
       661.572
       661.584
       661.555
       661.521
       661.512
       661.458
       661.216
       660.884
       660.576
       660.197
       659.694
       658.844
       657.813
       657.032
       656.593
       657.649
       657.859
       657.261
       657.005
       656.036
       654.903
       653.552
       651.679
       649.722
       647.715
       645.844
       644.753
       643.975
       643.132
       642.251
       641.369
       640.503
       638.949
       637.222
       635.559
       634.045
       632.209
       630.367
       628.569
       627.013
       625.837
       624.743
       623.731
       622.557
       621.457
       619.948
       618.177
       616.481
       614.879
       613.383
       611.955
       610.595
       609.359
       608.212
       607.126
       606.099
       605.093
       604.153
       603.385
       622.807
        622.67
       602.917
       613.439
       613.439
       613.439
       613.439
       613.439
       613.439
       613.439
       613.438
       613.437
       613.437
       613.436
       613.435
       613.434
       613.432
        613.43
       613.429
       613.426
       613.424
       613.421
       613.418
       613.414
        613.41
       613.406
       613.401
       613.395
       613.389
       613.382
       613.375
       613.366
       613.357
       613.346
       613.335
       613.323
       613.309
       613.294
       613.277
       613.259
        613.24
       613.218
       613.195
        613.17
       613.143
       613.113
       613.081
       613.047
        613.01
       612.971
       612.928
       612.883
       612.835
       612.784
       612.731
       612.674
       612.615
       612.553
       612.489
       612.423
       612.354
       612.285
       612.215
       612.144
       612.074
       612.472
        612.88
       613.296
       613.571
       613.862
       614.169
        614.49
       614.834
       615.203
       615.513
       615.854
        616.23
        616.71
        617.23
       617.771
       618.399
       619.077
        619.81
       620.621
       621.493
        622.42
       623.055
       623.698
       624.307
       624.458
       624.595
       624.725
        625.02
         625.3
       625.638
       626.276
       626.898
       627.554
       628.276
       628.988
       629.689
       630.236
       630.729
       631.081
       631.284
       631.434
       631.434
       631.359
       631.275
        631.08
       630.828
       630.709
       630.657
       630.604
       630.525
       630.563
       630.566
       630.537
       630.516
       630.533
       630.509
       630.284
       629.967
       629.686
       629.337
        628.86
       628.007
       626.966
       626.214
       625.853
       627.169
       627.554
       627.054
       626.944
       626.048
       624.979
       623.674
       621.797
       619.833
       617.819
       615.964
       614.985
        614.36
       613.667
       612.931
       612.195
       611.473
       609.982
       608.295
       606.674
       605.212
       603.384
       601.541
       599.738
       598.197
       597.068
       596.022
       595.059
       593.906
       592.827
       591.283
       589.439
       587.668
       585.992
       584.425
       582.923
       581.487
       580.179
       578.961
       577.802
         576.7
       575.614
       574.594
       573.759
       595.396
       595.255
       573.268
         583.2
         583.2
         583.2
         583.2
         583.2
         583.2
         583.2
       583.199
       583.199
       583.198
       583.197
       583.196
       583.195
       583.193
       583.192
        583.19
       583.188
       583.185
       583.182
       583.179
       583.176
       583.172
       583.167
       583.162
       583.156
        583.15
       583.143
       583.135
       583.127
       583.117
       583.107
       583.095
       583.082
       583.068
       583.053
       583.036
       583.017
       582.997
       582.974
        582.95
       582.923
       582.894
       582.863
       582.829
       582.792
       582.752
        582.71
       582.663
       582.614
       582.561
       582.504
       582.444
       582.379
       582.312
        582.24
       582.165
       582.086
       582.005
        581.92
       581.833
       581.745
       581.655
       582.078
       582.509
       582.947
       583.228
       583.523
       583.834
       584.156
         584.5
       584.868
       585.167
       585.496
        585.86
       586.333
       586.846
       587.377
       587.997
       588.667
       589.392
       590.196
       591.061
       591.982
       592.581
       593.206
       593.799
       593.891
        593.97
       594.045
       594.303
       594.549
        594.86
       595.505
       596.135
       596.804
       597.549
       598.284
       599.009
       599.564
       600.061
       600.407
        600.59
       600.719
       600.683
       600.565
       600.439
       600.191
       599.882
       599.725
       599.645
       599.566
       599.462
       599.487
       599.472
       599.443
       599.451
         599.5
       599.509
       599.303
       599.004
       598.752
       598.434
       597.983
       597.129
       596.076
       595.353
       595.071
       596.647
        597.21
       596.807
       596.842
       596.021
       595.014
       593.756
       591.873
       589.902
       587.882
       586.043
       585.176
       584.704
        584.16
       583.572
       582.981
       582.404
       580.977
       579.331
       577.752
       576.343
       574.525
       572.682
       570.876
        569.35
       568.271
       567.275
       566.362
       565.232
       564.174
       562.596
       560.679
       558.834
       557.084
       555.444
       553.867
       552.353
       550.971
       549.678
       548.441
       547.258
       546.086
       544.982
       544.076
       567.935
       567.788
       543.554
       552.965
       552.966
       552.966
       552.966
       552.966
       552.966
       552.965
       552.965
       552.964
       552.964
       552.963
       552.962
       552.961
       552.959
       552.958
       552.956
       552.953
       552.951
       552.948
       552.945
       552.941
       552.937
       552.933
       552.928
       552.922
       552.916
       552.909
       552.901
       552.892
       552.883
       552.872
        552.86
       552.847
       552.832
       552.817
       552.799
        552.78
       552.759
       552.735
        552.71
       552.682
       552.652
       552.619
       552.582
       552.543
         552.5
       552.454
       552.404
        552.35
       552.291
       552.229
       552.161
       552.089
       552.012
       551.931
       551.844
       551.753
       551.657
       551.557
       551.452
       551.344
       551.233
       551.679
       552.133
       552.591
       552.877
       553.174
       553.486
       553.808
        554.15
       554.515
       554.801
       555.117
       555.466
        555.93
       556.432
        556.95
       557.561
       558.221
       558.935
       559.729
       560.586
       561.497
       562.052
       562.652
       563.225
       563.255
       563.274
       563.291
       563.512
       563.721
       564.005
       564.657
       565.293
       565.976
       566.744
       567.503
       568.252
       568.816
       569.319
       569.658
       569.824
       569.934
       569.862
       569.702
       569.535
       569.233
       568.869
       568.674
       568.568
       568.466
       568.336
       568.351
       568.319
       568.296
       568.332
       568.416
        568.46
       568.275
       567.994
       567.772
       567.485
       567.062
       566.206
       565.142
       564.448
       564.246
       566.083
       566.823
       566.518
       566.699
        565.95
       565.007
       563.794
       561.906
       559.926
         557.9
       556.078
       555.324
       555.005
       554.611
        554.17
       553.725
       553.295
       551.933
       550.328
       548.793
       547.438
       545.631
       543.791
       541.983
       540.475
       539.447
       538.503
       537.643
       536.537
       535.502
       533.892
       531.903
       529.984
        528.16
       526.447
       524.793
       523.199
       521.738
       520.365
       519.044
       517.775
       516.511
       515.315
        514.33
       540.422
       540.266
       513.768
       522.731
       522.731
       522.731
       522.731
       522.731
       522.731
       522.731
        522.73
        522.73
       522.729
       522.728
       522.727
       522.726
       522.725
       522.723
       522.721
       522.719
       522.717
       522.714
       522.711
       522.707
       522.703
       522.699
       522.694
       522.688
       522.682
       522.675
       522.667
       522.658
       522.648
       522.637
       522.625
       522.612
       522.597
       522.581
       522.563
       522.543
       522.521
       522.497
       522.471
       522.442
        522.41
       522.375
       522.337
       522.295
       522.249
         522.2
       522.146
       522.087
       522.023
       521.955
        521.88
         521.8
       521.714
       521.622
       521.524
       521.419
       521.309
       521.192
       521.069
        520.94
       520.806
       521.275
        521.75
       522.227
       522.515
       522.813
       523.125
       523.444
       523.783
       524.143
       524.414
       524.714
       525.046
       525.499
       525.989
       526.492
        527.09
       527.738
       528.438
       529.221
       530.065
       530.961
       531.464
       532.025
        532.58
       532.546
       532.501
       532.458
        532.64
       532.812
       533.068
       533.726
        534.37
       535.067
       535.858
       536.642
       537.415
       537.989
       538.498
       538.833
       538.983
       539.074
       538.968
       538.767
       538.558
       538.204
       537.786
       537.556
       537.425
       537.301
        537.15
       537.157
       537.121
       537.101
       537.163
       537.282
       537.362
       537.199
       536.938
       536.747
       536.492
       536.096
       535.238
       534.163
       533.497
       533.374
       535.474
       536.391
       536.183
       536.509
       535.833
       534.952
       533.785
       531.891
       529.903
        527.87
       526.064
       525.423
       525.259
       525.017
       524.723
       524.426
       524.143
       522.847
       521.284
       519.794
       518.496
       516.701
       514.865
       513.059
        511.57
       510.597
       509.708
       508.902
       507.823
       506.814
       505.173
       503.114
       501.123
       499.225
       497.439
       495.707
       494.028
       492.485
       491.027
       489.615
       488.251
       486.885
       485.588
       484.517
       512.849
       512.683
         483.9
       492.492
       492.492
       492.492
       492.492
       492.492
       492.492
       492.492
       492.491
       492.491
        492.49
       492.489
       492.488
       492.487
       492.486
       492.484
       492.482
        492.48
       492.478
       492.475
       492.472
       492.468
       492.464
        492.46
       492.455
       492.449
       492.443
       492.436
       492.428
       492.419
       492.409
       492.398
       492.386
       492.373
       492.358
       492.341
       492.323
       492.303
        492.28
       492.255
       492.228
       492.198
       492.165
       492.128
       492.088
       492.044
       491.996
       491.943
       491.885
       491.822
       491.753
       491.678
       491.597
       491.509
       491.414
       491.311
       491.201
       491.083
       490.957
       490.823
       490.681
       490.531
       490.374
       490.864
       491.357
       491.853
       492.142
       492.439
       492.749
       493.063
       493.397
        493.75
       494.004
       494.286
       494.599
       495.038
       495.514
           496
       496.584
       497.217
       497.902
        498.67
       499.499
       500.378
       500.823
       501.337
       501.862
       501.759
       501.649
       501.543
       501.682
       501.816
       502.043
       502.708
       503.361
       504.072
       504.888
       505.696
       506.494
       507.077
       507.595
       507.926
       508.063
       508.136
       507.997
       507.756
       507.506
       507.102
       506.632
       506.368
       506.214
       506.071
         505.9
       505.904
       505.871
       505.862
       505.947
         506.1
       506.218
       506.078
       505.836
       505.677
       505.454
       505.085
       504.225
       503.138
       502.499
       502.454
       504.815
        505.91
       505.798
       506.269
       505.665
       504.847
       503.726
       501.824
       499.828
       497.788
       495.999
       495.472
       495.463
       495.374
       495.229
        495.08
       494.945
       493.717
       492.198
       490.755
       489.515
       487.735
       485.906
       484.104
       482.638
       481.722
        480.89
       480.142
       479.094
       478.113
       476.445
       474.318
       472.255
       470.285
       468.426
       466.614
       464.849
       463.218
       461.668
       460.158
       458.688
       457.209
       455.797
       454.627
       485.211
        485.03
       453.936
       462.243
       462.243
       462.243
       462.243
       462.243
       462.243
       462.243
       462.242
       462.242
       462.241
        462.24
       462.239
       462.238
       462.237
       462.235
       462.234
       462.232
       462.229
       462.226
       462.223
        462.22
       462.216
       462.212
       462.207
       462.201
       462.195
       462.188
        462.18
       462.171
       462.161
        462.15
       462.138
       462.124
       462.109
       462.093
       462.074
       462.053
       462.031
       462.005
       461.977
       461.946
       461.912
       461.874
       461.832
       461.786
       461.736
        461.68
       461.619
       461.551
       461.477
       461.397
       461.309
       461.213
       461.108
       460.995
       460.873
       460.741
       460.599
       460.447
       460.285
       460.114
       459.932
       460.442
       460.955
       461.467
       461.755
        462.05
       462.356
       462.665
        462.99
       463.335
        463.57
       463.832
       464.124
       464.548
       465.008
       465.474
       466.042
       466.658
       467.325
       468.078
       468.889
       469.749
       470.136
       470.586
       471.063
       470.891
        470.71
       470.537
       470.633
       470.726
       470.925
       471.597
       472.261
       472.988
       473.827
       474.659
       475.483
       476.078
       476.604
       476.935
        477.06
       477.116
       476.945
       476.665
       476.376
       475.923
       475.403
       475.109
       474.935
       474.774
       474.586
       474.589
       474.566
       474.572
        474.68
       474.871
       475.027
        474.91
        474.69
       474.561
        474.37
       474.028
       473.166
       472.066
       471.453
       471.484
       474.106
       475.377
       475.361
       475.977
       475.445
       474.689
       473.612
       471.703
       469.698
       467.651
       465.879
       465.467
       465.615
       465.678
       465.683
       465.684
       465.699
        464.54
       463.067
       461.673
       460.493
       458.731
       456.912
       455.116
       453.677
       452.822
       452.052
       451.366
       450.352
       449.403
        447.71
       445.519
       443.388
       441.347
       439.415
       437.523
       435.669
       433.946
       432.297
       430.678
       429.091
       427.483
        425.94
       424.654
       457.498
       457.298
       423.859
       431.979
        431.98
        431.98
        431.98
        431.98
        431.98
        431.98
       431.979
       431.979
       431.978
       431.977
       431.976
       431.975
       431.974
       431.972
       431.971
       431.969
       431.966
       431.964
       431.961
       431.957
       431.953
       431.949
       431.944
       431.939
       431.932
       431.926
       431.918
       431.909
       431.899
       431.888
       431.876
       431.863
       431.848
       431.831
       431.812
       431.791
       431.768
       431.743
       431.714
       431.682
       431.647
       431.608
       431.565
       431.518
       431.465
       431.406
       431.342
       431.271
       431.192
       431.106
       431.011
       430.908
       430.795
       430.671
       430.537
       430.391
       430.233
       430.064
       429.882
       429.687
        429.48
        430.01
        430.54
       431.067
       431.353
       431.645
       431.945
       432.246
       432.563
       432.897
       433.111
       433.351
        433.62
       434.027
       434.468
       434.913
       435.463
        436.06
       436.708
       437.443
       438.237
       439.077
       439.406
       439.794
       440.209
        439.94
       439.678
       439.434
       439.484
       439.535
       439.703
       440.386
       441.068
       441.809
       442.671
       443.527
       444.376
       444.985
       445.523
       445.856
       445.969
        446.01
        445.81
       445.491
       445.164
       444.665
       444.098
       443.776
       443.585
        443.41
        443.21
       443.219
        443.21
       443.226
       443.357
       443.595
       443.792
       443.699
       443.499
       443.402
       443.242
       442.926
        442.06
       440.945
       440.357
       440.464
       443.346
       444.792
       444.869
       445.629
       445.168
       444.472
        443.44
       441.523
       439.508
       437.454
         435.7
       435.404
        435.71
       435.927
       436.083
       436.234
       436.402
       435.313
       433.887
       432.544
       431.428
       429.687
       427.881
       426.096
       424.687
       423.898
       423.195
       422.575
       421.599
       420.688
       418.975
       416.724
       414.529
       412.421
       410.418
       408.445
         406.5
        404.68
       402.923
       401.183
       399.463
       397.708
       396.011
       394.584
       429.698
       429.473
       393.644
       401.697
       401.697
       401.698
       401.698
       401.698
       401.698
       401.697
       401.697
       401.696
       401.696
       401.695
       401.694
       401.693
       401.692
        401.69
       401.689
       401.687
       401.685
       401.682
       401.679
       401.676
       401.672
       401.668
       401.663
       401.658
       401.652
       401.645
       401.637
       401.629
       401.619
       401.608
       401.596
       401.583
       401.568
       401.551
       401.533
       401.512
       401.489
       401.463
       401.434
       401.402
       401.366
       401.327
       401.282
       401.233
       401.179
       401.118
       401.051
       400.977
       400.894
       400.803
       400.703
       400.592
        400.47
       400.336
        400.19
       400.031
       399.858
        399.67
       399.467
        399.25
       399.017
       399.565
       400.111
       400.653
       400.935
       401.221
       401.515
       401.806
       402.112
       402.434
       402.626
       402.842
       403.086
       403.473
       403.895
       404.316
       404.846
       405.422
        406.05
       406.766
       407.543
       408.365
        408.64
       408.973
       409.332
       408.967
       408.623
       408.308
       408.309
       408.314
       408.444
        409.12
        409.79
       410.533
       411.414
       412.292
       413.166
       413.794
       414.345
       414.681
       414.785
       414.814
       414.586
       414.231
       413.868
       413.323
       412.712
       412.365
       412.161
       411.977
       411.769
       411.791
       411.809
       411.845
       412.011
       412.282
       412.516
       412.446
       412.265
       412.199
        412.07
       411.779
       410.907
       409.776
       409.211
       409.391
       412.531
       414.151
        414.32
       415.221
       414.829
       414.193
       413.206
       411.281
       409.257
       407.195
       405.459
        405.28
       405.744
       406.116
       406.423
       406.727
       407.048
       406.031
       404.656
       403.367
       402.317
       400.601
       398.812
       397.042
       395.668
        394.95
       394.318
       393.771
       392.839
        391.97
       390.244
       387.939
       385.685
       383.514
       381.444
       379.393
       377.356
       375.434
       373.561
       371.687
       369.815
       367.888
       366.008
       364.406
       401.794
       401.538
       363.261
       371.391
       371.391
       371.392
       371.392
       371.392
       371.392
       371.391
       371.391
       371.391
        371.39
       371.389
       371.388
       371.387
       371.386
       371.385
       371.383
       371.381
       371.379
       371.377
       371.374
       371.371
       371.367
       371.363
       371.358
       371.353
       371.347
       371.341
       371.333
       371.325
       371.315
       371.305
       371.293
        371.28
       371.265
       371.249
       371.231
        371.21
       371.187
       371.161
       371.133
         371.1
       371.065
       371.025
        370.98
        370.93
       370.874
       370.812
       370.743
       370.666
        370.58
       370.484
       370.379
       370.261
       370.132
       369.989
       369.831
       369.659
        369.47
       369.264
       369.041
         368.8
       368.541
       369.106
       369.668
       370.222
         370.5
       370.779
       371.064
       371.344
       371.637
       371.945
       372.113
       372.303
        372.52
       372.887
       373.286
       373.682
       374.189
       374.743
       375.349
       376.044
       376.803
       377.609
       377.836
       378.125
       378.442
       377.995
       377.576
       377.191
       377.142
       377.098
       377.183
       377.841
       378.491
       379.224
       380.104
       380.987
       381.876
       382.505
       383.066
       383.405
       383.499
       383.524
       383.271
        382.88
       382.481
       381.894
        381.24
       380.872
       380.661
       380.475
       380.269
       380.321
       380.371
       380.443
       380.633
       380.932
         381.2
       381.152
       380.991
       380.954
       380.854
       380.587
       379.708
       378.558
       378.012
       378.263
       381.659
       383.449
       383.707
       384.749
       384.424
       383.848
       382.904
       380.972
       378.938
        376.87
       375.152
       375.089
       375.713
        376.24
         376.7
       377.158
       377.635
       376.692
       375.368
       374.136
       373.157
       371.469
       369.701
       367.951
       366.619
       365.977
       365.423
       364.954
       364.074
       363.255
       361.523
       359.171
       356.867
        354.64
       352.509
       350.382
       348.254
       346.228
       344.231
       342.207
       340.161
       338.032
        335.93
       334.109
       373.765
        373.47
       332.676
       341.057
       341.057
       341.057
       341.057
       341.057
       341.057
       341.057
       341.056
       341.056
       341.056
       341.055
       341.054
       341.053
       341.052
       341.051
       341.049
       341.047
       341.045
       341.043
        341.04
       341.037
       341.034
        341.03
       341.025
        341.02
       341.015
       341.008
       341.001
       340.993
       340.984
       340.974
       340.963
        340.95
       340.936
        340.92
       340.902
       340.881
       340.859
       340.834
       340.805
       340.773
       340.738
       340.698
       340.653
       340.603
       340.546
       340.483
       340.413
       340.334
       340.245
       340.147
       340.036
       339.914
       339.777
       339.626
       339.458
       339.273
       339.069
       338.846
       338.602
       338.337
       338.051
       338.633
       339.209
       339.774
       340.046
       340.317
       340.591
       340.859
       341.137
        341.43
       341.571
       341.733
       341.922
       342.266
       342.641
       343.009
       343.492
       344.022
       344.603
       345.273
       346.012
       346.803
       346.987
       347.243
       347.531
       347.013
       346.526
       346.076
       345.982
       345.888
       345.927
       346.566
       347.197
       347.917
       348.791
       349.673
       350.563
       351.181
       351.734
       352.057
       352.133
        352.14
       351.865
       351.436
           351
       350.371
       349.676
       349.291
        349.08
         348.9
       348.713
       348.805
        348.89
       348.991
       349.207
       349.538
       349.842
       349.816
       349.675
       349.668
       349.597
       349.353
       348.463
        347.29
        346.76
       347.077
       350.726
       352.684
       353.028
       354.207
       353.949
       353.431
        352.53
        350.59
       348.548
       346.473
       344.772
       344.827
       345.611
       346.295
       346.909
       347.522
       348.156
       347.288
       346.019
       344.847
       343.943
       342.288
       340.547
       338.822
       337.537
       336.978
        336.51
       336.127
       335.306
       334.546
       332.817
       330.428
       328.083
       325.811
       323.627
       321.433
       319.217
       317.086
       314.958
       312.771
       310.527
       308.159
       305.787
       303.684
       345.584
       345.241
       301.846
       310.689
       310.689
       310.689
       310.689
       310.689
       310.689
       310.689
       310.689
       310.688
       310.688
       310.687
       310.687
       310.686
       310.685
       310.683
       310.682
        310.68
       310.678
       310.676
       310.673
       310.671
       310.667
       310.664
       310.659
       310.655
       310.649
       310.643
       310.636
       310.629
        310.62
       310.611
         310.6
       310.587
       310.574
       310.558
       310.541
       310.521
         310.5
       310.475
       310.447
       310.416
       310.381
       310.342
       310.298
       310.248
       310.192
       310.128
       310.057
       309.977
       309.887
       309.786
       309.673
       309.546
       309.404
       309.245
       309.068
       308.872
       308.654
       308.414
        308.15
       307.861
       307.547
       308.145
       308.734
       309.309
       309.573
       309.834
       310.095
       310.348
       310.611
       310.885
       310.998
       311.132
       311.291
       311.609
       311.958
       312.297
        312.75
       313.255
       313.813
       314.476
       315.212
       316.002
       316.149
       316.368
       316.625
       316.041
       315.495
       314.987
       314.848
       314.704
       314.696
       315.316
       315.923
       316.621
       317.481
       318.353
       319.238
       319.848
       320.395
       320.697
       320.735
       320.702
       320.374
       319.892
       319.418
       318.745
       318.009
       317.612
       317.411
       317.263
       317.114
       317.251
       317.372
       317.504
       317.739
         318.1
       318.441
       318.441
       318.322
       318.345
       318.302
       318.078
       317.175
       315.976
       315.456
       315.833
       319.731
       321.851
       322.277
       323.592
       323.398
       322.938
       322.081
       320.133
       318.082
       316.002
        314.32
       314.493
       315.436
       316.276
       317.044
       317.813
       318.605
       317.815
       316.603
       315.494
       314.669
       313.053
       311.344
       309.651
        308.42
       307.952
       307.576
       307.288
       306.537
       305.845
        304.13
       301.718
       299.346
       297.042
       294.818
       292.567
       290.273
       288.041
       285.779
       283.417
       280.948
         278.3
       275.598
       273.133
       317.217
        316.82
       270.731
       280.283
       280.283
       280.283
       280.284
       280.284
       280.283
       280.283
       280.283
       280.283
       280.282
       280.282
       280.281
        280.28
       280.279
       280.278
       280.277
       280.275
       280.273
       280.271
       280.269
       280.266
       280.263
        280.26
       280.256
       280.251
       280.246
       280.241
       280.234
       280.227
       280.219
        280.21
         280.2
       280.188
       280.175
        280.16
       280.144
       280.125
       280.104
       280.081
       280.054
       280.024
       279.991
       279.952
       279.909
        279.86
       279.805
       279.743
       279.672
       279.592
       279.502
         279.4
       279.285
       279.155
       279.009
       278.845
       278.661
       278.454
       278.224
       277.967
       277.683
       277.371
       277.029
       277.642
       278.242
       278.826
        279.08
       279.328
       279.576
       279.812
       280.056
        280.31
       280.393
       280.497
       280.625
       280.914
       281.237
       281.548
       281.991
       282.489
       283.048
       283.713
        284.45
        285.24
       285.352
        285.54
       285.767
       285.116
       284.505
       283.936
        283.75
       283.558
       283.504
       284.104
       284.687
        285.36
       286.202
       287.054
       287.926
       288.519
        289.05
       289.323
       289.317
       289.225
       288.821
       288.272
       287.745
       287.009
       286.222
       285.832
       285.682
       285.598
       285.494
       285.667
        285.82
       285.978
       286.228
       286.616
       286.994
       287.024
       286.931
       286.987
       286.973
       286.767
       285.849
       284.617
       284.102
       284.532
       288.671
       290.947
       291.448
       292.895
       292.763
       292.361
        291.55
       289.596
       287.539
       285.455
       283.793
       284.084
       285.186
        286.18
         287.1
       288.023
       288.974
       288.263
        287.11
        286.07
       285.329
       283.758
       282.088
       280.435
       279.265
       278.896
       278.622
       278.438
       277.765
       277.154
       275.467
       273.046
       270.664
       268.347
       266.102
       263.813
       261.456
       259.133
       256.741
       254.195
        251.48
       248.508
       245.405
       242.476
       288.624
       288.166
       239.297
       249.834
       249.835
       249.835
       249.835
       249.835
       249.835
       249.835
       249.835
       249.834
       249.834
       249.833
       249.833
       249.832
       249.831
        249.83
       249.829
       249.827
       249.826
       249.824
       249.822
       249.819
       249.816
       249.813
        249.81
       249.805
       249.801
       249.796
        249.79
       249.783
       249.776
       249.767
       249.758
       249.747
       249.735
       249.721
       249.706
       249.688
       249.669
       249.647
       249.621
       249.593
       249.561
       249.525
       249.483
       249.436
       249.383
       249.322
       249.254
       249.175
       249.086
       248.985
        248.87
       248.739
       248.591
       248.423
       248.233
       248.019
       247.777
       247.506
       247.204
       246.868
       246.498
       247.124
       247.734
       248.324
       248.566
         248.8
       249.031
       249.248
       249.473
       249.703
       249.752
       249.827
        249.93
       250.208
       250.524
       250.831
       251.272
       251.766
       252.321
       252.986
       253.722
       254.512
       254.592
       254.749
       254.948
       254.229
       253.555
       252.924
       252.694
       252.455
       252.356
       252.936
       253.491
       254.138
        254.96
       255.792
       256.644
       257.204
       257.699
       257.935
       257.884
       257.737
       257.265
       256.647
       256.051
       255.259
       254.441
       254.071
       253.972
       253.943
        253.89
       254.121
         254.3
       254.438
       254.673
       255.078
       255.494
       255.569
       255.511
       255.601
       255.615
       255.426
       254.487
       253.219
       252.699
       253.172
        257.54
       259.963
       260.532
       262.106
       262.034
        261.69
       260.927
       258.971
       256.912
       254.828
       253.187
       253.596
       254.854
       255.999
       257.068
       258.144
       259.254
       258.623
       257.533
       256.565
       255.916
       254.397
       252.774
       251.169
       250.069
       249.807
       249.643
       249.572
        248.99
       248.472
        246.83
       244.419
       242.049
       239.742
       237.501
         235.2
       232.805
       230.412
       227.903
       225.177
       222.199
       218.863
       215.283
       211.766
       259.763
       259.238
       207.543
       219.338
       219.339
       219.339
       219.339
       219.339
       219.339
       219.339
       219.339
       219.338
       219.338
       219.337
       219.337
       219.336
       219.335
       219.334
       219.333
       219.332
       219.331
       219.329
       219.327
       219.325
       219.322
       219.319
       219.316
       219.312
       219.308
       219.304
       219.298
       219.292
       219.285
       219.278
       219.269
       219.259
       219.248
       219.236
       219.222
       219.206
       219.188
       219.167
       219.144
       219.118
       219.088
       219.054
       219.015
       218.971
       218.921
       218.863
       218.797
       218.721
       218.635
       218.536
       218.423
       218.293
       218.145
       217.976
       217.784
       217.564
       217.315
       217.032
       216.713
       216.354
       215.955
       216.594
       217.211
       217.804
       218.031
       218.249
       218.459
       218.654
       218.862
        219.08
       219.119
       219.184
       219.278
       219.554
       219.864
       220.163
       220.597
       221.083
        221.63
       222.289
       223.021
        223.81
       223.859
       223.988
        224.16
       223.377
       222.642
       221.954
       221.684
       221.401
       221.258
       221.816
       222.341
        222.96
       223.759
       224.564
       225.387
       225.898
       226.348
       226.539
       226.438
       226.236
       225.698
       225.015
       224.361
       223.525
       222.708
       222.386
       222.363
       222.406
         222.4
       222.659
       222.827
       222.937
       223.151
       223.563
       224.016
       224.112
        224.07
       224.191
       224.233
       224.061
       223.101
       221.789
       221.255
       221.756
       226.338
       228.893
       229.516
       231.209
       231.194
        230.91
       230.202
       228.252
         226.2
       224.121
       222.504
        223.03
        224.44
       225.729
       226.939
       228.161
        229.43
       228.879
       227.856
       226.967
       226.419
       224.961
       223.396
       221.848
       220.828
       220.682
       220.636
       220.688
       220.206
       219.797
       218.217
        215.84
       213.508
       211.242
        209.04
       206.761
       204.363
       201.936
        199.34
       196.453
       193.215
       189.489
       185.357
       181.112
        230.59
       229.996
       175.531
        188.79
        188.79
        188.79
        188.79
        188.79
        188.79
        188.79
        188.79
        188.79
        188.79
       188.789
       188.789
       188.788
       188.787
       188.787
       188.786
       188.785
       188.783
       188.782
        188.78
       188.778
       188.776
       188.773
        188.77
       188.767
       188.764
       188.759
       188.755
       188.749
       188.743
       188.737
       188.729
        188.72
        188.71
       188.699
       188.687
       188.672
       188.656
       188.638
       188.617
       188.593
       188.566
       188.535
         188.5
        188.46
       188.413
       188.359
       188.298
       188.226
       188.144
        188.05
       187.941
       187.815
        187.67
       187.503
       187.312
       187.091
       186.837
       186.546
       186.213
       185.833
       185.404
       186.054
       186.675
       187.263
       187.474
       187.677
       187.877
       188.073
       188.283
       188.509
       188.542
       188.599
       188.683
       188.953
       189.256
        189.54
       189.962
       190.434
       190.966
       191.613
       192.338
       193.124
       193.139
       193.243
       193.395
       192.553
       191.765
       191.028
       190.725
       190.403
       190.218
       190.753
       191.246
       191.833
       192.601
       193.373
       194.159
       194.619
       195.016
       195.146
       194.972
       194.712
       194.115
       193.373
        192.68
       191.854
       191.062
       190.788
       190.839
       190.956
       190.976
       191.244
       191.415
       191.501
       191.685
       192.085
       192.539
       192.628
       192.607
       192.762
       192.835
       192.682
         191.7
       190.341
       189.783
       190.293
       195.064
       197.727
       198.386
       200.187
       200.223
       200.003
       199.359
        197.43
       195.403
       193.343
       191.757
       192.398
        193.95
       195.369
       196.706
       198.066
       199.486
       199.015
        198.06
        197.26
       196.825
       195.441
       193.948
       192.471
        191.54
       191.517
       191.595
       191.777
       191.406
       191.121
       189.623
       187.307
       185.047
        182.86
       180.738
       178.529
        176.18
        173.77
        171.14
        168.14
       164.675
       160.559
       155.825
       150.714
       201.074
       200.413
       143.445
       158.184
       158.185
       158.185
       158.185
       158.185
       158.185
       158.185
       158.185
       158.185
       158.184
       158.184
       158.183
       158.183
       158.182
       158.182
       158.181
        158.18
       158.179
       158.178
       158.176
       158.174
       158.173
        158.17
       158.168
       158.165
       158.162
       158.158
       158.154
        158.15
       158.145
       158.139
       158.132
       158.125
       158.116
       158.107
       158.096
       158.084
        158.07
       158.054
       158.036
       158.015
       157.991
       157.964
       157.933
       157.897
       157.855
       157.807
       157.751
       157.686
        157.61
       157.522
       157.419
         157.3
       157.162
       157.001
       156.814
       156.598
       156.345
        156.05
       155.708
       155.311
        154.85
       155.508
       156.132
       156.731
       156.939
       157.144
       157.351
        157.55
       157.764
       157.994
       158.021
        158.07
       158.143
       158.405
       158.694
        158.96
       159.363
       159.813
       160.322
       160.949
       161.658
       162.436
       162.418
         162.5
        162.64
       161.751
       160.924
       160.151
       159.824
        159.47
       159.245
       159.757
       160.216
       160.762
       161.491
       162.218
       162.959
        163.36
       163.699
       163.763
       163.517
       163.199
       162.549
       161.798
       161.131
       160.335
       159.562
       159.286
        159.31
       159.419
       159.471
        159.81
       160.025
       160.105
       160.268
       160.629
       161.054
        161.13
       161.119
       161.321
       161.429
       161.299
       160.301
       158.897
       158.303
       158.795
       163.717
       166.456
       167.121
       169.015
       169.096
       168.944
       168.379
       166.494
       164.518
       162.506
       160.965
       161.716
       163.394
       164.921
       166.365
       167.843
       169.405
       169.009
       168.128
       167.426
       167.119
       165.828
       164.424
       163.033
       162.202
       162.308
       162.513
       162.828
       162.576
       162.429
       161.037
       158.813
       156.666
       154.605
       152.617
       150.536
       148.301
       145.982
         143.4
       140.372
       136.761
       132.318
       126.986
       120.904
       171.214
        170.49
       111.693
       127.517
       127.517
       127.517
       127.517
       127.517
       127.517
       127.517
       127.517
       127.517
       127.517
       127.517
       127.516
       127.516
       127.515
       127.515
       127.514
       127.513
       127.512
       127.511
        127.51
       127.509
       127.507
       127.506
       127.504
       127.501
       127.499
       127.496
       127.493
       127.489
       127.485
        127.48
       127.474
       127.468
       127.461
       127.453
       127.445
       127.434
       127.423
        127.41
       127.395
       127.377
       127.358
       127.335
       127.309
       127.278
       127.243
       127.201
       127.153
       127.095
       127.027
       126.948
       126.854
       126.744
       126.616
       126.466
       126.289
       126.083
       125.839
       125.547
       125.205
       124.801
       124.332
       125.014
       125.657
       126.269
       126.474
       126.677
       126.885
       127.084
       127.299
       127.531
       127.552
       127.593
       127.655
       127.907
       128.181
       128.422
       128.798
       129.216
       129.689
       130.284
       130.967
       131.729
       131.676
       131.741
       131.881
       130.962
       130.116
       129.327
       128.994
       128.617
       128.359
       128.845
       129.262
       129.757
       130.432
         131.1
       131.781
       132.113
       132.392
       132.394
       132.088
       131.737
        131.09
       130.359
       129.744
       128.971
         128.2
       127.901
       127.885
       127.947
       127.982
       128.347
       128.572
       128.669
       128.826
       129.182
       129.597
       129.659
       129.649
       129.882
       130.026
       129.926
       128.925
       127.488
       126.851
        127.29
         132.3
       135.061
       135.692
       137.652
       137.769
       137.696
       137.237
       135.434
       133.554
        131.63
       130.159
       131.014
       132.789
       134.389
       135.902
       137.467
       139.152
       138.829
       138.031
       137.443
       137.285
       136.111
       134.822
       133.539
        132.82
       133.056
       133.383
       133.825
       133.693
       133.696
       132.436
       130.344
        128.36
       126.484
       124.692
       122.809
       120.768
       118.636
       116.215
       113.295
       109.694
        105.08
       99.2706
       92.2135
       141.066
       140.288
       81.0472
       96.7822
       96.7824
       96.7826
       96.7827
       96.7828
       96.7828
       96.7828
       96.7827
       96.7826
       96.7825
       96.7823
        96.782
       96.7817
       96.7813
       96.7809
       96.7804
       96.7798
       96.7791
       96.7783
       96.7774
       96.7764
       96.7752
       96.7739
       96.7724
       96.7706
       96.7687
       96.7665
        96.764
       96.7611
       96.7579
       96.7543
       96.7501
       96.7455
       96.7402
       96.7341
       96.7273
       96.7195
       96.7106
       96.7005
       96.6888
       96.6755
       96.6602
       96.6425
       96.6219
       96.5979
       96.5697
       96.5363
       96.4964
       96.4485
       96.3909
       96.3222
       96.2401
       96.1424
       96.0284
       95.8937
       95.7309
       95.5449
       95.3249
       95.0676
       94.7628
       94.3894
       93.9292
       94.6286
       95.2717
       95.8806
       96.0724
       96.2665
       96.4689
       96.6653
       96.8799
       97.1142
        97.132
       97.1688
       97.2211
       97.4619
       97.7154
       97.9264
        98.267
       98.6418
       99.0661
       99.6101
       100.247
        100.98
       100.887
       100.939
       101.093
       100.172
       99.3403
       98.5663
       98.2497
       97.8664
       97.5812
       98.0383
       98.4015
       98.8286
       99.4299
       100.017
       100.616
        100.86
       101.075
       101.027
       100.706
       100.388
       99.7902
       99.1216
        98.562
       97.8272
       97.0676
       96.7627
       96.7098
       96.7218
       96.7176
       97.0391
       97.2157
       97.2715
       97.4101
       97.7644
       98.1742
        98.215
       98.1962
       98.4423
       98.6233
        98.571
       97.6019
       96.1701
       95.5045
       95.8392
        100.82
       103.516
       104.051
       106.036
       106.177
       106.196
       105.884
       104.229
       102.525
        100.76
       99.4015
       100.348
       102.172
       103.785
       105.305
       106.902
       108.678
       108.426
       107.728
       107.278
       107.295
       106.275
       105.144
       104.003
       103.413
       103.771
       104.198
       104.747
       104.723
       104.881
       103.783
       101.876
       100.119
       98.4956
       96.9711
       95.3638
       93.6085
       91.7758
       89.6616
       87.0424
       83.6996
       79.2231
        73.263
       65.4589
       110.789
       109.982
       52.8616
        65.976
       65.9762
       65.9764
       65.9765
       65.9766
       65.9766
       65.9766
       65.9765
       65.9764
       65.9763
       65.9762
        65.976
       65.9758
       65.9756
       65.9753
       65.9749
       65.9745
       65.9741
       65.9735
       65.9729
       65.9722
       65.9715
       65.9706
       65.9695
       65.9684
       65.9671
       65.9656
       65.9639
        65.962
       65.9598
       65.9573
       65.9545
       65.9514
       65.9478
       65.9437
        65.939
       65.9338
       65.9277
       65.9208
       65.9129
       65.9038
       65.8933
       65.8812
        65.867
       65.8503
       65.8306
       65.8067
       65.7776
       65.7411
       65.6951
       65.6396
       65.5717
       65.4863
       65.3918
       65.2821
       65.1607
       65.0264
       64.8688
       64.6778
        64.437
       64.1185
       63.6793
       64.3699
       64.9781
       65.5544
       65.7212
       65.9024
        66.097
       66.2874
       66.4982
       66.7331
        66.754
       66.7947
       66.8436
       67.0727
       67.3043
       67.4822
       67.7795
       68.0978
        68.453
       68.9186
       69.4768
       70.1508
       70.0142
       70.0553
       70.2364
       69.3601
       68.5999
       67.8903
       67.6214
       67.2558
       66.9555
       67.3696
       67.6598
       67.9949
       68.4923
       68.9684
       69.4579
       69.6081
        69.764
       69.7043
       69.4065
       69.1407
       68.6133
       68.0291
       67.5584
       66.9023
       66.1963
       65.9117
        65.838
       65.7985
       65.7509
       66.0001
       66.1092
        66.109
       66.1966
       66.5001
       66.8538
       66.8461
       66.7849
       67.0115
       67.2019
        67.215
       66.3566
       65.0383
       64.4128
       64.5881
       69.2949
       71.7764
       72.1402
       74.0717
       74.2203
       74.3466
        74.238
       72.8433
       71.4512
       69.9784
       68.8159
       69.8252
       71.6088
        73.139
       74.5696
        76.101
       77.8946
       77.7253
       77.1707
       76.8926
       77.1118
       76.3024
        75.399
       74.4631
        74.025
       74.4769
       74.9581
       75.5617
       75.6134
       75.9131
       75.0166
       73.3751
       71.9342
       70.6423
       69.4582
       68.2046
       66.8277
        65.412
       63.7687
       61.6895
       58.9584
       55.1278
       49.6937
       41.8548
       80.7119
       79.9427
       29.3651
       35.0932
       35.0934
       35.0935
       35.0936
       35.0936
       35.0936
       35.0936
       35.0936
       35.0935
       35.0935
       35.0934
       35.0933
       35.0932
       35.0931
       35.0929
       35.0928
       35.0926
       35.0923
       35.0921
       35.0918
       35.0914
        35.091
       35.0906
       35.0901
       35.0895
       35.0888
       35.0881
       35.0872
       35.0862
       35.0851
       35.0839
       35.0825
       35.0809
       35.0791
        35.077
       35.0747
        35.072
        35.069
       35.0655
       35.0615
       35.0568
       35.0515
       35.0453
       35.0381
       35.0295
       35.0192
       35.0066
       34.9904
       34.9681
       34.9333
       34.8943
        34.847
       34.7971
       34.7471
       34.6924
       34.6312
       34.5616
       34.4786
       34.3736
       34.2322
       34.0217
       33.6633
       34.2729
       34.7757
       35.2637
       35.4045
       35.5742
       35.7593
       35.9404
       36.1396
       36.3678
       36.4107
       36.4755
        36.538
       36.7511
       36.9562
       37.1038
       37.3481
       37.5975
       37.8635
        38.211
       38.6296
       39.1738
       39.0098
        39.034
        39.222
       38.4897
       37.9002
       37.3371
       37.1477
        36.842
       36.5598
       36.8839
       37.0673
       37.2795
       37.6282
       37.9557
        38.316
       38.3844
        38.478
       38.4133
       38.1646
       37.9705
       37.5549
       37.0989
        36.748
       36.2235
       35.6348
       35.3893
       35.2919
       35.2033
       35.0686
       35.2129
       35.2405
       35.1759
       35.1913
        35.396
       35.6528
       35.6031
       35.5123
       35.6786
       35.8518
       35.9374
       35.3119
       34.3158
       33.8759
       33.8977
       37.7373
       39.7308
       39.9045
       41.5881
        41.754
       42.0008
        42.142
       41.2123
       40.3574
       39.4198
       38.6486
        39.634
       41.1895
       42.4931
       43.7024
       45.0049
       46.6277
       46.6052
       46.3035
       46.2507
       46.6529
        46.158
        45.605
       44.9956
       44.7554
       45.2244
       45.6659
       46.2169
       46.2918
       46.6571
       46.0287
       44.8108
       43.8115
        42.936
        42.152
       41.3186
       40.4056
       39.5092
       38.4866
       37.1975
       35.4974
       33.0313
       29.3151
       23.1817
       51.4359
       50.8727
       14.0316
       4.12894
       4.12894
       4.12894
       4.12894
       4.12894
       4.12894
       4.12894
       4.12894
       4.12894
       4.12894
       4.12894
       4.12894
       4.12894
       4.12894
       4.12894
       4.12894
       4.12894
       4.12894
       4.12894
       4.12894
       4.12894
       4.12894
       4.12894
       4.12894
       4.12894
       4.12894
       4.12894
       4.12894
       4.12894
       4.12894
       4.12894
       4.12894
       4.12894
       4.12894
       4.12894
       4.12894
       4.12894
       4.12894
       4.12894
       4.12894
       4.12894
       4.12894
       4.12894
       4.12894
       4.12894
       4.12894
       4.12894
       4.12894
       4.12894
       4.12894
       4.12894
       4.12894
       4.12894
       4.12894
       4.12894
       4.12894
       4.12894
       4.12894
       4.12894
       4.12894
       4.12894
       4.12894
       4.38938
       4.65217
       4.91483
       5.09289
       5.27095
       5.44899
       5.62301
       5.79702
        5.9705
       6.09482
       6.21914
       6.34394
       6.50535
       6.66674
       6.81596
       6.98678
        7.1576
       7.32866
        7.5103
       7.69194
       7.86804
       7.85009
       7.83215
       7.80645
       7.54021
       7.27397
       7.01225
       6.84764
       6.68302
       6.55756
       6.60426
       6.65095
       6.72456
       6.84162
       6.95867
       7.07572
       7.11505
       7.13411
       7.08634
       6.96596
       6.82344
         6.604
        6.3506
       6.10157
       5.80242
       5.48754
       5.26076
       5.08443
       4.92104
       4.75765
       4.67235
        4.5812
       4.49004
       4.43874
       4.44982
       4.48411
        4.4563
       4.42849
       4.47324
       4.53558
       4.58441
       4.48561
       4.34171
       4.41648
       4.76738
       6.10361
       6.99661
       7.47206
       8.22954
       8.61679
       8.96596
       9.23857
       9.24489
       9.25121
       9.27635
        9.4336
       10.1124
       11.0144
       11.8966
       12.7601
       13.6169
       14.4661
       14.8686
       15.1326
       15.3966
       15.7067
       15.7708
       15.7761
       15.7545
       15.8291
       16.0847
       16.3403
        16.596
       16.7021
       16.8034
       16.6056
       16.2004
       15.7952
       15.4034
       15.0347
       14.6661
       14.2992
       13.9686
       13.6536
       13.3377
       13.0193
       12.6756
        12.332
       12.0503
            24
            24
       12.0156
