       905.713
        905.71
       905.709
       905.709
       905.709
        905.71
       905.711
       905.711
       905.712
       905.714
       905.715
       905.717
       905.718
        905.72
       905.722
       905.724
       905.727
       905.729
       905.732
       905.735
       905.738
       905.741
       905.745
       905.748
       905.752
       905.756
        905.76
       905.765
       905.769
       905.774
       905.779
       905.785
        905.79
       905.796
       905.802
       905.809
       905.815
       905.822
        905.83
       905.837
       905.845
       905.854
       905.862
       905.872
       905.881
       905.892
       905.903
       905.914
       905.927
       905.941
       905.956
       905.972
        905.99
        906.01
       906.032
       906.057
       906.086
       906.118
       906.155
       906.197
       906.246
       906.303
        906.37
       906.447
       906.538
       906.645
       906.771
       906.918
        907.09
       907.291
       907.526
         907.8
       908.122
       908.492
       908.856
       909.205
       909.538
       909.854
       910.151
       910.431
       910.694
        910.94
       911.172
       911.389
       911.593
       911.785
       911.965
       912.134
       912.292
        912.44
       912.578
       912.707
       912.828
       912.942
       913.048
       913.146
       913.235
       913.316
       913.391
       913.461
       913.529
       913.593
       913.649
       913.696
       913.737
       913.773
       913.805
       913.835
       913.856
       913.868
       913.862
       913.839
       913.801
       913.728
       913.604
       913.429
       913.204
       912.929
       912.605
        912.23
       911.802
        911.32
       910.783
        910.19
       909.539
       908.831
       908.062
       907.234
       906.345
       905.392
       904.378
       903.322
       902.232
       901.109
       899.956
       898.774
       897.562
       896.319
       895.047
       893.745
       892.416
       891.072
       889.739
       888.435
       887.164
       885.932
       884.744
       883.604
       882.526
       881.514
       880.563
        879.67
        878.83
       878.042
       877.302
       876.609
       875.961
       875.356
       874.793
       874.268
       873.781
        873.33
       872.915
       872.534
       872.187
       871.873
       871.593
       871.344
       871.127
       870.944
       870.793
       870.677
         870.6
       870.572
       875.709
       875.709
       875.708
       875.708
       875.709
       875.709
        875.71
       875.711
       875.712
       875.713
       875.714
       875.716
       875.717
       875.719
       875.721
       875.724
       875.726
       875.728
       875.731
       875.734
       875.737
        875.74
       875.744
       875.747
       875.751
       875.755
       875.759
       875.764
       875.768
       875.773
       875.778
       875.784
       875.789
       875.795
       875.801
       875.808
       875.814
       875.821
       875.829
       875.836
       875.844
       875.852
       875.861
        875.87
        875.88
        875.89
       875.901
       875.913
       875.926
       875.939
       875.954
        875.97
       875.988
       876.007
       876.029
       876.054
       876.082
       876.114
        876.15
       876.192
        876.24
       876.296
       876.373
       876.462
       876.563
       876.676
       876.808
       876.961
       877.139
       877.344
       877.582
       877.856
       878.175
       878.534
        878.91
       879.271
       879.609
        879.93
       880.232
       880.517
       880.784
       881.036
       881.272
       881.485
       881.685
       881.872
       882.036
        882.19
       882.333
        882.47
       882.596
       882.716
       882.835
       882.947
       883.052
       883.152
       883.242
       883.324
       883.396
       883.464
       883.503
       883.524
       883.528
       883.493
        883.45
       883.404
       883.353
       883.297
       883.272
       883.254
       883.218
       883.166
       883.139
        883.08
       882.971
       882.814
       882.609
       882.369
       882.077
       881.734
       881.342
       880.886
        880.37
        879.77
       879.108
       878.469
       877.844
       877.567
       877.044
       876.284
       875.307
       874.273
       873.202
       872.094
       870.944
       869.764
       868.554
       867.319
       866.078
       864.817
       863.519
       862.201
       860.895
       859.617
       858.352
        857.12
       855.931
       854.811
       853.746
       852.743
         851.8
       850.919
        850.09
       849.313
       848.584
       847.896
       847.252
       846.619
       846.019
       845.457
       844.934
       844.448
       843.998
       843.582
       843.214
       842.886
        842.59
       842.327
       842.084
       841.875
       841.701
       843.657
        843.58
       841.477
       845.744
       845.744
       845.744
       845.744
       845.745
       845.745
       845.746
       845.747
       845.748
       845.749
        845.75
       845.752
       845.754
       845.756
       845.758
        845.76
       845.762
       845.765
       845.767
        845.77
       845.773
       845.776
        845.78
       845.783
       845.787
       845.791
       845.795
         845.8
       845.805
       845.809
       845.814
        845.82
       845.825
       845.831
       845.837
       845.844
        845.85
       845.857
       845.864
       845.872
       845.879
       845.888
       845.896
       845.905
       845.915
       845.925
       845.936
       845.947
       845.959
       845.972
       845.987
       846.002
        846.02
       846.039
        846.06
       846.083
        846.11
       846.141
       846.176
       846.216
       846.262
       846.315
       846.401
       846.497
       846.606
       846.723
       846.857
       847.012
        847.19
       847.394
       847.628
       847.892
       848.192
       848.532
       848.902
       849.281
        849.63
       849.961
       850.271
       850.564
       850.839
       851.097
        851.34
       851.551
       851.749
       851.933
       852.085
       852.225
       852.354
       852.482
         852.6
       852.711
        852.83
       852.942
       853.048
       853.149
       853.241
       853.326
       853.397
       853.463
       853.474
       853.453
       853.405
       853.289
       853.162
       853.035
       852.901
       852.761
       852.688
        852.64
       852.575
       852.495
       852.478
       852.436
       852.343
       852.204
        852.02
       851.817
       851.558
       851.248
       850.892
       850.463
       849.968
       849.361
        848.69
        848.12
        847.64
       847.914
       847.758
       847.191
       846.251
       845.239
       844.186
       843.091
       841.942
       840.762
       839.551
       838.322
       837.108
       835.882
       834.612
       833.317
       832.036
       830.781
        829.52
       828.285
       827.096
       825.994
        824.94
       823.947
       823.012
       822.141
       821.323
       820.555
       819.836
       819.151
       818.511
        817.85
       817.212
       816.613
       816.053
       815.531
       815.045
       814.593
       814.203
        813.86
       813.548
       813.268
       812.999
       812.762
       812.564
       816.597
       816.519
       812.334
       815.812
       815.812
       815.813
       815.813
       815.813
       815.814
       815.815
       815.816
       815.817
       815.818
       815.819
       815.821
       815.823
       815.824
       815.826
       815.829
       815.831
       815.833
       815.836
       815.839
       815.842
       815.845
       815.849
       815.852
       815.856
        815.86
       815.864
       815.868
       815.873
       815.878
       815.883
       815.888
       815.894
       815.899
       815.905
       815.912
       815.918
       815.925
       815.932
       815.939
       815.947
       815.955
       815.963
       815.972
       815.981
       815.991
       816.001
       816.012
       816.024
       816.037
        816.05
       816.065
       816.081
       816.099
       816.119
       816.141
       816.166
       816.194
       816.227
       816.263
       816.306
       816.355
       816.447
        816.55
       816.664
       816.781
       816.915
       817.068
       817.242
       817.441
       817.667
       817.916
       818.197
       818.511
       818.862
       819.237
         819.6
       819.944
       820.267
        820.57
       820.856
       821.125
       821.376
       821.587
       821.785
       821.969
       822.109
       822.238
       822.356
       822.477
       822.587
       822.692
       822.813
       822.925
       823.033
       823.138
       823.233
       823.321
       823.392
       823.457
       823.441
       823.379
       823.281
       823.083
       822.873
       822.666
        822.45
       822.226
       822.106
       822.028
       821.934
       821.826
        821.82
       821.795
        821.72
         821.6
       821.438
       821.272
       821.047
       820.772
       820.453
       820.051
       819.577
       818.964
       818.282
       817.783
       817.448
       818.273
       818.485
       818.111
       817.209
       816.216
       815.179
       814.097
       812.946
       811.764
       810.552
       809.324
       808.133
        806.94
       805.695
       804.421
       803.163
        801.93
       800.671
       799.433
       798.241
       797.156
       796.113
       795.127
       794.199
       793.338
       792.529
       791.771
       791.061
       790.379
        789.74
       789.051
       788.374
       787.737
       787.139
       786.581
       786.057
       785.569
       785.156
       784.795
       784.467
       784.169
       783.872
       783.606
       783.382
       789.497
       789.418
       783.146
       785.909
       785.909
        785.91
        785.91
       785.911
       785.911
       785.912
       785.913
       785.914
       785.915
       785.917
       785.918
        785.92
       785.922
       785.924
       785.926
       785.928
       785.931
       785.933
       785.936
       785.939
       785.942
       785.946
       785.949
       785.953
       785.957
       785.961
       785.965
        785.97
       785.975
        785.98
       785.985
        785.99
       785.996
       786.002
       786.008
       786.014
       786.021
       786.028
       786.035
       786.042
        786.05
       786.058
       786.066
       786.075
       786.085
       786.094
       786.105
       786.116
       786.127
        786.14
       786.154
       786.168
       786.185
       786.203
       786.223
       786.245
       786.271
       786.299
       786.332
        786.37
       786.413
       786.511
       786.617
       786.735
        786.85
       786.981
        787.13
       787.298
       787.488
       787.703
       787.935
       788.196
       788.485
        788.81
       789.165
       789.519
       789.881
        790.22
       790.536
       790.835
       791.116
       791.379
       791.593
       791.793
       791.979
       792.109
       792.228
       792.337
       792.452
       792.556
       792.657
        792.78
       792.895
       793.006
       793.115
       793.215
       793.307
        793.38
       793.446
       793.403
       793.301
       793.153
       792.874
       792.583
       792.296
       791.999
       791.693
       791.525
       791.417
       791.295
        791.16
       791.164
       791.158
       791.102
       791.002
       790.864
       790.736
       790.546
       790.304
       790.022
       789.648
       789.195
       788.576
       787.885
       787.456
       787.265
       788.642
        789.22
       789.041
       788.177
       787.202
        786.18
       785.108
       783.955
       782.769
       781.551
       780.323
       779.153
       777.989
       776.769
       775.516
       774.278
       773.066
       771.807
       770.564
       769.368
       768.299
       767.265
       766.287
       765.364
       764.513
       763.713
       762.963
       762.262
       761.581
       760.944
       760.224
       759.509
       758.832
       758.195
       757.599
       757.037
        756.51
       756.073
       755.694
       755.347
        755.03
       754.702
       754.407
       754.155
       762.359
        762.28
       753.913
       756.031
       756.031
       756.031
       756.032
       756.032
       756.033
       756.034
       756.035
       756.036
       756.037
       756.039
        756.04
       756.042
       756.044
       756.046
       756.048
        756.05
       756.052
       756.055
       756.058
       756.061
       756.064
       756.067
       756.071
       756.074
       756.078
       756.082
       756.086
       756.091
       756.096
         756.1
       756.106
       756.111
       756.116
       756.122
       756.128
       756.134
       756.141
       756.147
       756.154
       756.161
       756.169
       756.177
       756.185
       756.193
       756.202
       756.211
        756.22
        756.23
       756.241
       756.252
       756.265
       756.278
       756.292
       756.308
       756.325
       756.344
       756.366
       756.391
       756.418
        756.45
       756.487
       756.588
       756.697
       756.816
       756.928
       757.054
       757.196
       757.356
       757.536
       757.738
       757.952
       758.192
       758.458
       758.758
       759.086
       759.416
        759.77
       760.127
       760.461
       760.775
       761.071
       761.348
       761.566
        761.77
       761.959
       762.082
       762.193
       762.294
       762.405
       762.504
       762.603
        762.73
       762.849
       762.964
        763.08
       763.186
       763.284
       763.359
       763.426
       763.359
       763.217
       763.021
       762.662
       762.291
       761.926
       761.548
        761.16
       760.945
       760.808
       760.659
       760.495
        760.51
       760.525
       760.489
       760.411
       760.297
       760.207
       760.052
       759.845
       759.601
       759.254
       758.822
       758.197
       757.495
       757.136
        757.09
       759.017
       759.962
       759.977
        759.15
       758.193
       757.185
       756.122
       754.965
       753.772
       752.548
       751.317
       750.167
       749.032
       747.836
         746.6
        745.38
       744.186
       742.927
       741.678
       740.477
       739.424
       738.399
       737.427
        736.51
       735.668
       734.875
       734.133
        733.44
        732.76
       732.124
       731.374
       730.618
         729.9
       729.224
       728.588
       727.986
       727.419
       726.955
       726.556
       726.189
        725.85
       725.491
       725.164
       724.884
       735.182
       735.102
       724.633
       726.173
       726.174
       726.174
       726.174
       726.175
       726.176
       726.177
       726.178
       726.179
        726.18
       726.181
       726.183
       726.184
       726.186
       726.188
        726.19
       726.192
       726.195
       726.197
         726.2
       726.203
       726.206
       726.209
       726.213
       726.216
        726.22
       726.224
       726.228
       726.233
       726.237
       726.242
       726.247
       726.252
       726.257
       726.263
       726.269
       726.275
       726.281
       726.287
       726.294
       726.301
       726.308
       726.315
       726.323
        726.33
       726.338
       726.347
       726.355
       726.364
       726.374
       726.384
       726.394
       726.405
       726.417
        726.43
       726.445
        726.46
       726.478
       726.497
       726.519
       726.544
       726.573
       726.677
       726.787
       726.906
       727.014
       727.133
       727.268
       727.418
       727.586
       727.774
        727.97
       728.189
       728.432
       728.709
       729.011
       729.309
       729.639
       729.989
       730.342
       730.675
       730.988
       731.281
       731.505
       731.715
        731.91
       732.027
       732.132
       732.226
       732.334
       732.431
       732.527
        732.66
       732.784
       732.906
       733.028
       733.142
       733.247
       733.327
       733.397
       733.306
       733.126
       732.882
       732.446
       731.996
       731.553
       731.095
       730.627
       730.365
       730.201
       730.024
       729.835
        729.86
       729.897
       729.883
       729.828
       729.738
       729.687
       729.568
       729.395
       729.187
       728.868
       728.457
       727.826
       727.112
       726.823
        726.92
       729.396
       730.708
       730.916
       730.125
       729.185
        728.19
       727.135
       725.972
       724.771
       723.539
       722.304
       721.171
       720.064
        718.89
       717.671
       716.468
       715.292
       714.031
       712.776
       711.569
       710.532
       709.516
        708.55
       707.638
       706.804
        706.02
       705.285
       704.599
        703.92
       703.284
       702.501
       701.704
       700.945
       700.227
        699.55
       698.907
       698.297
       697.805
       697.383
       696.993
       696.631
       696.238
       695.876
       695.567
       707.965
       707.884
       695.307
       696.333
       696.334
       696.334
       696.334
       696.335
       696.336
       696.336
       696.337
       696.338
        696.34
       696.341
       696.343
       696.344
       696.346
       696.348
        696.35
       696.352
       696.354
       696.357
        696.36
       696.362
       696.365
       696.369
       696.372
       696.376
       696.379
       696.383
       696.387
       696.391
       696.396
       696.401
       696.405
        696.41
       696.416
       696.421
       696.426
       696.432
       696.438
       696.444
       696.451
       696.457
       696.464
        696.47
       696.477
       696.484
       696.492
       696.499
       696.507
       696.514
       696.522
       696.531
       696.539
       696.548
       696.558
       696.567
       696.578
        696.59
       696.602
       696.616
       696.632
        696.65
        696.67
       696.775
       696.886
       697.004
       697.106
       697.218
       697.344
       697.483
       697.639
       697.813
        697.99
       698.189
       698.409
       698.663
       698.941
       699.208
       699.507
       699.833
        700.18
       700.533
       700.865
       701.176
       701.409
       701.626
       701.828
       701.941
       702.041
        702.13
       702.237
       702.332
       702.428
       702.568
       702.698
       702.827
       702.959
       703.081
       703.196
       703.281
       703.356
       703.242
       703.026
       702.736
       702.223
       701.695
       701.177
       700.641
       700.092
       699.786
       699.595
       699.393
       699.178
       699.217
       699.275
       699.282
       699.251
       699.186
       699.174
       699.091
       698.953
       698.782
       698.489
       698.099
       697.459
       696.734
       696.513
       696.752
       699.777
       701.454
       701.856
         701.1
       700.175
       699.192
       698.144
       696.973
       695.764
       694.522
       693.281
       692.164
       691.085
       689.933
        688.73
       687.543
       686.383
        685.12
       683.858
       682.646
       681.624
       680.616
       679.657
        678.75
       677.925
       677.148
        676.42
       675.741
       675.062
       674.425
        673.61
        672.77
       671.968
       671.207
       670.487
         669.8
       669.146
       668.623
       668.176
        667.76
       667.372
       666.941
       666.544
       666.204
       680.708
       680.625
       665.932
       666.507
       666.507
       666.508
       666.508
       666.509
       666.509
        666.51
       666.511
       666.512
       666.513
       666.515
       666.516
       666.518
        666.52
       666.521
       666.523
       666.526
       666.528
        666.53
       666.533
       666.536
       666.539
       666.542
       666.545
       666.549
       666.552
       666.556
        666.56
       666.564
       666.568
       666.573
       666.578
       666.582
       666.587
       666.593
       666.598
       666.603
       666.609
       666.615
       666.621
       666.627
       666.633
       666.639
       666.645
       666.652
       666.658
       666.664
       666.671
       666.677
       666.684
        666.69
       666.697
       666.703
        666.71
       666.716
       666.723
        666.73
       666.738
       666.746
       666.754
       666.764
       666.775
       666.881
       666.992
       667.108
       667.203
       667.308
       667.424
       667.552
       667.695
       667.854
       668.014
       668.192
        668.39
       668.623
       668.877
       669.114
       669.382
       669.677
       670.001
       670.349
       670.702
       671.033
       671.275
       671.502
       671.712
       671.822
       671.918
       672.003
        672.11
       672.205
       672.301
        672.45
       672.588
       672.726
       672.868
           673
       673.126
       673.219
       673.299
       673.164
       672.914
       672.579
       671.992
       671.388
       670.796
       670.183
       669.556
       669.206
        668.99
       668.764
       668.525
       668.577
       668.656
       668.688
       668.681
       668.642
        668.67
       668.622
       668.519
       668.384
       668.117
       667.746
       667.098
       666.359
       666.205
       666.585
       670.158
       672.199
       672.794
       672.072
       671.161
       670.188
       669.145
       667.966
       666.747
       665.494
       664.246
       663.146
       662.096
       660.965
       659.777
       658.606
       657.463
       656.197
       654.927
        653.71
       652.703
       651.703
        650.75
       649.848
       649.031
       648.262
       647.541
       646.869
       646.189
       645.551
       644.703
       643.819
       642.973
       642.167
       641.402
       640.669
       639.969
       639.411
       638.935
        638.49
       638.073
       637.602
       637.167
       636.793
        653.41
       653.324
       636.506
       636.692
       636.692
       636.692
       636.693
       636.693
       636.694
       636.695
       636.696
       636.697
       636.698
       636.699
       636.701
       636.702
       636.704
       636.706
       636.708
        636.71
       636.712
       636.715
       636.717
        636.72
       636.723
       636.726
       636.729
       636.732
       636.736
       636.739
       636.743
       636.747
       636.751
       636.756
        636.76
       636.765
        636.77
       636.775
        636.78
       636.785
        636.79
       636.796
       636.801
       636.807
       636.812
       636.818
       636.823
       636.829
       636.834
        636.84
       636.845
        636.85
       636.855
       636.859
       636.863
       636.867
       636.871
       636.874
       636.876
       636.879
       636.881
       636.882
       636.884
       636.885
       636.886
       636.992
       637.102
       637.217
       637.305
       637.401
       637.507
       637.624
       637.754
       637.899
        638.04
       638.199
       638.376
       638.587
       638.819
       639.026
       639.266
        639.53
       639.822
       640.148
       640.496
       640.849
       641.103
       641.341
        641.56
       641.668
       641.761
       641.843
       641.951
       642.046
       642.144
       642.302
       642.449
       642.597
       642.751
       642.896
       643.034
       643.137
       643.225
        643.07
       642.786
        642.41
       641.749
       641.072
       640.409
       639.721
       639.017
       638.624
       638.386
       638.137
       637.876
        637.94
       638.042
         638.1
       638.119
       638.106
       638.174
       638.161
       638.091
       637.992
        637.75
       637.398
       636.739
       635.986
       635.896
       636.416
       640.535
       642.941
       643.728
       643.038
        642.14
       641.177
       640.137
       638.948
       637.717
       636.452
       635.197
       634.113
       633.091
       631.983
       630.811
       629.656
       628.528
        627.26
       625.983
        624.76
       623.768
       622.777
        621.83
       620.934
       620.126
       619.364
       618.651
       617.986
       617.305
       616.665
       615.783
       614.855
       613.963
        613.11
       612.298
       611.517
       610.766
        610.17
       609.662
       609.184
       608.733
       608.219
       607.743
       607.333
       626.069
       625.978
       607.027
       606.884
       606.884
       606.885
       606.885
       606.886
       606.886
       606.887
       606.888
       606.889
        606.89
       606.891
       606.893
       606.894
       606.896
       606.898
         606.9
       606.902
       606.904
       606.906
       606.909
       606.911
       606.914
       606.917
        606.92
       606.923
       606.927
        606.93
       606.934
       606.938
       606.942
       606.946
        606.95
       606.955
       606.959
       606.964
       606.969
       606.974
       606.979
       606.984
       606.989
       606.994
       606.999
       607.004
       607.009
       607.013
       607.018
       607.022
       607.026
       607.029
       607.032
       607.035
       607.037
       607.038
       607.038
       607.037
       607.036
       607.033
       607.029
       607.024
       607.018
        607.01
       607.001
       607.108
       607.217
       607.329
        607.41
       607.497
       607.594
       607.699
       607.816
       607.947
        608.07
        608.21
       608.366
       608.557
       608.767
       608.946
       609.157
       609.392
       609.654
       609.949
       610.275
       610.622
        610.89
       611.139
        611.37
       611.475
       611.567
       611.646
       611.755
       611.851
       611.952
        612.12
       612.277
       612.436
       612.605
       612.764
       612.917
        613.03
       613.128
       612.956
       612.641
       612.225
       611.494
       610.746
       610.012
       609.252
       608.472
        608.04
       607.781
       607.513
       607.231
       607.312
       607.439
       607.521
       607.565
       607.578
       607.685
       607.707
       607.671
       607.606
       607.388
       607.052
       606.382
       605.612
       605.586
       606.243
       610.908
       613.677
       614.655
       613.995
       613.109
       612.152
       611.115
       609.915
       608.672
       607.394
       606.132
       605.064
       604.071
       602.984
       601.828
       600.689
       599.579
       598.308
       597.025
       595.797
        594.82
       593.839
         592.9
        592.01
       591.211
       590.458
       589.752
       589.094
       588.413
       587.771
       586.854
        585.88
       584.941
        584.04
       583.179
       582.346
        581.54
       580.903
       580.359
       579.843
       579.353
       578.792
       578.269
       577.819
       598.681
       598.585
       577.488
       577.081
       577.081
       577.082
       577.082
       577.083
       577.083
       577.084
       577.085
       577.086
       577.087
       577.088
        577.09
       577.091
       577.093
       577.094
       577.096
       577.098
         577.1
       577.103
       577.105
       577.108
        577.11
       577.113
       577.116
       577.119
       577.122
       577.126
       577.129
       577.133
       577.137
       577.141
       577.145
       577.149
       577.154
       577.158
       577.163
       577.167
       577.172
       577.176
       577.181
       577.186
        577.19
       577.194
       577.198
       577.202
       577.206
       577.209
       577.211
       577.213
       577.214
       577.215
       577.214
       577.212
       577.209
       577.205
       577.199
       577.191
       577.181
       577.169
       577.155
       577.138
       577.119
       577.226
       577.334
       577.444
       577.516
       577.595
       577.682
       577.776
        577.88
       577.997
       578.103
       578.224
        578.36
       578.531
       578.721
       578.872
       579.056
       579.262
       579.495
        579.76
       580.055
        580.38
       580.633
       580.896
       581.138
       581.243
       581.333
       581.409
        581.52
       581.616
        581.72
       581.899
       582.068
        582.24
       582.423
       582.599
       582.769
       582.896
       583.005
       582.818
       582.475
        582.02
       581.223
       580.407
       579.605
       578.774
       577.922
       577.452
       577.175
        576.89
       576.591
       576.691
       576.843
       576.951
       577.019
       577.058
       577.205
       577.261
       577.257
       577.226
        577.03
       576.709
       576.025
       575.236
        575.27
       576.062
       581.272
       584.404
       585.571
        584.94
       584.062
       583.111
       582.075
       580.863
       579.607
       578.316
       577.045
       575.995
       575.031
       573.967
       572.826
       571.704
       570.611
        569.34
       568.051
        566.82
       565.861
        564.89
       563.959
       563.077
       562.289
       561.544
       560.847
       560.197
       559.515
       558.871
       557.919
       556.899
       555.912
        554.96
       554.047
       553.159
       552.296
       551.613
       551.027
       550.467
       549.933
       549.317
       548.742
       548.247
       571.244
       571.141
       547.885
        547.28
        547.28
        547.28
       547.281
       547.281
       547.282
       547.283
       547.284
       547.285
       547.286
       547.287
       547.288
        547.29
       547.291
       547.293
       547.295
       547.297
       547.299
       547.301
       547.303
       547.306
       547.308
       547.311
       547.314
       547.317
        547.32
       547.323
       547.326
        547.33
       547.334
       547.337
       547.341
       547.345
       547.349
       547.354
       547.358
       547.362
       547.366
        547.37
       547.375
       547.379
       547.382
       547.386
       547.389
       547.392
       547.395
       547.397
       547.398
       547.398
       547.397
       547.396
       547.393
       547.388
       547.381
       547.373
       547.363
        547.35
       547.334
       547.315
       547.293
       547.267
       547.237
       547.344
       547.451
       547.558
       547.623
       547.693
        547.77
       547.853
       547.945
       548.049
       548.138
        548.24
       548.357
       548.509
       548.679
       548.804
       548.961
        549.14
       549.343
       549.579
       549.845
       550.139
       550.361
        550.61
       550.863
       550.968
       551.055
       551.128
       551.239
       551.336
       551.442
       551.633
       551.814
           552
       552.202
       552.396
       552.586
       552.729
       552.852
       552.652
       552.283
       551.794
       550.932
       550.051
       549.184
       548.285
       547.362
       546.858
       546.566
       546.266
       545.953
       546.075
       546.254
       546.388
       546.481
       546.546
       546.731
       546.822
       546.849
        546.85
       546.675
       546.367
       545.666
       544.855
       544.948
       545.872
       551.625
       555.118
       556.472
       555.867
       554.996
        554.05
       553.014
       551.788
       550.519
       549.215
       547.937
       546.905
       545.971
       544.931
       543.806
       542.701
       541.627
       540.356
       539.063
        537.83
       536.889
       535.931
       535.011
       534.137
       533.361
       532.627
        531.94
       531.297
       530.616
       529.971
       528.984
       527.917
        526.88
       525.877
       524.909
       523.963
       523.037
       522.302
       521.667
       521.057
       520.471
       519.794
       519.159
       518.613
       543.754
        543.64
       518.209
       517.477
       517.478
       517.478
       517.478
       517.479
        517.48
        517.48
       517.481
       517.482
       517.483
       517.484
       517.486
       517.487
       517.488
        517.49
       517.492
       517.494
       517.496
       517.498
         517.5
       517.502
       517.505
       517.507
        517.51
       517.513
       517.516
       517.519
       517.522
       517.526
       517.529
       517.533
       517.536
        517.54
       517.544
       517.548
       517.552
       517.556
       517.559
       517.563
       517.567
        517.57
       517.574
       517.577
       517.579
       517.581
       517.583
       517.583
       517.583
       517.582
       517.579
       517.575
        517.57
       517.562
       517.552
        517.54
       517.525
       517.507
       517.485
       517.459
       517.429
       517.394
       517.354
       517.461
       517.567
       517.672
       517.729
       517.791
       517.858
        517.93
        518.01
         518.1
       518.173
       518.258
       518.356
        518.49
        518.64
        518.74
       518.871
       519.023
       519.199
       519.407
       519.643
       519.908
        520.09
       520.307
       520.544
       520.647
        520.73
       520.799
       520.909
       521.005
       521.113
       521.315
       521.509
       521.712
       521.934
        522.15
       522.362
       522.523
       522.663
       522.453
       522.061
       521.541
       520.619
       519.674
       518.746
       517.782
       516.791
       516.256
       515.952
       515.641
       515.315
       515.462
        515.67
        515.83
        515.95
       516.042
       516.266
       516.389
       516.447
       516.478
       516.322
       516.024
       515.304
       514.468
       514.615
       515.669
       521.963
       525.816
       527.355
       526.773
       525.908
       524.964
       523.926
       522.686
       521.403
       520.085
       518.801
        517.79
       516.887
       515.872
       514.766
        513.68
       512.626
       511.356
        510.06
       508.827
       507.907
       506.963
       506.055
       505.192
        504.43
       503.709
       503.033
         502.4
        501.72
       501.074
       500.052
       498.938
       497.851
       496.794
        495.77
       494.761
       493.769
       492.975
       492.285
       491.616
       490.969
        490.22
       489.516
        488.91
       516.203
       516.076
       488.449
       487.671
       487.671
       487.671
       487.672
       487.672
       487.673
       487.674
       487.674
       487.675
       487.676
       487.678
       487.679
        487.68
       487.681
       487.683
       487.685
       487.686
       487.688
        487.69
       487.692
       487.695
       487.697
       487.699
       487.702
       487.705
       487.708
       487.711
       487.714
       487.717
        487.72
       487.724
       487.727
        487.73
       487.734
       487.738
       487.741
       487.745
       487.748
       487.752
       487.755
       487.758
        487.76
       487.763
       487.764
       487.766
       487.766
       487.766
       487.764
       487.761
       487.757
       487.751
       487.743
       487.733
        487.72
       487.704
       487.684
       487.661
       487.633
         487.6
       487.562
       487.519
       487.468
       487.575
       487.679
       487.782
       487.833
       487.886
       487.944
       488.005
       488.074
       488.151
       488.208
       488.276
       488.356
       488.473
       488.604
       488.678
       488.785
       488.911
        489.06
       489.241
        489.45
       489.685
       489.828
       490.004
       490.208
        490.28
       490.355
       490.418
       490.523
       490.616
       490.724
       490.937
       491.145
       491.366
       491.612
       491.853
       492.091
       492.274
       492.433
       492.216
       491.804
       491.257
       490.279
       489.274
       488.288
       487.261
       486.206
       485.644
       485.331
       485.011
       484.676
        484.85
        485.09
       485.278
       485.425
       485.544
       485.807
       485.963
        486.05
       486.111
        485.97
        485.68
       484.937
       484.072
       484.269
       485.449
       492.283
       496.492
       498.215
       497.654
       496.791
       495.848
       494.807
       493.552
       492.254
       490.923
       489.634
       488.645
       487.777
       486.789
       485.703
       484.637
       483.606
        482.34
       481.043
        479.81
       478.912
       477.987
       477.094
       476.245
       475.499
       474.792
       474.129
       473.508
       472.831
       472.186
        471.13
        469.97
       468.832
        467.72
       466.636
       465.562
       464.497
       463.638
       462.884
       462.146
       461.426
       460.593
       459.806
       459.128
       488.585
       488.441
        458.59
       457.857
       457.857
       457.858
       457.858
       457.859
       457.859
        457.86
       457.861
       457.862
       457.863
       457.864
       457.865
       457.866
       457.867
       457.869
        457.87
       457.872
       457.874
       457.876
       457.878
        457.88
       457.882
       457.885
       457.887
        457.89
       457.892
       457.895
       457.898
       457.901
       457.904
       457.907
        457.91
       457.914
       457.917
        457.92
       457.924
       457.927
        457.93
       457.933
       457.936
       457.938
        457.94
       457.942
       457.943
       457.943
       457.943
       457.941
       457.938
       457.934
       457.928
        457.92
        457.91
       457.897
        457.88
       457.861
       457.837
       457.809
       457.775
       457.736
        457.69
       457.637
       457.577
       457.684
       457.788
       457.888
       457.932
       457.978
       458.026
       458.077
       458.135
         458.2
       458.241
       458.292
       458.355
       458.455
       458.568
       458.619
       458.701
       458.802
       458.926
       459.081
       459.262
        459.47
       459.576
       459.713
       459.874
       459.897
       459.943
       459.984
       460.077
       460.161
       460.267
       460.489
        460.71
       460.953
       461.232
       461.501
       461.767
       461.974
       462.156
       461.935
       461.507
       460.938
       459.906
       458.846
       457.804
       456.719
       455.605
       455.018
         454.7
       454.375
       454.034
        454.24
       454.515
        454.73
       454.905
       455.053
       455.355
       455.544
        455.66
       455.748
       455.621
       455.335
       454.564
       453.665
       453.908
       455.209
       462.579
       467.143
       469.045
       468.502
        467.64
       466.694
       465.649
       464.378
       463.065
       461.722
       460.431
       459.466
       458.634
       457.675
       456.612
        455.57
       454.564
       453.304
        452.01
       450.781
       449.909
       449.005
       448.129
       447.296
       446.569
        445.88
       445.233
       444.626
       443.955
       443.311
       442.223
       441.018
        439.83
       438.663
       437.517
       436.373
        435.23
       434.299
       433.471
       432.651
       431.844
       430.909
       430.024
       429.256
       460.889
       460.724
       428.615
       428.033
       428.033
       428.034
       428.034
       428.035
       428.035
       428.036
       428.037
       428.038
       428.038
       428.039
       428.041
       428.042
       428.043
       428.044
       428.046
       428.048
       428.049
       428.051
       428.053
       428.055
       428.057
       428.059
       428.062
       428.064
       428.067
       428.069
       428.072
       428.075
       428.078
        428.08
       428.083
       428.086
        428.09
       428.093
       428.095
       428.098
       428.101
       428.104
       428.106
       428.108
       428.109
        428.11
       428.111
        428.11
       428.109
       428.106
       428.102
       428.097
       428.089
       428.079
       428.067
       428.051
       428.032
       428.009
       427.981
       427.948
       427.909
       427.863
        427.81
       427.749
       427.678
       427.786
       427.889
       427.988
       428.025
       428.063
       428.103
       428.145
       428.191
       428.245
       428.271
       428.306
       428.352
       428.435
       428.531
       428.558
       428.617
       428.695
       428.793
       428.923
       429.079
        429.26
        429.33
       429.431
       429.555
        429.53
       429.523
       429.525
       429.599
       429.671
       429.772
           430
       430.234
       430.495
       430.792
       431.086
       431.382
       431.619
       431.826
       431.603
       431.164
       430.576
       429.495
       428.384
       427.292
       426.153
       424.984
       424.377
       424.057
       423.728
       423.383
       423.624
       423.934
       424.182
       424.389
       424.568
       424.911
       425.133
       425.276
       425.389
       425.273
       424.987
       424.185
       423.246
       423.529
       424.946
       432.849
       437.764
        439.84
        439.31
       438.445
       437.496
       436.445
       435.158
       433.831
       432.478
       431.186
       430.247
       429.453
       428.526
       427.489
       426.474
       425.497
       424.248
        422.96
        421.74
       420.898
       420.017
       419.162
       418.349
       417.644
       416.976
       416.348
       415.758
       415.095
       414.457
       413.339
       412.091
       410.854
       409.632
       408.423
       407.207
        405.98
       404.969
       404.054
       403.139
       402.228
       401.171
       400.165
       399.283
       433.102
       432.909
       398.498
       398.196
       398.196
       398.196
       398.197
       398.197
       398.198
       398.199
       398.199
         398.2
       398.201
       398.202
       398.203
       398.204
       398.205
       398.207
       398.208
        398.21
       398.211
       398.213
       398.215
       398.216
       398.218
        398.22
       398.223
       398.225
       398.227
        398.23
       398.232
       398.235
       398.238
        398.24
       398.243
       398.246
       398.249
       398.251
       398.254
       398.256
       398.259
       398.261
       398.263
       398.264
       398.265
       398.266
       398.266
       398.264
       398.262
       398.259
       398.254
       398.247
       398.238
       398.226
       398.212
       398.194
       398.172
       398.146
       398.114
       398.076
       398.032
        397.98
        397.92
        397.85
        397.77
       397.879
       397.982
        398.08
       398.111
       398.141
       398.173
       398.205
       398.241
       398.283
       398.295
       398.315
       398.344
       398.412
       398.491
       398.496
       398.532
       398.586
        398.66
       398.765
       398.897
       399.053
       399.089
       399.157
       399.249
       399.181
       399.134
       399.104
       399.158
       399.217
       399.312
       399.545
       399.785
        400.05
       400.352
       400.654
       400.962
       401.209
       401.434
       401.214
       400.767
       400.163
        399.04
       397.882
       396.744
        395.56
       394.342
       393.719
       393.397
       393.067
       392.719
       392.994
       393.344
       393.632
       393.876
       394.089
       394.476
       394.732
       394.901
       395.037
       394.929
       394.638
       393.799
       392.814
       393.129
       394.654
       403.085
       408.345
       410.592
       410.072
       409.199
       408.244
       407.186
       405.883
       404.544
       403.183
       401.894
       400.984
       400.232
       399.341
       398.332
       397.349
       396.405
        395.17
       393.894
       392.686
       391.878
       391.024
       390.195
       389.405
       388.727
       388.083
       387.478
        386.91
       386.259
        385.63
       384.486
       383.197
       381.914
       380.638
       379.366
       378.075
       376.761
        375.66
       374.648
       373.621
       372.583
       371.379
       370.221
       369.192
       405.207
       404.979
       368.208
       368.342
       368.342
       368.342
       368.343
       368.343
       368.344
       368.344
       368.345
       368.346
       368.347
       368.347
       368.348
        368.35
       368.351
       368.352
       368.353
       368.355
       368.356
       368.358
       368.359
       368.361
       368.363
       368.365
       368.367
       368.369
       368.371
       368.373
       368.376
       368.378
       368.381
       368.383
       368.386
       368.388
       368.391
       368.393
       368.395
       368.398
         368.4
       368.402
       368.403
       368.404
       368.405
       368.405
       368.404
       368.402
       368.399
       368.395
       368.389
       368.381
       368.371
       368.358
       368.341
       368.321
       368.297
       368.268
       368.233
       368.191
       368.142
       368.084
       368.018
        367.94
       367.851
       367.961
       368.064
       368.161
       368.186
        368.21
       368.234
       368.257
       368.283
       368.315
       368.312
       368.317
       368.331
       368.383
       368.446
       368.428
       368.442
       368.473
       368.524
       368.606
       368.713
       368.845
       368.849
       368.885
       368.948
       368.843
       368.762
       368.704
        368.74
       368.787
       368.876
       369.115
        369.36
       369.631
       369.939
       370.248
       370.559
       370.809
       371.045
       370.814
       370.346
       369.719
       368.542
       367.332
       366.155
       364.939
       363.682
       363.045
       362.719
       362.389
       362.041
       362.351
       362.744
        363.08
       363.368
       363.619
       364.051
       364.342
       364.537
       364.694
        364.59
        364.29
       363.406
       362.367
       362.705
       364.329
       373.281
       378.881
       381.293
       380.776
       379.893
       378.929
       377.863
       376.544
       375.194
       373.828
       372.545
       371.669
       370.964
       370.114
        369.14
       368.193
       367.286
       366.071
        364.81
       363.619
        362.85
       362.027
       361.228
       360.466
       359.818
       359.203
       358.627
       358.084
       357.451
       356.835
        355.67
       354.346
       353.021
       351.694
       350.362
       348.996
        347.59
       346.393
       345.271
       344.112
       342.923
        341.54
       340.191
        338.97
       377.182
        376.91
       337.707
       338.467
       338.467
       338.468
       338.468
       338.469
       338.469
        338.47
        338.47
       338.471
       338.472
       338.473
       338.474
       338.475
       338.476
       338.477
       338.478
       338.479
       338.481
       338.482
       338.484
       338.485
       338.487
       338.489
       338.491
       338.493
       338.495
       338.497
       338.499
       338.501
       338.503
       338.505
       338.508
        338.51
       338.512
       338.514
       338.517
       338.519
        338.52
       338.522
       338.523
       338.524
       338.524
       338.523
       338.522
        338.52
       338.516
       338.511
       338.504
       338.496
       338.484
        338.47
       338.452
       338.431
       338.404
       338.373
       338.335
       338.289
       338.236
       338.173
         338.1
       338.015
       337.918
        338.03
       338.134
        338.23
        338.25
       338.267
       338.284
       338.298
       338.315
       338.336
        338.32
       338.311
       338.309
       338.347
       338.394
       338.354
       338.347
       338.355
       338.382
       338.441
       338.525
       338.633
       338.605
       338.611
       338.646
       338.506
       338.397
       338.314
       338.331
       338.367
       338.455
       338.703
       338.957
       339.235
        339.55
       339.867
       340.187
       340.442
       340.688
       340.447
       339.958
       339.302
       338.066
       336.802
       335.573
       334.314
       333.013
       332.364
       332.047
       331.722
       331.373
       331.711
       332.145
       332.531
       332.868
       333.158
       333.639
       333.968
        334.19
       334.367
       334.261
       333.945
       333.009
       331.905
       332.255
       333.964
       343.428
       349.361
       351.931
       351.411
       350.513
       349.538
       348.463
        347.13
        345.77
       344.404
       343.132
       342.295
       341.644
       340.839
       339.905
           339
       338.136
       336.947
       335.706
       334.538
       333.812
       333.027
       332.262
       331.533
       330.922
       330.341
       329.798
       329.287
       328.676
       328.081
       326.902
       325.549
       324.189
       322.817
       321.427
       319.988
        318.49
       317.191
       315.946
       314.637
       313.267
       311.665
       310.075
       308.603
       348.998
       348.674
       306.949
       308.568
       308.569
       308.569
       308.569
        308.57
        308.57
       308.571
       308.571
       308.572
       308.573
       308.574
       308.574
       308.575
       308.576
       308.577
       308.578
        308.58
       308.581
       308.582
       308.584
       308.585
       308.587
       308.588
        308.59
       308.592
       308.594
       308.596
       308.598
         308.6
       308.602
       308.604
       308.606
       308.608
        308.61
       308.612
       308.613
       308.615
       308.617
       308.618
       308.619
       308.619
       308.619
       308.618
       308.616
       308.613
       308.609
       308.604
       308.597
       308.587
       308.575
        308.56
       308.541
       308.519
       308.491
       308.457
       308.416
       308.368
       308.311
       308.244
       308.165
       308.074
       307.968
       308.083
       308.188
       308.284
       308.299
        308.31
        308.32
       308.327
       308.335
       308.346
       308.317
       308.294
       308.277
       308.301
       308.333
       308.271
       308.242
       308.228
       308.233
       308.268
       308.328
       308.412
       308.352
       308.324
       308.333
       308.161
       308.028
       307.926
       307.932
       307.968
        308.06
       308.321
       308.586
       308.873
       309.197
       309.521
       309.847
       310.107
       310.359
       310.103
       309.598
       308.925
       307.642
       306.329
       305.049
       303.725
        302.37
       301.719
       301.418
       301.104
       300.762
       301.135
       301.602
       302.031
       302.391
       302.707
       303.243
       303.616
       303.866
       304.058
       303.948
       303.608
       302.609
       301.429
       301.775
       303.554
       313.517
       319.771
       322.491
       321.961
       321.042
       320.054
       318.972
       317.625
       316.262
         314.9
       313.644
       312.853
       312.261
        311.51
       310.623
       309.766
       308.953
       307.794
        306.58
       305.442
       304.766
       304.024
       303.299
       302.609
       302.039
       301.499
       300.995
       300.522
       299.942
       299.374
       298.189
       296.817
        295.43
       294.022
       292.583
       291.077
        289.49
       288.086
       286.709
        285.23
       283.648
       281.782
       279.888
       278.083
       320.619
       320.233
       275.886
       278.641
       278.642
       278.642
       278.642
       278.643
       278.643
       278.644
       278.644
       278.645
       278.646
       278.646
       278.647
       278.648
       278.649
        278.65
       278.651
       278.652
       278.653
       278.654
       278.655
       278.657
       278.658
        278.66
       278.661
       278.663
       278.665
       278.666
       278.668
        278.67
       278.672
       278.673
       278.675
       278.677
       278.679
       278.681
       278.682
       278.683
       278.685
       278.686
       278.686
       278.686
       278.686
       278.685
       278.683
        278.68
       278.675
        278.67
       278.662
       278.652
        278.64
       278.624
       278.605
       278.581
       278.552
       278.517
       278.475
       278.424
       278.364
       278.293
        278.21
       278.113
           278
       278.118
       278.224
       278.321
       278.332
       278.338
       278.342
       278.341
        278.34
       278.342
       278.301
       278.264
       278.233
       278.242
       278.259
       278.176
       278.126
        278.09
       278.072
       278.084
       278.121
       278.176
       278.088
       278.047
       278.047
       277.861
       277.712
       277.598
       277.604
       277.637
       277.728
       277.995
       278.265
       278.557
       278.888
       279.219
       279.553
       279.818
       280.075
       279.804
        279.28
       278.594
       277.267
       275.909
       274.585
       273.209
       271.801
       271.136
       270.845
       270.547
       270.224
       270.629
       271.121
       271.553
        271.93
       272.289
       272.891
       273.298
       273.571
       273.777
       273.657
       273.287
       272.214
        270.94
       271.262
       273.088
       283.535
       290.099
       292.958
       292.408
       291.463
       290.459
       289.369
       288.014
       286.652
       285.302
        284.07
       283.333
       282.809
       282.119
       281.286
       280.486
       279.731
       278.611
       277.432
       276.329
        275.71
       275.018
       274.339
       273.694
       273.173
       272.679
        272.22
       271.793
       271.251
        270.72
        269.54
        268.16
       266.759
       265.327
       263.853
       262.291
       260.623
       259.117
       257.605
       255.941
       254.116
       251.935
        249.66
        247.42
       292.003
       291.546
       244.472
       248.682
       248.682
       248.682
       248.683
       248.683
       248.684
       248.684
       248.685
       248.685
       248.686
       248.686
       248.687
       248.688
       248.689
       248.689
        248.69
       248.691
       248.692
       248.693
       248.695
       248.696
       248.697
       248.698
         248.7
       248.701
       248.703
       248.704
       248.706
       248.707
       248.709
       248.711
       248.712
       248.714
       248.715
       248.717
       248.718
       248.719
        248.72
       248.721
       248.721
       248.721
        248.72
       248.719
       248.717
       248.714
       248.709
       248.703
       248.696
       248.686
       248.673
       248.658
       248.638
       248.614
       248.585
       248.549
       248.506
       248.455
       248.393
       248.319
       248.232
       248.129
        248.01
       248.132
       248.241
       248.339
       248.346
       248.347
       248.345
       248.337
       248.329
       248.322
       248.269
       248.219
       248.174
        248.17
       248.172
       248.068
       247.996
       247.939
         247.9
       247.886
       247.906
       247.963
       247.875
       247.835
       247.833
       247.634
       247.473
       247.348
       247.348
       247.373
       247.457
       247.723
       247.992
       248.286
       248.622
       248.958
       249.298
       249.569
       249.835
       249.555
       249.017
       248.308
       246.934
       245.534
       244.174
       242.758
       241.304
       240.627
       240.351
       240.099
       239.794
        240.22
       240.733
       241.178
       241.572
       241.961
       242.588
        243.02
       243.313
       243.532
         243.4
       242.994
       241.836
       240.452
       240.723
       242.564
       253.467
       260.323
       263.307
       262.726
       261.749
       260.729
       259.637
       258.278
       256.926
       255.595
       254.398
       253.725
       253.278
       252.659
       251.891
       251.158
       250.469
       249.397
        248.26
       247.201
       246.646
        246.01
       245.385
       244.791
       244.323
       243.883
       243.477
       243.103
       242.608
       242.125
       240.962
       239.589
       238.189
       236.752
        235.26
       233.661
       231.929
       230.335
       228.692
       226.835
       224.742
       222.196
       219.454
        216.65
         263.1
       262.565
       212.684
       218.685
       218.685
       218.686
       218.686
       218.686
       218.687
       218.687
       218.688
       218.688
       218.689
       218.689
        218.69
       218.691
       218.691
       218.692
       218.693
       218.694
       218.695
       218.696
       218.697
       218.698
       218.699
         218.7
       218.701
       218.702
       218.704
       218.705
       218.706
       218.708
       218.709
       218.711
       218.712
       218.713
       218.715
       218.716
       218.717
       218.718
       218.719
       218.719
       218.719
       218.719
       218.718
       218.717
       218.715
       218.711
       218.707
       218.701
       218.694
       218.684
       218.672
       218.656
       218.637
       218.614
       218.585
        218.55
       218.507
       218.455
       218.392
       218.317
       218.227
       218.121
       217.996
       218.122
       218.235
       218.335
       218.338
       218.336
       218.328
       218.314
       218.299
       218.284
        218.22
       218.157
       218.098
       218.081
       218.069
       217.944
        217.85
       217.772
       217.718
       217.709
       217.741
       217.811
       217.725
       217.687
       217.687
       217.478
       217.306
       217.168
       217.157
        217.17
       217.241
       217.502
       217.765
       218.057
       218.393
       218.732
       219.076
       219.352
       219.631
       219.344
       218.791
        218.06
       216.638
       215.208
       213.827
       212.378
       210.887
       210.203
       209.949
       209.762
       209.494
       209.973
        210.51
       210.948
        211.32
       211.695
       212.323
       212.779
       213.098
       213.335
       213.192
       212.746
       211.494
       209.978
       210.166
       211.979
       223.298
       230.418
       233.508
       232.881
       231.866
       230.834
       229.746
       228.397
       227.065
       225.766
       224.616
        224.02
       223.662
       223.122
       222.429
       221.772
       221.161
       220.147
       219.062
       218.056
       217.574
       217.001
       216.437
       215.901
       215.494
       215.112
       214.766
       214.453
       214.015
       213.591
        212.46
       211.111
       209.735
       208.316
       206.831
       205.222
       203.453
       201.796
       200.042
       198.001
       195.631
       192.677
       189.381
       185.861
       233.857
       233.241
       180.552
       188.646
       188.646
       188.647
       188.647
       188.647
       188.648
       188.648
       188.649
       188.649
        188.65
        188.65
       188.651
       188.651
       188.652
       188.652
       188.653
       188.654
       188.655
       188.656
       188.656
       188.657
       188.658
       188.659
        188.66
       188.661
       188.663
       188.664
       188.665
       188.666
       188.667
       188.668
        188.67
       188.671
       188.672
       188.673
       188.674
       188.675
       188.675
       188.675
       188.676
       188.675
       188.674
       188.673
       188.671
       188.668
       188.663
       188.658
       188.651
       188.642
        188.63
       188.616
       188.598
       188.575
       188.548
       188.514
       188.472
       188.421
       188.359
       188.284
       188.194
       188.085
       187.955
       188.088
       188.204
       188.306
       188.307
         188.3
       188.289
       188.269
       188.247
       188.225
        188.15
       188.077
       188.004
       187.974
       187.947
       187.803
       187.697
       187.626
       187.586
       187.591
       187.637
       187.719
       187.637
       187.601
       187.602
       187.384
       187.201
        187.05
       187.028
       187.024
       187.078
       187.328
       187.581
       187.864
       188.196
       188.531
       188.877
       189.159
       189.453
       189.164
       188.603
       187.858
       186.408
       184.948
        183.54
        182.07
        180.56
       179.885
       179.655
        179.47
       179.218
       179.772
       180.359
       180.804
       181.162
       181.505
       182.129
       182.595
       182.932
         183.2
       183.053
       182.569
       181.216
        179.55
       179.613
       181.337
       193.007
       200.353
       203.524
       202.832
       201.773
       200.732
       199.662
        198.34
       197.048
       195.801
       194.714
       194.208
       193.951
       193.504
       192.896
       192.325
       191.803
       190.858
       189.838
       188.895
       188.495
       187.995
       187.497
       187.026
       186.684
       186.366
       186.086
       185.842
       185.471
        185.12
       184.037
       182.734
       181.405
       180.033
        178.59
       177.008
       175.243
       173.566
       171.742
       169.552
       166.921
       163.545
       159.622
       155.226
       204.227
       203.532
       148.219
        158.56
        158.56
       158.561
       158.561
       158.561
       158.562
       158.562
       158.562
       158.563
       158.563
       158.564
       158.564
       158.565
       158.565
       158.566
       158.566
       158.567
       158.567
       158.568
       158.569
        158.57
        158.57
       158.571
       158.572
       158.573
       158.574
       158.575
       158.576
       158.577
       158.578
       158.579
        158.58
       158.581
       158.582
       158.583
       158.583
       158.584
       158.584
       158.585
       158.584
       158.584
       158.583
       158.582
        158.58
       158.577
       158.573
       158.568
       158.562
       158.554
       158.543
        158.53
       158.514
       158.493
       158.468
       158.436
       158.398
        158.35
        158.29
       158.218
       158.128
       158.019
       157.886
       158.025
       158.146
       158.251
       158.249
       158.239
       158.223
       158.199
       158.172
       158.143
       158.059
       157.975
        157.89
        157.85
       157.818
       157.684
       157.598
       157.541
       157.513
       157.532
       157.589
       157.682
       157.602
       157.569
       157.572
       157.346
       157.152
       156.989
       156.955
       156.933
       156.965
         157.2
       157.437
       157.704
       158.023
       158.348
        158.69
       158.976
       159.284
       158.999
        158.44
         157.7
       156.235
       154.765
        153.35
       151.877
       150.357
       149.704
       149.498
       149.283
       149.011
       149.598
         150.2
       150.666
       151.047
       151.409
       152.052
       152.517
       152.867
       153.154
       153.012
       152.499
       151.051
       149.221
       149.112
       150.661
       162.572
       170.083
         173.3
       172.524
       171.419
        170.38
       169.347
       168.076
       166.855
       165.683
       164.678
       164.278
       164.136
       163.795
       163.284
       162.811
        162.39
       161.527
       160.585
       159.719
       159.411
       158.991
       158.568
       158.165
       157.893
       157.645
       157.435
       157.267
       156.972
       156.706
       155.691
       154.458
       153.207
       151.918
       150.557
       149.051
       147.346
        145.71
       143.885
       141.619
       138.792
       135.033
       130.461
        125.05
       174.186
       173.421
       116.037
       128.421
       128.421
       128.422
       128.422
       128.422
       128.423
       128.423
       128.423
       128.423
       128.424
       128.424
       128.425
       128.425
       128.425
       128.426
       128.426
       128.427
       128.427
       128.428
       128.428
       128.429
        128.43
        128.43
       128.431
       128.432
       128.433
       128.433
       128.434
       128.435
       128.436
       128.436
       128.437
       128.438
       128.439
       128.439
        128.44
        128.44
       128.441
       128.441
       128.441
        128.44
        128.44
       128.438
       128.437
       128.434
       128.431
       128.427
       128.421
       128.414
       128.405
       128.394
        128.38
       128.362
        128.34
       128.312
       128.278
       128.235
       128.181
       128.113
       128.028
       127.921
       127.787
       127.933
       128.058
       128.165
       128.161
       128.149
       128.129
       128.101
       128.068
       128.036
       127.944
       127.853
       127.767
       127.745
       127.741
       127.624
       127.555
       127.511
       127.495
       127.524
        127.59
       127.692
       127.614
       127.583
        127.59
       127.356
       127.156
       126.984
       126.938
       126.898
       126.907
        127.12
       127.332
       127.574
       127.869
       128.173
       128.502
       128.784
       129.106
       128.827
       128.282
       127.568
       126.116
       124.668
       123.289
       121.856
       120.363
       119.756
       119.593
       119.388
       119.101
       119.664
       120.257
       120.722
       121.108
       121.461
         122.1
       122.565
       122.914
        123.22
       123.097
       122.582
       121.068
       119.087
       118.763
       120.014
        131.97
       139.542
       142.755
       141.873
       140.731
       139.721
       138.762
       137.578
       136.461
         135.4
       134.502
       134.225
       134.211
       133.986
       133.583
       133.222
       132.918
       132.155
       131.306
       130.531
       130.325
       129.994
       129.651
       129.322
       129.124
       128.947
        128.81
        128.72
       128.508
       128.341
       127.414
       126.279
       125.142
       123.977
       122.747
       121.374
       119.799
       118.289
       116.564
       114.343
       111.456
       107.451
       102.315
       95.8389
       143.761
       142.942
       84.7262
       98.2233
       98.2237
        98.224
       98.2243
       98.2246
       98.2248
        98.225
       98.2253
       98.2255
       98.2258
        98.226
       98.2263
       98.2266
       98.2269
       98.2273
       98.2276
        98.228
       98.2284
       98.2288
       98.2292
       98.2297
       98.2302
       98.2307
       98.2312
       98.2318
       98.2323
       98.2329
       98.2335
       98.2341
       98.2347
       98.2353
       98.2358
       98.2364
       98.2369
       98.2374
       98.2378
       98.2381
       98.2384
       98.2384
       98.2383
        98.238
       98.2374
       98.2364
        98.235
       98.2331
       98.2305
       98.2271
       98.2228
       98.2172
       98.2101
       98.2011
       98.1899
       98.1758
        98.158
       98.1357
       98.1075
       98.0718
        98.026
        97.967
       97.8902
       97.7895
       97.6581
       97.8105
       97.9379
       98.0466
       98.0405
        98.026
       98.0036
       97.9718
       97.9315
       97.9012
       97.8174
       97.7491
       97.6925
       97.6956
       97.7153
       97.6154
        97.563
       97.5332
       97.5276
       97.5635
       97.6343
       97.7415
       97.6624
       97.6347
       97.6471
       97.4126
       97.2116
       97.0342
       96.9804
       96.9236
       96.9065
       97.0903
       97.2674
       97.4704
       97.7266
       97.9949
        98.295
         98.56
        98.887
       98.6172
       98.0996
       97.4345
        96.029
       94.6479
       93.3576
       92.0392
        90.651
       90.1311
       90.0199
       89.8246
       89.5188
       90.0625
       90.6289
       91.0664
       91.4196
       91.7272
       92.3239
       92.7571
       93.0852
       93.4023
       93.3147
        92.859
       91.3646
       89.3044
       88.7547
       89.5502
       101.185
       108.625
       111.758
        110.76
       109.615
       108.688
       107.858
       106.818
       105.858
       104.947
       104.187
       104.052
       104.173
       104.069
       103.783
       103.546
       103.374
       102.732
           102
       101.335
       101.244
       101.009
       100.752
       100.501
       100.378
       100.272
       100.205
       100.192
       100.065
       100.005
       99.1886
       98.1854
        97.203
       96.2089
       95.1647
       93.9901
       92.6259
       91.3425
       89.8494
         87.85
        85.137
       81.1713
       75.7664
       68.3964
       113.074
       112.236
       55.6213
        67.961
       67.9614
       67.9617
       67.9619
       67.9621
       67.9623
       67.9624
       67.9626
       67.9627
       67.9629
       67.9631
       67.9633
       67.9635
       67.9637
       67.9639
       67.9642
       67.9644
       67.9647
        67.965
       67.9653
       67.9656
       67.9659
       67.9662
       67.9666
       67.9669
       67.9673
       67.9677
       67.9681
       67.9685
       67.9689
       67.9693
       67.9697
         67.97
       67.9704
       67.9707
        67.971
       67.9712
       67.9713
       67.9713
       67.9713
        67.971
       67.9706
       67.9699
       67.9689
       67.9676
       67.9658
       67.9635
       67.9604
       67.9566
       67.9517
       67.9454
       67.9376
       67.9277
       67.9153
       67.8995
       67.8793
       67.8534
       67.8195
       67.7744
       67.7129
       67.6267
       67.5029
       67.6588
       67.7836
       67.8902
       67.8822
       67.8681
       67.8417
       67.8145
       67.7959
       67.7916
       67.7391
       67.6983
       67.6674
       67.6929
       67.7349
       67.6551
       67.6214
       67.6048
       67.6066
       67.6443
       67.7132
       67.8194
       67.7394
       67.7144
       67.7344
       67.5085
       67.3182
        67.146
       67.0894
       67.0189
       66.9759
       67.1219
       67.2494
       67.3964
       67.5933
       67.8026
       68.0502
       68.2733
       68.5843
        68.323
       67.8469
        67.261
       65.9791
       64.7785
       63.6801
       62.5345
       61.3013
       60.8921
       60.8285
       60.6423
       60.3186
       60.8105
       61.3174
       61.6943
       61.9883
       62.2311
       62.7625
       63.1323
       63.4242
       63.7317
       63.6985
       63.3847
       62.0613
       60.1122
       59.4322
       59.6352
       70.2436
       77.1566
       80.0797
       79.0044
       77.9526
       77.2037
       76.5884
       75.7721
       75.0375
       74.3365
       73.7573
       73.7721
       74.0188
       74.0344
       73.8708
       73.7645
        73.738
       73.2497
       72.6733
       72.1475
       72.1769
       72.0441
       71.8786
       71.7101
       71.6612
       71.6205
       71.6159
       71.6673
       71.6162
       71.6643
       70.9866
       70.1596
       69.3799
       68.6071
       67.8038
       66.8946
        65.825
       64.8726
       63.7585
       62.2034
       60.0018
       56.5749
       51.5588
       43.9593
        82.419
       81.6362
       31.0262
       37.6278
       37.6281
       37.6283
       37.6284
       37.6285
       37.6286
       37.6287
       37.6288
       37.6289
       37.6289
        37.629
       37.6291
       37.6292
       37.6293
       37.6294
       37.6296
       37.6297
       37.6298
         37.63
       37.6301
       37.6303
       37.6304
       37.6306
       37.6308
        37.631
       37.6311
       37.6313
       37.6315
       37.6317
       37.6319
       37.6321
       37.6323
       37.6325
       37.6327
       37.6328
        37.633
       37.6331
       37.6331
       37.6331
       37.6331
        37.633
       37.6328
       37.6324
       37.6319
       37.6312
       37.6303
       37.6291
       37.6276
       37.6256
       37.6231
       37.6199
       37.6159
       37.6108
       37.6043
       37.5961
       37.5856
       37.5718
       37.5535
       37.5284
       37.4922
       37.4357
       37.3373
       37.4817
       37.5905
       37.6868
       37.6791
       37.6766
       37.6789
        37.685
       37.6984
       37.7227
       37.7041
       37.6958
        37.692
       37.7346
       37.7912
       37.7386
       37.7267
        37.725
       37.7335
       37.7668
       37.8217
       37.9113
       37.8348
       37.8112
       37.8326
       37.6374
       37.4794
         37.33
       37.2757
       37.1985
       37.1328
       37.2244
       37.2871
       37.3615
       37.4759
       37.5979
       37.7531
       37.8873
       38.1258
       37.8816
       37.4892
       37.0558
       36.0416
       35.1349
       34.3182
        33.438
       32.4538
       32.1596
       32.1173
       31.9404
       31.6121
       31.9764
       32.3366
       32.6006
       32.8151
       32.9774
       33.4015
       33.6897
       33.9331
       34.2297
       34.2806
       34.1671
       33.2628
       31.8255
       31.3593
       31.1262
       39.3285
       44.8364
       47.2659
       46.3425
       45.6194
       45.2041
       44.9078
       44.4249
       44.0107
       43.6069
       43.2706
       43.4171
       43.7419
       43.8616
       43.8311
       43.8556
       43.9678
       43.6828
       43.3306
        42.999
       43.1358
       43.1049
       43.0397
        42.963
       42.9828
        42.999
       43.0395
       43.1282
       43.1294
       43.2526
       42.7637
       42.1831
       41.6623
       41.1581
       40.6453
       40.0659
       39.3768
       38.8369
       38.2249
       37.3376
       36.0472
       33.8805
       30.4582
       24.3919
       52.3742
        51.813
       14.7011
       7.21734
       7.21734
       7.21734
       7.21734
       7.21734
       7.21734
       7.21734
       7.21734
       7.21734
       7.21734
       7.21734
       7.21734
       7.21734
       7.21734
       7.21734
       7.21734
       7.21734
       7.21734
       7.21734
       7.21734
       7.21734
       7.21734
       7.21734
       7.21734
       7.21734
       7.21734
       7.21734
       7.21734
       7.21734
       7.21734
       7.21734
       7.21734
       7.21734
       7.21734
       7.21734
       7.21734
       7.21734
       7.21734
       7.21734
       7.21734
       7.21734
       7.21734
       7.21734
       7.21734
       7.21734
       7.21734
       7.21734
       7.21734
       7.21734
       7.21734
       7.21734
       7.21734
       7.21734
       7.21734
       7.21734
       7.21734
       7.21734
       7.21734
       7.21734
       7.21734
       7.21734
       7.21734
       7.28274
       7.34874
        7.4147
       7.45941
       7.50413
       7.54884
       7.59254
       7.63624
        7.6798
       7.71102
       7.74224
       7.77359
       7.81412
       7.85462
       7.86643
       7.88365
       7.90088
       7.91817
       7.93812
       7.95806
       7.97662
       7.94644
       7.91626
       7.88414
       7.79161
       7.69908
       7.60769
       7.54068
       7.47367
        7.4165
       7.40256
       7.38861
       7.38143
       7.38516
       7.38888
       7.39261
       7.37682
       7.35593
       7.19168
       6.95466
       6.66681
       6.20882
       5.74231
        5.2858
       4.81843
        4.3471
       4.07805
       3.91494
       3.75507
       3.59521
       3.64388
       3.72625
       3.80861
       3.90098
       4.00902
       4.20077
       4.37709
       4.55341
       4.74795
       4.89152
       5.00409
       4.96403
       4.90161
       5.28514
       6.07968
       9.13656
       11.1758
       12.2563
       12.4623
       12.5754
        12.679
       12.7633
       12.7807
       12.7981
       12.8203
       12.8756
       13.0619
       13.3043
       13.5013
       13.6554
       13.8078
       13.9583
       13.9966
       14.0002
       14.0037
       14.1129
       14.1819
       14.2361
       14.2835
       14.3507
       14.4149
       14.4791
       14.5433
         14.57
       14.5945
       14.4443
        14.242
       14.0397
       13.8407
       13.6476
       13.4545
       13.2618
       13.1466
       13.0675
       12.9882
       12.9065
       12.7668
       12.6271
       12.5029
            24
            24
       12.4843
