5                             
0                             3.4943                        
1                             3.4943                        
2                             3.4943                        
3                             3.4943                        
4                             3.4943                        
5                             3.4943                        
6                             3.4943                        
7                             3.4943                        
8                             3.4943                        
9                             3.4943                        
10                            3.4943                        
11                            3.4943                        
12                            3.4943                        
13                            3.4943                        
14                            3.4943                        
15                            3.4943                        
16                            3.4943                        
17                            3.4943                        
18                            3.4943                        
19                            3.4943                        
20                            3.4943                        
21                            3.4943                        
22                            3.4943                        
23                            3.4943                        
24                            3.4943                        
25                            3.4943                        
26                            3.4943                        
27                            3.4943                        
28                            3.4943                        
29                            3.4943                        
30                            3.4943                        
31                            3.4943                        
32                            3.4943                        
33                            3.4943                        
34                            3.4943                        
35                            3.4943                        
36                            3.4943                        
37                            3.4943                        
38                            3.4943                        
39                            3.4943                        
40                            3.4943                        
41                            3.4943                        
42                            3.4943                        
43                            3.4943                        
44                            3.4943                        
45                            3.4943                        
46                            3.4943                        
47                            3.4943                        
48                            3.4943                        
49                            3.4943                        
50                            3.4943                        
51                            3.4943                        
52                            3.4943                        
53                            3.4943                        
54                            3.4943                        
55                            3.4943                        
56                            3.4943                        
57                            3.4943                        
58                            3.4943                        
59                            3.4943                        
60                            3.4943                        
61                            3.4943                        
62                            3.4725                        
63                            3.4505                        
64                            3.4286                        
65                            3.4137                        
66                            3.3988                        
67                            3.3839                        
68                            3.3693                        
69                            3.3548                        
70                            3.3403                        
71                            3.3299                        
72                            3.3195                        
73                            3.309                         
74                            3.2955                        
75                            3.2821                        
76                            3.2736                        
77                            3.2633                        
78                            3.253                         
79                            3.2427                        
80                            3.2315                        
81                            3.2203                        
82                            3.2095                        
83                            3.215                         
84                            3.2205                        
85                            3.2266                        
86                            3.2529                        
87                            3.2791                        
88                            3.305                         
89                            3.3228                        
90                            3.3405                        
91                            3.355                         
92                            3.3551                        
93                            3.3552                        
94                            3.353                         
95                            3.3472                        
96                            3.3414                        
97                            3.3356                        
98                            3.3363                        
99                            3.3387                        
100                           3.3664                        
101                           3.4086                        
102                           3.4597                        
103                           3.5406                        
104                           3.6244                        
105                           3.7065                        
106                           3.7924                        
107                           3.8797                        
108                           3.9316                        
109                           3.9649                        
110                           3.997                         
111                           4.0291                        
112                           4.0254                        
113                           4.0166                        
114                           4.0079                        
115                           3.9958                        
116                           3.9785                        
117                           3.9472                        
118                           3.921                         
119                           3.8949                        
120                           3.8627                        
121                           3.8376                        
122                           3.8179                        
123                           3.8285                        
124                           3.8446                        
125                           3.7817                        
126                           3.6426                        
127                           3.108                         
128                           2.7512                        
129                           2.5621                        
130                           2.4963                        
131                           2.4615                        
132                           2.4298                        
133                           2.4045                        
134                           2.4016                        
135                           2.3986                        
136                           2.394                         
137                           2.3784                        
138                           2.3192                        
139                           2.2413                        
140                           2.1713                        
141                           2.1088                        
142                           2.047                         
143                           1.9857                        
144                           1.9618                        
145                           1.9495                        
146                           1.9371                        
147                           1.9063                        
148                           1.8928                        
149                           1.8841                        
150                           1.8777                        
151                           1.8639                        
152                           1.8425                        
153                           1.8212                        
154                           1.7998                        
155                           1.7909                        
156                           1.7826                        
157                           1.8147                        
158                           1.8643                        
159                           1.9138                        
160                           1.9622                        
161                           2.0086                        
162                           2.0551                        
163                           2.1014                        
164                           2.134                         
165                           2.1604                        
166                           2.1868                        
167                           2.2137                        
168                           2.2507                        
169                           2.2877                        
170                           2.3196                        
171                           0                             
172                           0                             
173                           2.324                         
