       910.517
       910.514
       910.513
       910.512
       910.512
       910.512
       910.513
       910.513
       910.514
       910.515
       910.516
       910.517
       910.518
       910.519
       910.521
       910.522
       910.523
       910.525
       910.527
       910.528
        910.53
       910.532
       910.533
       910.535
       910.537
       910.539
        910.54
       910.542
       910.544
       910.545
       910.547
       910.548
       910.549
        910.55
       910.551
       910.552
       910.553
       910.554
       910.554
       910.555
       910.555
       910.556
       910.556
       910.557
       910.557
       910.558
       910.559
       910.561
       910.564
       910.567
       910.571
       910.577
       910.585
       910.595
       910.608
       910.624
       910.644
       910.668
       910.698
       910.735
       910.779
       910.832
       910.895
        910.97
        911.06
       911.166
       911.291
       911.437
       911.607
       911.804
       912.031
        912.29
       912.585
       912.921
         913.3
        913.73
       914.215
       914.765
       915.344
       915.911
       916.461
       916.994
       917.508
       918.005
       918.485
       918.949
       919.396
       919.829
       920.248
       920.653
       921.045
       921.426
       921.795
       922.155
       922.504
       922.841
       923.167
       923.483
       923.791
       924.094
        924.39
       924.678
       924.953
       925.216
       925.467
       925.708
        925.94
        926.16
       926.363
       926.547
       926.701
       926.825
       926.923
       926.986
       926.981
       926.909
       926.767
       926.554
       926.269
        925.91
       925.472
       924.954
       924.352
       923.664
       922.888
       922.022
       921.065
       920.016
       918.873
       917.636
       916.312
       914.916
       913.457
       911.936
       910.359
       908.729
       907.047
       905.314
       903.535
       901.712
       899.854
       897.981
       896.125
       894.296
       892.503
       890.753
       889.055
       887.417
       885.852
       884.366
       882.956
       881.621
       880.358
       879.166
       878.044
       876.989
       876.002
       875.079
        874.22
       873.423
       872.685
       872.005
       871.382
       870.814
         870.3
       869.839
       869.431
       869.073
       868.765
       868.508
       868.302
       868.147
       868.047
       868.008
       880.271
        880.27
       880.269
       880.269
       880.269
       880.269
        880.27
       880.271
       880.271
       880.272
       880.273
       880.274
       880.275
       880.277
       880.278
       880.279
       880.281
       880.282
       880.284
       880.286
       880.287
       880.289
       880.291
       880.292
       880.294
       880.296
       880.298
       880.299
       880.301
       880.302
       880.304
       880.305
       880.306
       880.307
       880.308
       880.309
        880.31
       880.311
       880.311
       880.312
       880.312
       880.312
       880.313
       880.313
       880.314
       880.314
       880.315
       880.317
       880.319
       880.322
       880.327
       880.332
        880.34
       880.349
       880.362
       880.377
       880.396
        880.42
        880.45
       880.485
       880.528
        880.58
       880.669
       880.771
       880.887
        881.01
       881.152
       881.315
       881.502
       881.715
       881.957
       882.227
       882.533
       882.879
       883.272
       883.714
       884.206
       884.765
       885.352
       885.939
       886.509
        887.06
       887.591
       888.084
       888.561
        889.02
       889.438
       889.841
        890.23
       890.616
       890.989
       891.354
       891.727
       892.089
       892.444
       892.791
       893.126
       893.453
       893.763
       894.065
       894.341
       894.596
       894.831
        895.03
       895.215
       895.391
       895.552
         895.7
       895.859
       896.011
       896.135
       896.232
       896.329
       896.393
        896.39
       896.323
       896.194
       896.004
       895.735
       895.392
       894.979
       894.481
       893.894
       893.195
       892.402
       891.582
       890.733
       890.097
        889.23
       888.139
       886.896
       885.545
       884.123
       882.633
       881.058
       879.429
        877.75
       876.033
       874.325
       872.595
       870.823
       869.036
       867.263
       865.516
       863.758
       862.029
       860.352
       858.749
       857.196
       855.715
       854.308
       852.985
       851.749
       850.584
       849.488
       848.444
       847.467
       846.513
       845.602
       844.751
       843.962
       843.233
       842.561
       841.944
       841.392
       840.898
       840.456
       840.064
       839.715
       839.415
       839.173
       841.126
       841.025
       838.876
       850.075
       850.075
       850.075
       850.075
       850.075
       850.075
       850.076
       850.076
       850.077
       850.078
       850.079
        850.08
       850.081
       850.083
       850.084
       850.085
       850.087
       850.088
        850.09
       850.091
       850.093
       850.095
       850.097
       850.098
         850.1
       850.102
       850.103
       850.105
       850.106
       850.108
       850.109
       850.111
       850.112
       850.113
       850.114
       850.114
       850.115
       850.116
       850.116
       850.116
       850.116
       850.116
       850.116
       850.116
       850.117
       850.117
       850.118
       850.119
        850.12
       850.123
       850.126
       850.131
       850.137
       850.146
       850.157
       850.171
       850.188
        850.21
       850.237
       850.271
       850.311
        850.36
       850.473
       850.598
       850.737
       850.874
        851.03
       851.207
       851.406
       851.632
       851.886
       852.162
       852.474
       852.824
       853.224
        853.67
       854.158
       854.705
       855.301
       855.912
       856.504
       857.075
       857.626
       858.117
       858.591
       859.047
       859.437
       859.811
       860.172
        860.54
       860.895
       861.246
       861.623
       861.989
       862.349
       862.707
       863.053
        863.39
       863.703
       864.006
       864.263
       864.484
       864.679
       864.815
       864.932
       865.044
       865.135
       865.211
       865.326
       865.447
       865.542
        865.61
       865.707
       865.774
       865.774
       865.715
         865.6
       865.435
       865.185
        864.86
       864.472
       863.995
       863.427
       862.718
        861.91
       861.136
       860.398
       860.178
       859.587
       858.643
       857.483
       856.176
       854.793
       853.332
       851.757
       850.128
       848.449
       846.746
       845.105
       843.464
       841.777
       840.071
       838.379
       836.712
       834.987
       833.277
       831.619
        830.05
       828.508
       827.032
       825.627
       824.316
       823.105
       821.966
       820.896
       819.862
       818.895
        817.91
       816.945
       816.042
       815.201
       814.423
       813.701
       813.035
       812.445
       811.917
        811.44
       811.014
       810.621
       810.279
           810
       814.066
       813.965
       809.696
       819.924
       819.924
       819.924
       819.924
       819.925
       819.925
       819.925
       819.926
       819.927
       819.928
       819.929
        819.93
       819.931
       819.932
       819.934
       819.935
       819.936
       819.938
       819.939
       819.941
       819.943
       819.944
       819.946
       819.948
       819.949
       819.951
       819.953
       819.954
       819.956
       819.957
       819.958
       819.959
        819.96
       819.961
       819.962
       819.963
       819.963
       819.963
       819.964
       819.963
       819.963
       819.963
       819.962
       819.962
       819.962
       819.961
       819.961
       819.961
       819.962
       819.963
       819.965
       819.968
       819.973
        819.98
       819.989
           820
       820.015
       820.034
       820.057
       820.087
       820.122
       820.166
       820.301
       820.447
       820.607
       820.755
       820.922
       821.109
       821.318
       821.552
       821.815
       822.093
       822.406
       822.755
       823.157
       823.602
       824.083
        824.62
        825.21
       825.831
       826.447
        827.04
       827.612
       828.103
       828.576
        829.03
       829.393
        829.74
       830.074
       830.425
       830.763
       831.101
       831.482
       831.853
        832.22
       832.589
       832.946
       833.294
       833.611
       833.915
       834.154
       834.341
       834.496
       834.568
        834.62
       834.667
       834.689
       834.694
       834.766
       834.854
        834.92
        834.96
       835.059
       835.129
       835.135
       835.085
       834.987
       834.848
       834.617
       834.312
       833.951
       833.498
       832.948
       832.231
       831.409
       830.684
       830.057
       830.254
       829.943
       829.147
        828.07
       826.805
        825.46
       824.027
       822.452
       820.821
       819.141
       817.449
       815.872
       814.319
       812.715
       811.086
       809.473
       807.885
       806.192
       804.499
       802.859
       801.323
        799.79
       798.318
       796.915
       795.615
        794.43
       793.315
       792.271
       791.247
       790.289
       789.273
       788.254
       787.297
       786.404
       785.576
       784.805
       784.089
       783.459
       782.896
       782.384
       781.922
       781.485
       781.099
       780.781
       786.967
       786.864
        780.47
       789.812
       789.812
       789.812
       789.813
       789.813
       789.814
       789.814
       789.815
       789.816
       789.816
       789.817
       789.819
        789.82
       789.821
       789.822
       789.824
       789.825
       789.827
       789.828
        789.83
       789.831
       789.833
       789.835
       789.836
       789.838
       789.839
       789.841
       789.842
       789.844
       789.845
       789.846
       789.847
       789.848
       789.849
       789.849
        789.85
        789.85
        789.85
       789.849
       789.849
       789.848
       789.847
       789.846
       789.845
       789.844
       789.842
       789.841
        789.84
       789.839
       789.839
       789.839
        789.84
       789.843
       789.847
       789.853
       789.861
       789.872
       789.886
       789.905
       789.929
       789.959
       789.995
       790.149
       790.315
       790.493
        790.65
       790.825
        791.02
       791.235
       791.475
       791.742
       792.019
       792.328
       792.674
       793.073
       793.514
       793.983
       794.507
        795.08
       795.701
       796.339
       796.956
       797.549
       798.041
       798.515
       798.969
       799.305
       799.626
       799.934
       800.269
        800.59
       800.916
       801.303
       801.679
       802.053
       802.434
       802.803
       803.164
       803.485
       803.791
       804.011
       804.166
       804.281
       804.291
       804.277
        804.26
       804.214
       804.148
       804.175
       804.233
       804.271
       804.284
       804.384
       804.459
       804.471
       804.433
       804.353
       804.242
       804.033
       803.748
       803.416
       802.987
       802.457
       801.733
       800.898
       800.222
       799.709
       800.324
       800.293
       799.646
       798.653
        797.43
       796.122
       794.716
        793.14
       791.506
       789.823
       788.141
       786.626
       785.158
       783.636
       782.084
       780.547
       779.035
       777.371
       775.695
       774.072
       772.568
       771.045
       769.577
       768.174
       766.885
       765.724
       764.635
       763.615
       762.601
       761.653
       760.604
       759.531
        758.52
       757.574
       756.695
       755.873
       755.106
       754.436
       753.837
       753.289
       752.789
       752.307
       751.875
       751.517
       759.828
       759.725
       751.198
       759.735
       759.735
       759.735
       759.736
       759.736
       759.737
       759.737
       759.738
       759.739
        759.74
       759.741
       759.742
       759.743
       759.744
       759.745
       759.747
       759.748
        759.75
       759.751
       759.753
       759.754
       759.756
       759.757
       759.759
        759.76
       759.762
       759.763
       759.765
       759.766
       759.767
       759.768
       759.769
       759.769
        759.77
        759.77
        759.77
        759.77
        759.77
       759.769
       759.768
       759.767
       759.765
       759.763
       759.761
       759.759
       759.756
       759.753
       759.751
       759.748
       759.746
       759.744
       759.743
       759.742
       759.743
       759.745
       759.749
       759.755
       759.764
       759.777
       759.794
       759.816
       759.844
       760.016
       760.198
       760.392
       760.556
       760.737
       760.937
       761.155
       761.398
       761.667
       761.939
       762.242
        762.58
       762.974
       763.407
       763.862
       764.372
       764.928
       765.533
       766.178
       766.821
       767.438
       767.933
       768.408
       768.862
       769.173
       769.468
       769.751
        770.07
       770.376
        770.69
       771.084
       771.465
       771.848
       772.241
       772.624
       772.998
       773.324
       773.633
       773.834
       773.957
       774.033
       773.982
       773.903
       773.823
       773.708
       773.572
       773.554
       773.583
       773.594
        773.58
       773.681
       773.762
       773.784
        773.76
       773.698
       773.617
        773.43
       773.168
       772.865
       772.462
       771.952
       771.222
       770.374
       769.748
       769.349
       770.384
       770.633
       770.136
       769.228
       768.048
       766.776
       765.397
       763.818
       762.179
       760.491
       758.816
       757.363
        755.98
       754.538
       753.062
         751.6
       750.162
       748.526
       746.865
       745.259
       743.787
       742.273
       740.808
       739.406
       738.127
       736.992
       735.927
       734.932
       733.927
       732.987
       731.905
       730.778
       729.712
       728.713
       727.783
       726.908
       726.089
       725.377
       724.741
       724.155
       723.616
       723.087
       722.607
        722.21
       732.652
       732.547
       721.881
       729.687
       729.688
       729.688
       729.688
       729.689
       729.689
        729.69
       729.691
       729.691
       729.692
       729.693
       729.694
       729.696
       729.697
       729.698
       729.699
       729.701
       729.702
       729.704
       729.705
       729.707
       729.708
        729.71
       729.711
       729.712
       729.714
       729.715
       729.716
       729.717
       729.718
       729.719
        729.72
        729.72
       729.721
        729.72
        729.72
        729.72
       729.719
       729.717
       729.716
       729.714
       729.711
       729.708
       729.705
       729.702
       729.698
       729.694
       729.689
       729.684
        729.68
       729.675
       729.671
       729.667
       729.663
       729.661
        729.66
        729.66
       729.663
       729.669
       729.678
       729.691
       729.709
       729.897
       730.094
       730.302
       730.471
       730.655
       730.857
       731.077
        731.32
       731.588
       731.853
       732.148
       732.475
       732.861
       733.283
       733.722
       734.217
       734.755
        735.34
       735.981
       736.637
        737.28
       737.777
       738.254
       738.709
       738.995
       739.265
       739.523
       739.828
       740.119
       740.422
       740.822
        741.21
       741.602
       742.009
       742.405
       742.793
       743.125
       743.438
       743.622
       743.714
       743.751
       743.639
       743.496
       743.355
       743.172
       742.967
       742.905
       742.905
       742.889
       742.849
       742.949
       743.039
       743.074
       743.064
       743.024
       742.973
        742.81
        742.57
       742.298
        741.92
       741.432
       740.696
       739.836
       739.261
       738.976
       740.431
       740.962
       740.615
       739.792
       738.654
       737.418
       736.065
       734.481
       732.836
       731.143
       729.475
       728.081
       726.782
        725.42
        724.02
       722.632
       721.267
       719.659
       718.012
       716.422
       714.982
       713.477
       712.015
       710.613
       709.344
       708.233
       707.193
       706.223
       705.227
       704.296
       703.181
       701.998
       700.877
       699.823
        698.84
       697.913
        697.04
       696.284
       695.609
       694.982
       694.403
       693.825
       693.296
       692.857
       705.436
        705.33
       692.519
       699.665
       699.665
       699.666
       699.666
       699.667
       699.667
       699.668
       699.669
       699.669
        699.67
       699.671
       699.672
       699.673
       699.675
       699.676
       699.677
       699.679
        699.68
       699.681
       699.683
       699.684
       699.686
       699.687
       699.688
        699.69
       699.691
       699.692
       699.693
       699.694
       699.695
       699.696
       699.696
       699.696
       699.696
       699.696
       699.695
       699.694
       699.692
        699.69
       699.688
       699.685
       699.682
       699.678
       699.674
       699.669
       699.663
       699.657
       699.651
       699.643
       699.636
       699.628
        699.62
       699.612
       699.604
       699.597
        699.59
       699.584
        699.58
       699.577
       699.577
        699.58
       699.586
       699.789
           700
       700.221
       700.392
       700.578
        700.78
           701
       701.241
       701.505
        701.76
       702.044
       702.359
       702.734
       703.145
       703.566
       704.043
       704.563
       705.127
       705.745
       706.407
       707.074
       707.574
       708.054
        708.51
        708.77
       709.016
       709.249
       709.539
       709.816
       710.108
       710.516
       710.912
       711.313
       711.735
       712.145
       712.549
       712.888
       713.205
       713.372
       713.433
       713.433
        713.26
       713.056
       712.854
       712.604
       712.331
       712.225
       712.198
       712.156
       712.092
       712.197
       712.296
       712.341
       712.347
       712.328
       712.309
        712.17
       711.954
       711.713
       711.362
       710.896
       710.153
       709.282
       708.757
       708.587
       710.463
       711.275
        711.08
        710.34
       709.244
       708.044
       706.716
       705.128
       703.476
       701.776
       700.114
       698.779
       697.565
       696.283
       694.957
       693.642
       692.351
        690.77
       689.136
       687.562
       686.154
       684.657
       683.197
       681.796
       680.538
       679.452
       678.436
       677.491
       676.504
       675.581
       674.433
       673.195
       672.017
       670.907
       669.871
       668.888
        667.96
       667.159
       666.442
       665.773
       665.151
       664.521
       663.941
        663.46
       678.181
       678.073
       663.108
       669.664
       669.664
       669.664
       669.665
       669.665
       669.666
       669.667
       669.667
       669.668
       669.669
        669.67
       669.671
       669.672
       669.673
       669.674
       669.676
       669.677
       669.678
        669.68
       669.681
       669.682
       669.684
       669.685
       669.686
       669.687
       669.689
        669.69
       669.691
       669.691
       669.692
       669.692
       669.692
       669.692
       669.692
       669.691
        669.69
       669.688
       669.686
       669.684
       669.681
       669.677
       669.673
       669.668
       669.662
       669.655
       669.648
        669.64
       669.631
       669.621
       669.611
         669.6
       669.588
       669.575
       669.562
       669.549
       669.536
       669.523
       669.511
       669.499
       669.489
        669.48
       669.474
       669.689
       669.913
       670.145
       670.317
       670.502
       670.704
       670.921
       671.158
       671.417
       671.661
       671.931
       672.232
       672.595
       672.992
       673.394
       673.854
       674.354
       674.898
       675.497
       676.147
       676.822
       677.324
       677.805
       678.262
       678.498
       678.718
       678.927
       679.203
       679.465
       679.748
       680.163
       680.566
       680.979
       681.415
       681.842
       682.261
       682.608
        682.93
       683.081
       683.113
       683.078
       682.846
       682.581
       682.318
       682.004
       681.661
       681.515
       681.461
       681.397
        681.31
        681.42
        681.53
       681.587
       681.608
       681.611
       681.624
        681.51
       681.319
       681.109
       680.784
        680.34
       679.592
       678.708
       678.235
       678.179
       680.475
        681.57
       681.527
        680.87
       679.816
        678.65
       677.348
       675.753
       674.094
       672.387
        670.73
       669.455
       668.325
       667.122
       665.871
       664.629
       663.412
       661.857
       660.238
       658.679
       657.302
       655.814
       654.358
       652.957
        651.71
       650.649
       649.659
       648.739
       647.761
       646.846
       645.664
       644.369
       643.135
       641.968
       640.877
       639.838
       638.852
       638.003
       637.242
       636.528
       635.859
       635.175
       634.542
       634.015
       650.885
       650.776
       633.649
       639.678
       639.679
       639.679
        639.68
        639.68
       639.681
       639.681
       639.682
       639.683
       639.684
       639.685
       639.686
       639.687
       639.688
       639.689
        639.69
       639.691
       639.693
       639.694
       639.695
       639.697
       639.698
       639.699
         639.7
       639.701
       639.702
       639.703
       639.704
       639.705
       639.705
       639.705
       639.705
       639.704
       639.704
       639.702
       639.701
       639.699
       639.696
       639.693
       639.689
       639.684
       639.679
       639.673
       639.665
       639.657
       639.648
       639.638
       639.626
       639.614
         639.6
       639.585
       639.569
       639.552
       639.534
       639.514
       639.494
       639.473
       639.452
       639.431
       639.409
       639.388
       639.369
       639.596
        639.83
       640.072
       640.244
       640.428
       640.627
       640.839
        641.07
       641.323
       641.553
        641.81
       642.094
       642.444
       642.826
       643.208
       643.648
       644.128
        644.65
       645.228
       645.855
       646.525
       647.026
       647.508
       647.965
       648.176
       648.371
       648.555
       648.817
       649.064
       649.337
       649.761
       650.172
       650.596
       651.048
       651.492
       651.928
       652.284
       652.612
       652.748
       652.752
       652.682
       652.394
       652.069
       651.748
       651.369
       650.958
       650.771
       650.694
       650.608
       650.501
       650.618
       650.739
       650.808
       650.846
       650.873
       650.918
        650.83
       650.663
       650.484
       650.187
       649.765
        649.01
       648.114
        647.69
       647.748
       650.466
       651.844
       651.951
       651.378
       650.365
       649.233
       647.954
       646.354
       644.687
       642.972
       641.319
       640.104
        639.06
       637.936
       636.759
       635.592
       634.448
       632.921
       631.316
       629.773
       628.429
       626.949
       625.497
       624.098
       622.862
       621.827
       620.863
       619.968
           619
       618.094
       616.878
       615.526
       614.234
        613.01
       611.862
       610.765
       609.719
       608.818
        608.01
       607.247
       606.529
       605.787
       605.097
       604.522
       623.548
       623.435
       604.138
       609.705
       609.705
       609.706
       609.706
       609.707
       609.707
       609.708
       609.709
       609.709
        609.71
       609.711
       609.712
       609.713
       609.714
       609.715
       609.716
       609.718
       609.719
        609.72
       609.721
       609.722
       609.724
       609.725
       609.726
       609.727
       609.728
       609.728
       609.729
       609.729
       609.729
       609.729
       609.729
       609.728
       609.727
       609.725
       609.723
       609.721
       609.717
       609.713
       609.709
       609.703
       609.696
       609.689
        609.68
        609.67
       609.659
       609.647
       609.633
       609.617
         609.6
       609.581
       609.561
       609.538
       609.514
       609.489
       609.461
       609.432
       609.401
       609.369
       609.336
       609.302
       609.268
       609.506
        609.75
           610
       610.171
       610.352
       610.547
       610.753
       610.978
       611.223
       611.438
       611.678
       611.946
       612.281
       612.647
       613.008
       613.427
       613.886
       614.386
       614.942
       615.545
       616.195
       616.676
        617.16
       617.618
       617.803
       617.972
        618.13
       618.377
       618.611
       618.873
       619.306
       619.725
       620.161
        620.63
       621.092
       621.547
       621.912
       622.247
        622.37
       622.347
       622.244
       621.901
       621.518
       621.139
       620.698
        620.22
       619.995
       619.895
       619.789
       619.663
       619.788
       619.919
       620.004
       620.061
       620.111
        620.19
       620.128
       619.986
       619.838
       619.568
       619.167
       618.405
       617.496
       617.121
       617.292
       620.432
       622.092
        622.35
        621.86
       620.886
       619.788
       618.533
       616.927
       615.251
       613.528
        611.88
       610.725
       609.766
       608.722
        607.62
       606.528
       605.458
        603.96
        602.37
       600.844
       599.532
       598.063
       596.616
       595.219
       593.996
       592.988
       592.051
       591.182
       590.224
       589.327
       588.077
       586.669
       585.318
       584.035
       582.829
       581.671
       580.563
       579.608
       578.748
       577.933
        577.16
       576.356
       575.606
       574.979
       596.167
       596.049
       574.571
       579.739
       579.739
        579.74
        579.74
       579.741
       579.741
       579.742
       579.742
       579.743
       579.744
       579.745
       579.746
       579.747
       579.748
       579.749
        579.75
       579.751
       579.752
       579.753
       579.755
       579.756
       579.757
       579.758
       579.759
        579.76
        579.76
       579.761
       579.761
       579.761
       579.761
       579.761
        579.76
       579.759
       579.758
       579.756
       579.753
        579.75
       579.746
       579.741
       579.736
       579.729
       579.721
       579.712
       579.702
       579.691
       579.677
       579.663
       579.646
       579.627
       579.607
       579.584
       579.559
       579.531
       579.501
       579.468
       579.433
       579.395
       579.355
       579.312
       579.266
       579.218
       579.169
       579.417
       579.671
       579.928
       580.096
       580.273
       580.463
       580.663
       580.879
       581.114
       581.314
       581.537
       581.787
       582.106
       582.455
       582.793
       583.192
       583.628
       584.104
       584.637
       585.217
       585.841
        586.29
       586.761
       587.219
       587.376
       587.518
        587.65
       587.882
         588.1
       588.352
       588.794
       589.223
        589.67
       590.158
       590.638
       591.113
        591.49
       591.832
       591.942
       591.895
       591.761
       591.367
       590.926
       590.492
       589.987
       589.444
       589.183
       589.063
       588.938
       588.795
        588.93
       589.074
       589.175
       589.251
       589.326
       589.439
       589.403
       589.286
        589.17
       588.925
       588.545
       587.775
       586.852
       586.525
       586.808
       590.371
       592.313
       592.722
       592.313
       591.379
       590.314
       589.082
       587.468
       585.783
       584.052
       582.408
       581.314
       580.441
       579.478
       578.452
       577.435
       576.441
       574.973
       573.399
       571.891
       570.613
       569.156
       567.715
       566.323
       565.114
       564.134
       563.225
       562.384
       561.437
        560.55
       559.267
       557.801
       556.391
       555.049
       553.783
       552.562
       551.388
       550.375
       549.459
       548.585
       547.753
       546.881
       546.065
       545.382
        568.74
       568.615
       544.943
       549.776
       549.776
       549.776
       549.777
       549.777
       549.778
       549.778
       549.779
        549.78
       549.781
       549.782
       549.782
       549.783
       549.784
       549.785
       549.786
       549.788
       549.789
        549.79
       549.791
       549.792
       549.793
       549.794
       549.794
       549.795
       549.796
       549.796
       549.796
       549.796
       549.796
       549.795
       549.794
       549.793
       549.791
       549.789
       549.786
       549.782
       549.777
       549.772
       549.765
       549.758
       549.749
       549.739
       549.727
       549.714
       549.699
       549.682
       549.662
       549.641
       549.616
       549.589
        549.56
       549.527
        549.49
       549.451
       549.407
        549.36
        549.31
       549.255
       549.197
       549.135
       549.069
       549.327
       549.589
       549.853
       550.017
        550.19
       550.374
       550.565
       550.773
       550.998
       551.181
       551.386
       551.616
       551.918
       552.249
       552.564
       552.941
       553.354
       553.807
       554.315
        554.87
       555.467
       555.865
       556.312
       556.767
       556.895
       557.009
       557.113
       557.328
        557.53
       557.771
       558.221
        558.66
        559.12
       559.627
       560.127
       560.622
       561.011
       561.363
       561.463
       561.392
       561.231
       560.786
        560.29
       559.801
       559.236
       558.629
       558.333
       558.195
       558.055
       557.896
       558.044
       558.204
       558.322
       558.416
       558.516
       558.664
       558.654
       558.562
       558.477
       558.258
       557.897
       557.119
       556.179
       555.899
       556.294
       560.278
       562.503
       563.062
       562.734
       561.838
       560.805
       559.595
       557.973
       556.279
       554.539
         552.9
       551.868
       551.082
       550.201
       549.251
        548.31
       547.395
       545.957
       544.401
       542.913
       541.672
       540.228
       538.795
       537.409
       536.216
       535.267
       534.387
       533.576
       532.642
       531.765
       530.449
       528.928
       527.459
       526.056
       524.728
       523.442
       522.198
       521.122
       520.145
       519.207
       518.307
       517.361
       516.471
       515.725
       541.262
       541.128
       515.245
       519.811
       519.811
       519.812
       519.812
       519.813
       519.813
       519.814
       519.814
       519.815
       519.816
       519.817
       519.818
       519.819
       519.819
        519.82
       519.821
       519.822
       519.823
       519.824
       519.825
       519.826
       519.827
       519.828
       519.829
       519.829
        519.83
        519.83
        519.83
        519.83
       519.829
       519.828
       519.827
       519.825
       519.823
        519.82
       519.817
       519.813
       519.807
       519.801
       519.794
       519.786
       519.776
       519.764
       519.751
       519.736
       519.719
         519.7
       519.678
       519.653
       519.625
       519.594
        519.56
       519.521
       519.479
       519.432
       519.381
       519.324
       519.263
       519.197
       519.125
       519.048
       518.966
       519.234
       519.503
       519.773
       519.933
         520.1
       520.277
        520.46
       520.658
       520.872
       521.037
       521.223
       521.433
       521.718
        522.03
       522.321
       522.675
       523.064
       523.492
       523.977
       524.506
       525.075
       525.426
       525.828
       526.259
       526.358
       526.439
       526.513
        526.71
       526.896
       527.125
       527.584
       528.031
       528.506
       529.033
       529.555
       530.072
       530.474
       530.837
       530.928
       530.836
        530.65
       530.155
       529.606
       529.065
        528.44
       527.773
       527.444
        527.29
       527.137
       526.965
       527.128
       527.308
       527.441
       527.556
       527.681
       527.863
        527.88
       527.813
       527.758
       527.564
       527.223
       526.434
       525.476
       525.241
       525.745
       530.151
       532.659
       533.366
       533.117
       532.258
       531.256
       530.068
       528.437
       526.734
       524.986
       523.354
       522.386
       521.687
       520.887
       520.015
       519.153
       518.316
       516.911
       515.375
        513.91
       512.708
       511.279
       509.858
        508.48
       507.306
       506.389
       505.542
       504.762
       503.842
       502.978
       501.631
       500.053
       498.526
       497.062
       495.671
       494.316
       492.999
       491.855
       490.809
       489.799
       488.824
       487.794
       486.821
       486.004
       513.727
       513.581
       485.468
        489.84
       489.841
       489.841
       489.842
       489.842
       489.843
       489.843
       489.844
       489.844
       489.845
       489.846
       489.847
       489.848
       489.849
       489.849
        489.85
       489.851
       489.852
       489.853
       489.854
       489.855
       489.856
       489.856
       489.857
       489.857
       489.858
       489.858
       489.858
       489.857
       489.857
       489.856
       489.854
       489.852
        489.85
       489.846
       489.842
       489.838
       489.832
       489.825
       489.817
       489.808
       489.797
       489.784
        489.77
       489.753
       489.734
       489.713
       489.688
       489.661
       489.629
       489.594
       489.555
       489.511
       489.463
       489.409
        489.35
       489.284
       489.212
       489.134
       489.049
       488.957
       488.858
       489.134
       489.411
       489.687
       489.842
       490.003
       490.172
       490.346
       490.533
       490.735
       490.881
       491.048
       491.237
       491.504
       491.796
       492.064
       492.394
       492.759
       493.162
       493.621
       494.125
       494.667
       494.968
        495.32
       495.713
       495.762
       495.807
       495.847
       496.025
       496.192
       496.408
       496.875
       497.332
       497.822
       498.371
       498.916
       499.456
       499.872
       500.248
       500.332
       500.223
       500.014
       499.472
       498.872
        498.28
       497.598
       496.872
       496.514
       496.346
        496.18
       495.997
       496.179
        496.38
       496.531
       496.667
       496.819
       497.037
        497.08
       497.038
       497.014
       496.844
       496.519
       495.718
        494.74
       494.548
       495.159
       499.986
       502.775
       503.629
       503.459
       502.635
       501.663
       500.495
       498.855
       497.143
       495.388
       493.763
       492.861
       492.251
       491.537
       490.744
       489.961
       489.204
       487.834
       486.321
       484.881
        483.72
       482.311
       480.902
       479.536
       478.383
       477.502
        476.69
       475.944
       475.041
       474.191
       472.815
       471.183
       469.598
       468.073
       466.617
       465.192
       463.797
        462.58
       461.459
       460.366
       459.305
       458.179
        457.11
       456.209
       486.129
       485.967
       455.598
        459.86
        459.86
        459.86
       459.861
       459.861
       459.862
       459.862
       459.863
       459.864
       459.864
       459.865
       459.866
       459.867
       459.867
       459.868
       459.869
        459.87
       459.871
       459.872
       459.873
       459.873
       459.874
       459.875
       459.875
       459.875
       459.876
       459.875
       459.875
       459.875
       459.874
       459.873
       459.871
       459.869
       459.866
       459.862
       459.858
       459.853
       459.846
       459.839
       459.831
        459.82
       459.809
       459.795
       459.779
       459.761
       459.741
       459.717
        459.69
        459.66
       459.625
       459.587
       459.543
       459.494
        459.44
       459.379
       459.311
       459.237
       459.155
       459.065
       458.966
       458.859
       458.743
       459.027
        459.31
       459.592
       459.742
       459.896
       460.057
       460.221
       460.397
       460.586
       460.713
        460.86
       461.027
       461.275
       461.548
        461.79
       462.097
       462.437
       462.815
       463.249
       463.726
       464.241
       464.492
       464.792
       465.126
       465.113
       465.106
       465.105
       465.267
       465.414
       465.616
       466.089
       466.556
       467.062
       467.635
       468.205
       468.769
         469.2
       469.591
       469.671
       469.548
       469.319
       468.732
       468.084
       467.444
       466.707
       465.924
       465.539
       465.359
       465.184
       464.991
       465.192
       465.416
       465.587
       465.747
       465.929
       466.183
       466.255
       466.238
       466.243
       466.095
       465.786
        464.97
       463.969
       463.816
        464.53
       469.778
       472.846
       473.846
       473.752
       472.962
       472.019
       470.871
       469.222
       467.501
       465.739
       464.124
       463.288
       462.771
       462.145
       461.433
       460.733
       460.059
       458.726
       457.238
       455.825
       454.709
       453.321
        451.93
       450.579
       449.451
       448.609
       447.835
       447.126
       446.243
       445.411
       444.008
       442.325
       440.683
       439.097
       437.577
       436.079
       434.602
       433.304
       432.099
       430.914
       429.753
       428.514
       427.332
        426.33
       458.458
       458.276
       425.617
       429.864
       429.864
       429.865
       429.865
       429.866
       429.866
       429.867
       429.867
       429.868
       429.869
       429.869
        429.87
       429.871
       429.872
       429.872
       429.873
       429.874
       429.875
       429.876
       429.876
       429.877
       429.878
       429.878
       429.878
       429.879
       429.879
       429.879
       429.878
       429.877
       429.876
       429.875
       429.873
       429.871
       429.867
       429.864
       429.859
       429.854
       429.847
       429.839
        429.83
       429.819
       429.807
       429.792
       429.775
       429.756
       429.734
       429.709
        429.68
       429.647
       429.609
       429.567
        429.52
       429.466
       429.406
       429.338
       429.263
        429.18
       429.087
       428.985
       428.873
       428.751
       428.618
        428.91
         429.2
       429.486
       429.631
       429.778
        429.93
       430.084
       430.248
       430.424
       430.532
       430.657
       430.803
       431.032
       431.284
       431.501
       431.783
       432.099
        432.45
       432.859
        433.31
       433.798
       434.001
        434.25
        434.53
       434.434
        434.36
       434.312
       434.437
       434.557
       434.741
       435.218
       435.694
       436.219
       436.822
       437.417
       438.004
       438.452
        438.86
        438.94
       438.806
       438.559
       437.931
       437.237
       436.553
       435.765
       434.928
       434.517
       434.328
       434.144
       433.943
       434.168
        434.42
        434.61
       434.797
       435.009
       435.303
       435.403
       435.411
       435.445
       435.319
       435.023
       434.188
       433.161
       433.043
       433.859
       439.524
       442.869
       444.011
        443.99
       443.232
       442.317
        441.19
       439.532
       437.802
       436.035
        434.43
       433.665
       433.243
       432.707
        432.08
       431.465
       430.877
       429.584
       428.124
       426.742
       425.673
       424.311
        422.94
       421.608
       420.509
        419.71
       418.979
       418.312
       417.453
       416.643
       415.217
       413.484
       411.789
       410.145
       408.559
       406.987
       405.425
        404.04
        402.74
       401.449
       400.172
       398.801
       397.483
       396.357
       430.701
       430.493
         395.5
        399.85
        399.85
        399.85
       399.851
       399.851
       399.852
       399.852
       399.853
       399.853
       399.854
       399.855
       399.855
       399.856
       399.857
       399.857
       399.858
       399.859
        399.86
        399.86
       399.861
       399.861
       399.862
       399.862
       399.863
       399.863
       399.863
       399.862
       399.862
       399.861
        399.86
       399.858
       399.856
       399.854
        399.85
       399.846
       399.842
       399.836
       399.829
       399.821
       399.811
         399.8
       399.787
       399.771
       399.754
       399.733
        399.71
       399.683
       399.653
       399.618
       399.578
       399.533
       399.481
       399.423
       399.358
       399.284
       399.202
        399.11
       399.008
       398.894
       398.769
       398.631
       398.481
       398.782
       399.078
       399.369
       399.507
       399.647
        399.79
       399.933
       400.085
       400.247
       400.335
       400.439
       400.562
       400.771
       401.003
       401.194
       401.452
       401.742
       402.067
       402.451
       402.877
       403.338
       403.493
       403.696
       403.931
       403.764
       403.628
       403.522
       403.606
       403.694
       403.856
       404.334
       404.811
       405.337
       405.949
       406.553
       407.155
       407.619
       408.048
       408.134
       407.992
       407.729
       407.062
       406.329
       405.605
       404.769
       403.882
       403.447
       403.249
       403.058
        402.85
       403.099
       403.377
       403.594
       403.812
        404.06
       404.396
       404.526
        404.56
       404.622
       404.514
       404.229
       403.372
       402.313
       402.225
       403.137
       409.218
       412.838
       414.119
       414.169
       413.441
       412.552
       411.443
       409.777
       408.039
       406.268
       404.677
       403.984
       403.662
       403.218
       402.679
       402.152
       401.655
       400.406
       398.976
       397.628
       396.611
       395.279
       393.934
       392.625
        391.56
       390.809
       390.125
       389.504
       388.675
        387.89
       386.446
        384.67
       382.925
       381.225
       379.577
       377.929
       376.279
       374.801
       373.397
       371.984
        370.57
       369.041
       367.559
       366.275
       402.842
         402.6
       365.218
       369.811
       369.812
       369.812
       369.812
       369.813
       369.813
       369.814
       369.814
       369.815
       369.816
       369.816
       369.817
       369.817
       369.818
       369.819
        369.82
        369.82
       369.821
       369.821
       369.822
       369.822
       369.823
       369.823
       369.823
       369.823
       369.823
       369.823
       369.822
       369.821
        369.82
       369.818
       369.816
       369.814
        369.81
       369.806
       369.801
       369.795
       369.788
       369.779
        369.77
       369.758
       369.744
       369.729
        369.71
       369.689
       369.665
       369.637
       369.605
       369.569
       369.527
       369.479
       369.425
       369.363
       369.293
       369.214
       369.125
       369.025
       368.913
       368.789
        368.65
       368.498
        368.33
        368.64
       368.942
       369.238
        369.37
       369.502
       369.636
       369.767
       369.906
       370.054
       370.122
       370.205
       370.305
       370.493
       370.704
       370.868
       371.101
       371.366
       371.665
       372.023
       372.423
       372.858
       372.967
       373.127
       373.321
       373.094
       372.903
       372.748
       372.797
       372.857
       372.997
       373.471
       373.944
       374.466
       375.072
       375.676
       376.285
       376.751
       377.185
       377.265
       377.102
       376.818
       376.117
       375.355
       374.602
       373.722
       372.785
       372.328
        372.12
       371.922
       371.706
       371.976
       372.282
       372.536
       372.792
       373.082
       373.463
       373.626
       373.685
       373.774
       373.684
       373.405
       372.523
       371.427
       371.363
       372.365
       378.856
       382.746
       384.163
        384.28
       383.579
       382.715
       381.624
       379.949
       378.205
       376.432
       374.857
        374.24
        374.02
       373.673
       373.226
       372.792
       372.388
       371.186
       369.792
       368.482
       367.521
       366.224
       364.909
       363.629
       362.603
       361.906
       361.275
       360.707
       359.912
        359.16
       357.705
       355.891
       354.102
       352.351
       350.644
       348.923
       347.182
       345.606
       344.086
       342.536
       340.962
       339.244
       337.558
       336.071
       374.859
       374.576
       334.733
       339.745
       339.746
       339.746
       339.746
       339.747
       339.747
       339.748
       339.748
       339.749
       339.749
        339.75
        339.75
       339.751
       339.752
       339.752
       339.753
       339.753
       339.754
       339.755
       339.755
       339.755
       339.756
       339.756
       339.756
       339.756
       339.756
       339.756
       339.755
       339.754
       339.752
       339.751
       339.748
       339.746
       339.742
       339.738
       339.733
       339.727
        339.72
       339.711
       339.701
       339.689
       339.676
        339.66
       339.641
        339.62
       339.595
       339.566
       339.533
       339.496
       339.452
       339.403
       339.346
       339.281
       339.207
       339.124
       339.029
       338.922
       338.801
       338.666
       338.516
       338.349
       338.164
       338.482
       338.791
       339.091
       339.217
        339.34
       339.465
       339.584
        339.71
       339.844
       339.891
       339.951
       340.028
       340.196
       340.385
       340.522
        340.73
       340.968
       341.241
       341.573
       341.947
       342.355
       342.416
       342.534
       342.694
       342.413
       342.174
       341.978
       342.002
       342.038
       342.157
       342.627
       343.093
       343.609
       344.213
       344.818
       345.429
       345.893
       346.328
       346.388
       346.201
        345.89
       345.139
       344.336
       343.549
       342.623
       341.636
       341.157
       340.938
       340.733
       340.516
       340.805
       341.145
       341.436
        341.74
       342.078
       342.508
       342.706
       342.792
       342.907
       342.831
       342.556
       341.642
       340.502
       340.454
       341.537
       348.433
       352.587
       354.134
       354.313
       353.637
       352.796
       351.724
        350.04
       348.291
        346.52
       344.963
       344.426
       344.312
       344.067
       343.715
       343.378
       343.073
       341.922
       340.568
       339.301
       338.402
       337.145
       335.867
       334.621
        333.64
       333.003
       332.431
       331.922
        331.17
       330.458
       328.998
       327.155
       325.331
       323.538
       321.777
       319.987
       318.158
        316.48
       314.835
        313.13
       311.368
       309.423
       307.485
       305.734
       346.724
       346.391
       304.001
       309.647
       309.647
       309.647
       309.648
       309.648
       309.648
       309.649
       309.649
        309.65
        309.65
       309.651
       309.651
       309.652
       309.652
       309.653
       309.654
       309.654
       309.655
       309.655
       309.656
       309.656
       309.656
       309.656
       309.656
       309.656
       309.656
       309.656
       309.655
       309.654
       309.652
       309.651
       309.648
       309.646
       309.642
       309.638
       309.633
       309.627
        309.62
       309.611
       309.601
       309.589
       309.576
        309.56
       309.541
        309.52
       309.495
       309.466
       309.433
       309.395
       309.351
         309.3
       309.242
       309.175
       309.098
       309.011
       308.911
       308.798
        308.67
       308.526
       308.364
       308.183
       307.982
       308.308
       308.624
       308.928
       309.047
       309.162
       309.276
       309.384
       309.496
       309.615
       309.641
       309.679
       309.732
       309.879
       310.045
       310.155
       310.337
       310.548
       310.793
         311.1
       311.447
       311.829
       311.848
       311.938
       312.072
       311.744
       311.464
       311.231
       311.233
        311.25
       311.353
       311.819
       312.277
       312.786
       313.384
       313.983
       314.588
       315.045
       315.477
       315.523
       315.317
       314.978
       314.171
       313.301
        312.45
       311.472
       310.436
       309.939
       309.728
       309.534
       309.326
       309.647
       310.007
       310.333
       310.682
       311.056
       311.533
       311.771
       311.885
       312.026
       311.962
       311.684
       310.731
       309.538
       309.496
       310.649
        317.94
       322.351
        324.02
       324.257
       323.601
       322.783
        321.73
        320.04
        318.29
       316.523
        314.99
       314.537
       314.533
       314.392
       314.141
       313.905
       313.703
        312.61
       311.301
       310.083
       309.252
       308.041
       306.804
       305.599
        304.67
         304.1
       303.595
       303.153
       302.451
       301.788
       300.334
       298.473
       296.625
       294.799
       292.996
       291.146
       289.234
       287.454
       285.677
       283.801
       281.822
       279.608
       277.356
        275.26
       318.402
       318.011
       272.977
       279.511
       279.511
       279.511
       279.512
       279.512
       279.512
       279.513
       279.513
       279.514
       279.514
       279.515
       279.515
       279.516
       279.516
       279.517
       279.517
       279.518
       279.518
       279.519
       279.519
       279.519
       279.519
        279.52
        279.52
       279.519
       279.519
       279.519
       279.518
       279.517
       279.515
       279.514
       279.511
       279.509
       279.505
       279.501
       279.496
        279.49
       279.483
       279.475
       279.465
       279.454
       279.441
       279.425
       279.407
       279.386
       279.361
       279.333
         279.3
       279.262
       279.218
       279.167
       279.108
        279.04
       278.962
       278.872
        278.77
       278.652
       278.517
       278.364
       278.192
       277.997
       277.781
       278.116
       278.438
       278.746
       278.858
       278.964
       279.067
       279.163
       279.262
       279.366
        279.37
       279.385
       279.413
       279.538
       279.682
       279.765
        279.92
       280.105
       280.317
       280.602
       280.936
        281.32
       281.328
         281.4
       281.516
       281.145
       280.824
       280.553
       280.529
        280.52
         280.6
       281.058
       281.506
       282.006
       282.597
       283.187
       283.784
       284.226
       284.648
        284.68
        284.45
        284.08
       283.218
       282.281
       281.363
       280.322
       279.237
       278.727
       278.531
       278.351
       278.167
       278.525
       278.917
       279.266
       279.616
       280.011
       280.537
       280.826
       280.971
       281.137
       281.081
       280.796
       279.796
       278.539
        278.49
       279.697
        287.37
       292.026
       293.809
       294.097
       293.457
       292.659
       291.627
       289.934
       288.187
       286.431
       284.926
       284.563
       284.676
       284.644
       284.498
       284.368
       284.274
       283.243
       281.984
       280.822
       280.066
       278.908
       277.721
       276.564
       275.694
       275.198
       274.767
         274.4
       273.758
       273.154
       271.719
       269.853
       267.995
       266.153
       264.322
       262.426
       260.444
       258.568
        256.66
         254.6
       252.378
       249.846
       247.206
       244.663
       289.853
       289.395
       241.621
       249.333
       249.333
       249.334
       249.334
       249.334
       249.335
       249.335
       249.336
       249.336
       249.336
       249.337
       249.337
       249.338
       249.338
       249.339
       249.339
       249.339
        249.34
        249.34
       249.341
       249.341
       249.341
       249.341
       249.341
       249.341
        249.34
        249.34
       249.339
       249.338
       249.337
       249.335
       249.333
        249.33
       249.327
       249.323
       249.318
       249.313
       249.306
       249.298
       249.289
       249.278
       249.265
        249.25
       249.233
       249.213
       249.189
       249.161
       249.129
       249.092
       249.049
       248.999
       248.941
       248.874
       248.796
       248.705
       248.601
        248.48
       248.341
       248.181
       247.999
       247.793
        247.56
       247.905
       248.233
       248.544
       248.649
       248.745
       248.838
        248.92
       249.005
       249.094
       249.076
       249.068
       249.072
       249.174
       249.295
       249.349
       249.478
       249.641
       249.849
       250.135
       250.477
       250.866
       250.861
       250.919
        251.02
       250.611
        250.25
        249.94
       249.887
       249.848
         249.9
       250.348
       250.783
       251.269
        251.85
       252.429
       253.017
       253.445
       253.857
       253.864
         253.6
       253.191
       252.279
       251.287
       250.316
        249.22
       248.085
       247.556
       247.382
       247.235
       247.067
       247.456
       247.869
       248.213
       248.568
       248.992
       249.576
       249.894
       250.061
       250.248
       250.199
       249.901
       248.846
       247.512
       247.437
       248.676
       256.713
         261.6
       263.485
       263.815
       263.187
        262.41
       261.403
       259.711
       257.974
       256.235
       254.766
       254.499
       254.732
       254.815
       254.778
       254.759
       254.779
       253.815
       252.614
       251.514
       250.841
       249.744
       248.614
       247.513
        246.71
       246.296
       245.948
       245.664
       245.092
        244.56
       243.157
       241.303
       239.455
       237.617
        235.78
        233.86
       231.826
       229.872
        227.84
       225.595
       223.108
       220.213
       217.103
       213.987
       261.028
       260.498
       209.918
       219.109
       219.109
        219.11
        219.11
        219.11
       219.111
       219.111
       219.111
       219.112
       219.112
       219.113
       219.113
       219.113
       219.114
       219.114
       219.114
       219.115
       219.115
       219.115
       219.116
       219.116
       219.116
       219.116
       219.116
       219.116
       219.116
       219.115
       219.114
       219.113
       219.112
        219.11
       219.108
       219.106
       219.103
       219.099
       219.095
        219.09
       219.083
       219.076
       219.067
       219.057
       219.045
       219.031
       219.015
       218.996
       218.974
       218.948
       218.917
       218.882
       218.841
       218.793
       218.737
       218.671
       218.595
       218.506
       218.402
        218.28
       218.139
       217.975
       217.785
       217.568
       217.321
       217.674
       218.008
       218.322
       218.418
       218.505
       218.586
       218.655
       218.725
       218.798
       218.758
       218.727
       218.707
       218.782
       218.884
       218.921
        219.05
       219.217
        219.43
       219.721
       220.068
       220.463
       220.445
       220.491
        220.58
       220.133
       219.735
       219.387
       219.303
       219.232
       219.255
       219.689
       220.107
       220.576
       221.141
       221.705
       222.283
       222.696
       223.093
       223.064
       222.757
       222.316
       221.361
       220.316
       219.299
       218.159
       216.994
       216.485
        216.38
       216.285
       216.136
       216.549
       216.948
       217.267
       217.612
       218.049
       218.649
       218.976
       219.161
       219.369
       219.325
       219.012
       217.895
       216.471
       216.349
        217.59
        225.96
       231.055
       233.024
       233.384
       232.763
       232.011
       231.035
       229.356
        227.64
       225.927
       224.503
       224.341
         224.7
         224.9
       224.973
       225.069
       225.209
        224.32
       223.184
       222.156
       221.574
       220.547
       219.483
       218.447
       217.718
       217.393
       217.135
       216.944
       216.453
       216.005
       214.652
       212.829
       211.014
       209.206
       207.393
       205.479
       203.425
       201.422
       199.291
       196.874
       194.118
       190.824
       187.162
       183.328
        231.88
       231.275
       177.913
       188.834
       188.834
       188.835
       188.835
       188.835
       188.836
       188.836
       188.836
       188.836
       188.837
       188.837
       188.837
       188.838
       188.838
       188.839
       188.839
       188.839
       188.839
        188.84
        188.84
        188.84
        188.84
        188.84
        188.84
        188.84
        188.84
       188.839
       188.838
       188.838
       188.836
       188.835
       188.833
       188.831
       188.828
       188.825
       188.821
       188.816
        188.81
       188.804
       188.796
       188.787
       188.776
       188.763
       188.748
       188.731
       188.711
       188.687
       188.659
       188.626
       188.588
       188.543
       188.491
       188.429
       188.357
       188.271
        188.17
       188.051
        187.91
       187.744
        187.55
       187.324
       187.062
       187.424
       187.763
       188.079
       188.165
        188.24
       188.308
       188.363
       188.418
       188.477
       188.414
        188.36
       188.322
       188.399
       188.505
       188.547
       188.678
       188.848
       189.063
       189.355
       189.705
       190.103
       190.072
       190.107
       190.186
       189.706
       189.274
       188.889
       188.778
       188.675
       188.667
       189.084
        189.48
       189.926
        190.47
       191.015
       191.578
       191.971
       192.352
       192.289
       191.942
       191.466
        190.45
       189.359
       188.305
       187.121
       185.927
       185.466
       185.402
       185.329
       185.216
       185.682
       186.096
       186.408
       186.724
       187.133
       187.728
       188.061
       188.271
       188.509
       188.474
       188.147
       186.964
       185.439
       185.241
       186.442
         195.1
        200.37
       202.398
       202.774
       202.155
       201.429
       200.496
       198.846
        197.17
       195.502
       194.136
       194.086
       194.576
       194.894
        195.08
       195.293
       195.556
       194.747
       193.685
       192.738
       192.259
       191.313
       190.325
       189.363
       188.717
       188.488
       188.327
       188.236
       187.836
       187.487
       186.201
       184.434
        182.68
       180.936
       179.184
       177.317
       175.289
       173.283
         171.1
        168.55
        165.55
        161.85
       157.574
       152.869
       202.368
        201.69
       145.766
       158.503
       158.503
       158.504
       158.504
       158.504
       158.505
       158.505
       158.505
       158.505
       158.506
       158.506
       158.506
       158.506
       158.507
       158.507
       158.507
       158.508
       158.508
       158.508
       158.508
       158.508
       158.508
       158.508
       158.508
       158.508
       158.508
       158.507
       158.507
       158.506
       158.505
       158.504
       158.502
         158.5
       158.498
       158.495
       158.491
       158.487
       158.482
       158.477
        158.47
       158.462
       158.452
       158.441
       158.428
       158.413
       158.395
       158.374
       158.349
        158.32
       158.286
       158.246
       158.199
       158.143
       158.076
       157.997
       157.902
       157.789
       157.653
       157.489
       157.294
       157.061
       156.787
       157.157
       157.498
       157.813
       157.887
       157.949
       158.004
       158.045
        158.08
       158.129
       158.058
       158.009
       157.981
       158.071
       158.185
       158.228
        158.36
       158.528
       158.739
       159.029
       159.377
       159.777
        159.73
       159.755
       159.828
        159.32
       158.861
       158.448
       158.312
        158.18
        158.14
       158.535
       158.903
       159.318
       159.833
       160.351
       160.891
       161.261
       161.623
       161.529
       161.149
       160.641
       159.577
       158.449
       157.376
       156.177
       154.973
        154.51
       154.442
       154.371
       154.275
       154.776
       155.234
        155.56
       155.868
       156.272
       156.861
        157.19
       157.417
       157.688
       157.665
        157.33
       156.087
       154.451
       154.146
       155.249
       164.121
       169.514
       171.568
       171.942
        171.32
        170.63
       169.758
       168.162
       166.553
       164.956
       163.665
       163.733
       164.355
       164.792
        165.09
       165.418
       165.807
       165.084
       164.106
       163.253
        162.89
       162.038
        161.14
       160.261
       159.706
       159.578
       159.518
       159.533
       159.232
       158.996
       157.798
       156.115
       154.457
       152.818
       151.172
       149.406
       147.463
       145.522
        143.36
       140.756
       137.584
       133.527
       128.625
       122.928
       172.479
       171.734
       113.852
       128.111
       128.112
       128.112
       128.112
       128.113
       128.113
       128.113
       128.113
       128.113
       128.114
       128.114
       128.114
       128.114
       128.115
       128.115
       128.115
       128.115
       128.115
       128.116
       128.116
       128.116
       128.116
       128.116
       128.116
       128.116
       128.115
       128.115
       128.115
       128.114
       128.113
       128.112
       128.111
       128.109
       128.107
       128.105
       128.102
       128.098
       128.094
       128.089
       128.084
       128.077
       128.069
        128.06
       128.049
       128.036
       128.021
       128.003
       127.983
       127.958
       127.929
       127.895
       127.855
       127.806
       127.748
       127.679
       127.594
       127.491
       127.366
       127.211
       127.019
       126.785
         126.5
       126.876
       127.215
       127.523
       127.583
       127.629
        127.67
       127.703
       127.747
        127.81
       127.754
       127.717
       127.698
       127.798
       127.918
       127.959
       128.088
        128.25
       128.453
       128.733
       129.073
       129.469
       129.406
       129.423
       129.495
       128.969
       128.495
       128.064
       127.912
       127.755
       127.683
       128.051
       128.382
       128.755
        129.23
       129.708
       130.216
       130.553
       130.892
       130.771
       130.367
       129.842
       128.757
        127.62
       126.575
       125.408
       124.237
       123.802
       123.739
       123.657
       123.516
       123.996
        124.44
       124.764
       125.084
       125.494
       126.079
       126.406
        126.63
        126.92
       126.916
       126.592
       125.308
       123.573
       123.135
       124.058
       133.011
       138.444
       140.474
       140.823
       140.199
       139.564
       138.785
       137.279
       135.778
       134.289
       133.098
       133.294
       134.044
       134.591
       134.991
       135.429
       135.945
       135.317
       134.437
       133.693
        133.46
       132.719
       131.925
       131.144
       130.687
       130.662
       130.703
       130.823
       130.626
       130.515
       129.428
       127.862
       126.343
       124.857
       123.373
        121.77
       119.986
         118.2
       116.165
       113.635
       110.434
       106.165
       100.739
       94.0192
       142.251
       141.453
       82.9126
       97.6544
       97.6547
       97.6549
       97.6552
       97.6554
       97.6556
       97.6557
       97.6559
       97.6561
       97.6563
       97.6564
       97.6566
       97.6568
       97.6569
       97.6571
       97.6573
       97.6574
       97.6575
       97.6577
       97.6578
       97.6578
       97.6579
       97.6579
       97.6578
       97.6577
       97.6575
       97.6572
       97.6568
       97.6563
       97.6556
       97.6548
       97.6537
       97.6525
       97.6509
       97.6491
       97.6469
       97.6442
       97.6411
       97.6374
        97.633
       97.6278
       97.6217
       97.6145
       97.6061
       97.5961
       97.5844
       97.5707
       97.5545
       97.5353
       97.5126
       97.4857
       97.4535
       97.4149
       97.3682
       97.3115
       97.2418
       97.1552
       97.0464
       96.9081
       96.7306
       96.5023
       96.2094
       96.5861
       96.9152
       97.2054
       97.2497
       97.2916
       97.3446
        97.396
        97.461
       97.5423
       97.5017
       97.4776
       97.4687
       97.5775
       97.7017
       97.7406
       97.8635
        98.013
       98.1979
       98.4589
       98.7806
       99.1646
       99.0827
       99.0938
       99.1737
       98.6445
       98.1738
       97.7423
       97.5873
       97.4113
       97.3072
       97.6403
       97.9219
       98.2388
       98.6568
       99.0792
        99.536
        99.826
       100.132
       99.9837
       99.5686
       99.0449
       97.9785
       96.9081
       95.9327
       94.8581
       93.7547
       93.3688
       93.3143
       93.2223
       93.0515
       93.5094
       93.9293
       94.2217
       94.5052
       94.8641
       95.4115
       95.7045
       95.9085
       96.1968
       96.2233
       95.9599
       94.6957
       92.9179
       92.3429
       92.9755
       101.762
       107.088
       109.021
       109.322
       108.709
       108.164
       107.527
       106.174
       104.846
       103.522
       102.466
       102.795
       103.657
       104.291
       104.771
       105.302
        105.94
        105.42
       104.659
       104.045
       103.964
       103.354
       102.687
        102.02
       101.669
       101.745
       101.876
       102.091
       101.994
       102.016
       101.066
       99.6589
       98.3293
       97.0517
       95.7908
       94.4217
       92.8827
       91.3554
        89.587
       87.3139
       84.3249
       80.1389
       74.4974
       66.9505
       111.823
       111.001
       54.2895
       67.1269
       67.1272
       67.1274
       67.1276
       67.1277
       67.1279
        67.128
       67.1281
       67.1282
       67.1283
       67.1285
       67.1286
       67.1287
       67.1288
       67.1289
        67.129
       67.1291
       67.1292
       67.1293
       67.1293
       67.1294
       67.1294
       67.1294
       67.1294
       67.1293
       67.1291
       67.1289
       67.1287
       67.1283
       67.1279
       67.1273
       67.1266
       67.1257
       67.1247
       67.1234
       67.1219
       67.1201
        67.118
       67.1154
       67.1124
       67.1089
       67.1047
       67.0998
       67.0941
       67.0873
       67.0793
       67.0699
       67.0587
       67.0456
       67.0299
       67.0112
       66.9889
       66.9619
        66.929
       66.8886
       66.8383
       66.7745
       66.6918
        66.582
       66.4322
       66.2271
       65.9359
       66.3004
       66.6072
       66.8926
       66.9401
       66.9975
       67.0657
       67.1335
       67.2155
       67.3153
       67.2942
       67.2889
       67.2934
       67.4097
       67.5355
       67.5699
       67.6828
       67.8147
       67.9736
       68.2013
       68.4865
       68.8428
       68.7396
       68.7461
         68.84
       68.3338
       67.8986
       67.4952
       67.3553
       67.1729
       67.0377
       67.3209
       67.5343
       67.7748
       68.1132
       68.4544
       68.8343
       69.0544
       69.3085
       69.1271
       68.7262
       68.2808
       67.3322
        66.401
       65.5729
       64.6294
       63.6244
        63.283
       63.2364
        63.132
       62.9254
       63.3331
       63.7052
       63.9323
       64.1483
       64.4327
        64.905
       65.1267
       65.2769
       65.5493
       65.6211
       65.4496
       64.3238
       62.6636
       62.0338
       62.2616
       70.3848
        75.323
       77.0494
       77.2924
       76.7351
       76.3413
       75.9211
       74.8168
       73.7627
       72.6938
       71.8351
       72.2898
       73.2176
       73.8931
       74.4143
       75.0018
        75.738
       75.3504
       74.7501
       74.3019
        74.388
       73.9393
       73.4327
       72.9111
        72.676
       72.8378
       73.0337
        73.315
       73.2985
       73.4472
       72.6676
       71.4794
       70.4045
       69.3986
       68.4236
         67.36
       66.1529
       64.9953
       63.6469
       61.8607
        59.427
       55.8261
       50.6338
       42.9453
       81.5028
       80.7286
       30.2475
       36.5242
       36.5244
       36.5245
       36.5246
       36.5247
       36.5248
       36.5248
       36.5249
        36.525
        36.525
       36.5251
       36.5251
       36.5252
       36.5253
       36.5253
       36.5254
       36.5254
       36.5255
       36.5255
       36.5255
       36.5255
       36.5256
       36.5255
       36.5255
       36.5255
       36.5254
       36.5253
       36.5252
        36.525
       36.5248
       36.5245
       36.5241
       36.5237
       36.5232
       36.5225
       36.5218
       36.5208
       36.5198
       36.5185
        36.517
       36.5152
       36.5131
       36.5106
       36.5076
       36.5042
       36.5001
       36.4953
       36.4897
       36.4829
       36.4749
       36.4654
       36.4539
         36.44
        36.423
       36.4019
       36.3753
       36.3409
       36.2947
       36.2289
       36.1262
       35.9826
       35.7441
       36.0815
       36.3511
       36.6098
       36.6644
       36.7381
       36.8229
       36.9072
       37.0034
       37.1185
       37.1268
       37.1501
       37.1752
       37.2927
       37.4147
       37.4512
       37.5531
        37.663
       37.7862
       37.9599
       38.1758
       38.4649
       38.3511
       38.3496
       38.4457
       38.0188
       37.6733
       37.3433
       37.2334
       37.0647
       36.9142
       37.1179
       37.2408
       37.3821
       37.6061
       37.8273
       38.0868
       38.2105
       38.3923
       38.2164
       37.8763
       37.5511
       36.8006
       36.0919
       35.4797
       34.7549
       33.9395
       33.6758
       33.6244
       33.4966
       33.2422
       33.5325
       33.7769
       33.8998
       34.0219
       34.2056
       34.5639
       34.7107
       34.8146
       35.0563
       35.1617
       35.1338
       34.3412
       33.1102
       32.6682
       32.5517
       38.9552
       42.9062
       44.2695
       44.5015
       44.1379
       43.9926
       43.8718
       43.1721
       42.5472
       41.8921
       41.3505
       41.8773
       42.7554
       43.3981
       43.9077
       44.4826
       45.2369
       45.0412
       44.6931
       44.4685
       44.7063
       44.4627
       44.1757
        43.857
       43.7549
       43.9645
       44.1753
       44.4605
       44.4886
       44.7128
       44.1603
        43.299
       42.5648
       41.8939
       41.2591
        40.566
        39.777
       39.0796
       38.2854
       37.2204
       35.7495
       33.4529
       29.9061
       23.8248
        51.879
       51.3185
       14.4073
       5.84129
       5.84129
       5.84129
       5.84129
       5.84129
       5.84129
       5.84129
       5.84129
       5.84129
       5.84129
       5.84129
       5.84129
       5.84129
       5.84129
       5.84129
       5.84129
       5.84129
       5.84129
       5.84129
       5.84129
       5.84129
       5.84129
       5.84129
       5.84129
       5.84129
       5.84129
       5.84129
       5.84129
       5.84129
       5.84129
       5.84129
       5.84129
       5.84129
       5.84129
       5.84129
       5.84129
       5.84129
       5.84129
       5.84129
       5.84129
       5.84129
       5.84129
       5.84129
       5.84129
       5.84129
       5.84129
       5.84129
       5.84129
       5.84129
       5.84129
       5.84129
       5.84129
       5.84129
       5.84129
       5.84129
       5.84129
       5.84129
       5.84129
       5.84129
       5.84129
       5.84129
       5.84129
       5.99359
       6.14727
       6.30087
       6.40499
       6.50912
       6.61324
         6.715
       6.81677
       6.91821
       6.99091
       7.06361
        7.1366
       7.23099
       7.32535
       7.39839
       7.48405
       7.56971
       7.65551
        7.7475
       7.83949
       7.92824
       7.90351
       7.87879
       7.84953
        7.6796
       7.50967
       7.34239
       7.23189
       7.12139
       7.03379
       7.04687
       7.05994
       7.08876
       7.14298
        7.1972
       7.25142
       7.26018
        7.2571
       7.14475
       6.95969
       6.73659
       6.38489
       6.01334
       5.64927
       5.25685
       4.85523
       4.60502
       4.43601
       4.27457
       4.11314
       4.10212
       4.10718
       4.11223
       4.14058
       4.20542
       4.32702
       4.41238
       4.49775
       4.62555
       4.73293
        4.8171
       4.75087
       4.65214
        4.8981
       5.49498
       7.78521
       9.31371
       10.1246
       10.5764
       10.8116
       11.0246
       11.1928
       11.2053
       11.2178
       11.2413
        11.342
       11.7477
        12.284
       12.7863
       13.2565
       13.7227
       14.1846
       14.3851
       14.5047
       14.6243
        14.823
       14.8898
       14.9223
       14.9389
       15.0094
       15.1589
       15.3084
       15.4579
       15.5199
       15.5787
       15.4073
       15.1146
       14.8218
        14.537
       14.2657
       13.9943
        13.724
       13.5128
       13.3287
       13.1439
       12.9568
       12.7262
       12.4956
       12.3013
            24
            24
       12.2755
