       906.823
        906.82
       906.819
       906.819
       906.819
       906.819
        906.82
       906.821
       906.822
       906.823
       906.825
       906.826
       906.828
        906.83
       906.832
       906.834
       906.836
       906.838
       906.841
       906.844
       906.847
        906.85
       906.853
       906.856
        906.86
       906.864
       906.868
       906.872
       906.876
       906.881
       906.885
        906.89
       906.895
         906.9
       906.906
       906.911
       906.917
       906.923
       906.929
       906.936
       906.943
        906.95
       906.957
       906.965
       906.973
       906.982
       906.992
       907.002
       907.013
       907.026
       907.039
       907.054
       907.071
        907.09
       907.111
       907.135
       907.163
       907.195
       907.232
       907.275
       907.325
       907.383
       907.451
        907.53
       907.622
       907.731
       907.857
       908.005
       908.177
       908.377
       908.607
       908.874
       909.182
       909.542
       909.952
       910.378
       910.793
       911.191
       911.572
       911.935
       912.279
       912.607
       912.918
       913.214
       913.494
       913.761
       914.015
       914.256
       914.485
       914.703
       914.909
       915.106
       915.294
       915.475
       915.648
       915.811
       915.966
       916.113
       916.253
        916.39
       916.524
       916.654
       916.775
       916.888
       916.994
       917.094
        917.19
       917.281
       917.363
       917.433
       917.482
       917.512
       917.524
       917.498
       917.417
        917.28
       917.088
       916.839
       916.534
       916.171
       915.747
       915.259
       914.707
        914.09
       913.405
       912.652
       911.828
       910.934
       909.967
       908.927
       907.817
       906.655
        905.45
       904.202
       902.915
       901.592
       900.231
       898.833
       897.401
       895.935
       894.438
       892.926
       891.426
       889.957
       888.524
       887.132
       885.787
       884.495
       883.269
       882.115
       881.028
       880.006
       879.044
        878.14
       877.293
         876.5
       875.759
       875.069
       874.427
       873.832
        873.28
       872.772
       872.305
       871.878
       871.491
       871.143
       870.832
       870.558
       870.321
       870.121
       869.958
       869.834
       869.751
        869.72
       876.759
       876.759
       876.758
       876.758
       876.759
       876.759
        876.76
        876.76
       876.762
       876.763
       876.764
       876.766
       876.767
       876.769
       876.771
       876.773
       876.775
       876.778
        876.78
       876.783
       876.786
       876.789
       876.793
       876.796
       876.799
       876.803
       876.807
       876.811
       876.816
        876.82
       876.825
       876.829
       876.834
        876.84
       876.845
        876.85
       876.856
       876.862
       876.868
       876.875
       876.882
       876.889
       876.896
       876.904
       876.912
       876.921
       876.931
       876.941
       876.952
       876.964
       876.977
       876.992
       877.008
       877.027
       877.048
       877.072
       877.099
       877.131
       877.167
        877.21
       877.259
       877.316
       877.398
       877.491
       877.598
       877.716
       877.851
       878.008
       878.188
       878.396
       878.634
       878.904
       879.214
        879.57
       879.981
       880.414
       880.839
       881.246
       881.635
       882.005
       882.358
       882.694
       883.013
       883.304
       883.581
       883.843
       884.077
       884.299
        884.51
       884.714
       884.908
       885.094
       885.282
       885.462
       885.635
       885.802
        885.96
        886.11
        886.25
       886.384
       886.491
       886.581
       886.654
       886.689
       886.715
       886.737
       886.753
       886.763
       886.798
       886.838
       886.857
       886.858
       886.878
       886.863
       886.794
       886.672
       886.498
       886.281
       886.005
        885.67
       885.278
       884.816
       884.283
       883.658
       882.961
        882.27
       881.582
       881.204
       880.582
       879.723
        878.66
       877.526
       876.344
       875.115
       873.831
       872.509
       871.151
       869.763
       868.372
       866.959
       865.508
       864.036
       862.579
       861.149
       859.729
       858.342
       857.002
       855.733
        854.52
       853.374
       852.294
       851.284
       850.337
       849.448
       848.616
       847.829
       847.093
       846.375
       845.692
       845.056
       844.464
       843.917
       843.412
       842.947
       842.534
       842.167
       841.837
       841.543
       841.276
       841.046
       840.857
       842.813
        842.73
       840.616
       846.739
       846.739
       846.739
       846.739
        846.74
        846.74
       846.741
       846.742
       846.743
       846.744
       846.745
       846.747
       846.748
        846.75
       846.752
       846.754
       846.757
       846.759
       846.762
       846.764
       846.767
        846.77
       846.774
       846.777
       846.781
       846.784
       846.788
       846.792
       846.796
       846.801
       846.805
        846.81
       846.815
        846.82
       846.826
       846.831
       846.837
       846.843
       846.849
       846.855
       846.862
       846.869
       846.876
       846.884
       846.892
         846.9
       846.909
       846.919
        846.93
       846.941
       846.954
       846.968
       846.984
       847.001
       847.022
       847.044
        847.07
       847.101
       847.135
       847.175
       847.222
       847.276
       847.371
       847.476
       847.595
       847.718
        847.86
       848.021
       848.206
       848.416
       848.655
       848.922
       849.225
       849.569
        849.96
       850.393
       850.829
       851.248
       851.648
        852.03
       852.394
        852.74
       853.069
       853.358
       853.633
       853.893
        854.11
       854.315
       854.509
       854.702
       854.884
       855.061
        855.25
       855.431
       855.606
       855.777
        855.94
       856.094
       856.233
       856.367
       856.448
       856.498
       856.522
        856.48
       856.427
       856.372
       856.309
       856.237
       856.226
       856.235
       856.225
       856.197
       856.225
       856.223
       856.167
       856.061
       855.907
       855.724
       855.477
       855.172
       854.814
       854.377
       853.865
       853.233
       852.524
       851.898
       851.346
       851.485
       851.208
        850.53
       849.517
       848.409
        847.25
       846.038
       844.755
       843.433
       842.074
       840.694
        839.34
       837.976
       836.567
       835.133
       833.715
       832.323
       830.913
       829.529
       828.192
       826.946
       825.744
       824.607
       823.533
       822.533
         821.6
       820.725
       819.907
       819.125
       818.394
       817.647
       816.923
       816.245
       815.613
       815.027
       814.482
       813.978
       813.539
       813.152
       812.801
       812.486
       812.189
       811.927
        811.71
       815.753
        815.67
       811.464
       816.756
       816.757
       816.757
       816.757
       816.758
       816.758
       816.759
        816.76
       816.761
       816.762
       816.763
       816.765
       816.767
       816.768
        816.77
       816.772
       816.775
       816.777
        816.78
       816.782
       816.785
       816.788
       816.792
       816.795
       816.798
       816.802
       816.806
        816.81
       816.814
       816.819
       816.823
       816.828
       816.833
       816.838
       816.843
       816.848
       816.854
        816.86
       816.866
       816.872
       816.878
       816.885
       816.892
       816.899
       816.907
       816.915
       816.923
       816.933
       816.942
       816.953
       816.965
       816.978
       816.993
       817.009
       817.027
       817.048
       817.072
         817.1
       817.132
       817.168
       817.211
       817.261
       817.365
       817.481
       817.608
       817.735
       817.879
       818.043
       818.227
       818.437
       818.674
       818.932
       819.224
       819.551
       819.923
       820.335
        820.76
       821.196
       821.612
       822.008
       822.386
       822.746
       823.087
       823.376
       823.651
        823.91
       824.113
       824.302
        824.48
       824.664
       824.837
       825.006
       825.197
        825.38
       825.559
       825.735
       825.903
       826.063
       826.203
       826.336
       826.393
       826.404
        826.38
       826.261
       826.129
       825.999
       825.856
       825.704
       825.646
       825.625
       825.586
        825.53
       825.563
       825.578
       825.538
       825.449
       825.316
       825.168
       824.952
       824.677
       824.354
       823.943
       823.452
       822.813
       822.094
       821.533
       821.117
       821.775
       821.843
       821.347
       820.383
       819.301
       818.163
       816.967
       815.683
       814.359
       812.999
       811.623
       810.302
       808.983
       807.614
       806.217
       804.836
        803.48
       802.079
       800.696
       799.362
       798.136
       796.945
       795.814
       794.745
       793.755
       792.836
       791.974
       791.169
       790.391
       789.665
       788.888
       788.121
       787.401
       786.728
       786.102
       785.517
       784.972
       784.507
       784.098
       783.726
       783.389
       783.059
       782.765
       782.519
       788.653
       788.569
       782.266
       786.807
       786.807
       786.807
       786.808
       786.808
       786.809
        786.81
       786.811
       786.812
       786.813
       786.814
       786.816
       786.817
       786.819
       786.821
       786.823
       786.825
       786.828
        786.83
       786.833
       786.836
       786.839
       786.842
       786.845
       786.849
       786.853
       786.856
        786.86
       786.864
       786.869
       786.873
       786.878
       786.882
       786.887
       786.892
       786.898
       786.903
       786.909
       786.914
        786.92
       786.926
       786.933
       786.939
       786.946
       786.953
       786.961
       786.969
       786.977
       786.986
       786.996
       787.006
       787.018
       787.031
       787.045
       787.061
        787.08
       787.101
       787.125
       787.153
       787.185
       787.222
       787.266
       787.379
       787.502
       787.637
       787.765
       787.909
       788.071
       788.253
       788.458
       788.689
       788.936
       789.213
       789.522
       789.874
        790.26
        790.66
        791.09
       791.525
       791.939
       792.334
        792.71
       793.065
       793.357
       793.634
       793.894
       794.083
       794.259
       794.424
         794.6
       794.764
       794.927
       795.122
       795.308
       795.491
       795.674
       795.848
       796.015
       796.158
       796.292
       796.325
       796.297
       796.226
       796.031
       795.822
       795.616
       795.395
       795.164
       795.059
       795.008
       794.941
       794.857
       794.897
        794.93
       794.906
       794.836
       794.725
       794.613
       794.429
       794.185
       793.897
       793.513
       793.044
       792.399
       791.669
       791.173
       790.894
        792.07
       792.484
       792.172
       791.256
       790.198
       789.081
       787.901
       786.614
       785.286
        783.92
       782.546
       781.257
       779.982
       778.652
       777.289
       775.942
        774.62
       773.227
       771.844
       770.511
       769.305
       768.123
       766.998
       765.934
       764.954
       764.047
       763.198
       762.405
       761.631
       760.908
         760.1
       759.291
       758.528
       757.812
       757.145
       756.518
       755.932
       755.438
       755.007
       754.611
       754.251
       753.887
       753.559
       753.282
       761.514
        761.43
       753.023
       756.886
       756.886
       756.886
       756.887
       756.887
       756.888
       756.889
        756.89
       756.891
       756.892
       756.894
       756.895
       756.897
       756.898
         756.9
       756.902
       756.905
       756.907
       756.909
       756.912
       756.915
       756.918
       756.921
       756.924
       756.928
       756.931
       756.935
       756.939
       756.943
       756.947
       756.951
       756.956
        756.96
       756.965
        756.97
       756.975
        756.98
       756.986
       756.991
       756.997
       757.002
       757.008
       757.014
       757.021
       757.027
       757.034
       757.041
       757.048
       757.056
       757.064
       757.073
       757.083
       757.094
       757.106
       757.119
       757.134
       757.152
       757.171
       757.194
       757.221
       757.252
       757.288
       757.408
       757.538
       757.677
       757.804
       757.946
       758.105
       758.282
       758.481
       758.703
       758.935
       759.196
       759.486
       759.817
       760.179
       760.549
       760.956
       761.386
       761.822
       762.237
       762.632
       763.004
         763.3
        763.58
       763.844
       764.021
       764.185
       764.337
       764.507
       764.664
       764.822
       765.022
       765.212
       765.401
       765.592
       765.774
       765.949
       766.095
       766.232
       766.241
       766.176
       766.059
       765.789
       765.504
       765.224
       764.925
       764.615
       764.464
       764.385
        764.29
        764.18
        764.23
       764.279
       764.273
       764.223
       764.135
       764.059
       763.907
       763.695
       763.443
       763.086
       762.638
       761.987
       761.246
       760.816
       760.674
       762.368
       763.127
       762.998
       762.132
       761.098
       760.001
       758.834
       757.543
       756.209
       754.837
       753.463
       752.203
       750.971
       749.678
       748.347
       747.032
       745.743
       744.357
       742.973
        741.64
       740.454
        739.28
       738.161
       737.101
        736.13
       735.235
       734.398
       733.617
       732.846
       732.126
       731.287
       730.434
       729.627
       728.867
       728.158
       727.489
        726.86
       726.335
       725.879
       725.459
       725.073
       724.673
       724.309
       724.002
       734.337
       734.251
       723.734
       726.989
        726.99
        726.99
        726.99
       726.991
       726.992
       726.992
       726.993
       726.995
       726.996
       726.997
       726.999
           727
       727.002
       727.004
       727.006
       727.008
        727.01
       727.013
       727.015
       727.018
       727.021
       727.024
       727.027
       727.031
       727.034
       727.038
       727.042
       727.045
        727.05
       727.054
       727.058
       727.062
       727.067
       727.072
       727.077
       727.081
       727.086
       727.092
       727.097
       727.102
       727.107
       727.113
       727.118
       727.124
        727.13
       727.136
       727.142
       727.148
       727.155
       727.162
        727.17
       727.178
       727.187
       727.197
       727.209
       727.222
       727.237
       727.254
       727.274
       727.297
       727.325
       727.451
       727.585
       727.728
       727.852
        727.99
       728.144
       728.314
       728.504
       728.716
       728.933
       729.176
       729.445
       729.756
       730.096
       730.436
       730.814
       731.224
       731.656
       732.097
       732.511
       732.903
       733.204
        733.49
       733.757
       733.924
       734.077
       734.219
       734.383
       734.534
       734.688
       734.895
       735.091
       735.287
       735.488
       735.679
       735.863
       736.014
       736.154
       736.141
        736.04
       735.878
       735.535
       735.174
        734.82
       734.445
       734.058
       733.862
       733.755
       733.634
       733.498
       733.559
       733.626
       733.638
       733.608
       733.544
       733.506
       733.386
       733.207
        732.99
       732.661
       732.234
       731.577
       730.826
       730.461
       730.455
       732.667
        733.77
       733.824
       733.007
       731.996
       730.918
       729.763
       728.466
       727.125
       725.746
        724.37
       723.138
       721.948
       720.691
        719.39
       718.106
       716.849
       715.469
       714.084
       712.751
       711.584
       710.419
       709.305
       708.249
       707.287
       706.404
       705.578
       704.809
        704.04
       703.322
       702.451
       701.553
         700.7
       699.897
       699.143
       698.429
       697.755
       697.199
       696.716
       696.269
       695.855
       695.417
       695.016
       694.676
        707.12
       707.034
       694.398
       697.113
       697.113
       697.114
       697.114
       697.115
       697.116
       697.116
       697.117
       697.118
        697.12
       697.121
       697.122
       697.124
       697.126
       697.128
        697.13
       697.132
       697.134
       697.136
       697.139
       697.142
       697.144
       697.147
       697.151
       697.154
       697.157
       697.161
       697.164
       697.168
       697.172
       697.176
        697.18
       697.185
       697.189
       697.193
       697.198
       697.203
       697.207
       697.212
       697.217
       697.221
       697.226
       697.231
       697.236
       697.241
       697.245
        697.25
       697.255
        697.26
       697.264
       697.269
       697.275
        697.28
       697.286
       697.292
       697.299
       697.308
       697.317
       697.328
        697.34
       697.355
       697.373
       697.504
       697.641
       697.787
       697.907
        698.04
       698.187
       698.349
       698.529
       698.729
        698.93
       699.154
       699.403
       699.694
       700.011
       700.323
       700.674
       701.055
       701.469
       701.914
        702.35
        702.76
       703.069
        703.36
       703.633
       703.791
       703.934
       704.066
       704.226
       704.373
       704.525
       704.738
       704.942
       705.146
       705.357
       705.559
       705.754
       705.911
       706.056
       706.022
       705.886
       705.681
       705.265
       704.831
       704.406
       703.956
       703.491
       703.251
       703.117
       702.972
       702.812
       702.884
       702.969
           703
       702.992
       702.953
       702.953
       702.867
       702.719
       702.538
       702.236
       701.831
       701.167
       700.404
       700.103
       700.233
       702.962
        704.41
       704.648
       703.877
       702.889
       701.828
       700.684
       699.381
       698.032
       696.643
       695.264
       694.059
       692.911
        691.69
       690.421
       689.167
        687.94
       686.564
       685.177
       683.844
       682.697
        681.54
       680.431
       679.379
       678.425
       677.554
        676.74
       675.982
       675.216
       674.499
       673.595
       672.651
       671.752
       670.902
       670.103
       669.343
       668.622
       668.031
       667.518
       667.041
       666.597
        666.12
       665.679
       665.305
       679.864
       679.775
       665.015
       667.253
       667.254
       667.254
       667.255
       667.255
       667.256
       667.257
       667.258
       667.259
        667.26
       667.261
       667.263
       667.264
       667.266
       667.268
        667.27
       667.272
       667.274
       667.276
       667.279
       667.282
       667.284
       667.287
        667.29
       667.293
       667.297
         667.3
       667.304
       667.307
       667.311
       667.315
       667.319
       667.323
       667.327
       667.331
       667.336
        667.34
       667.344
       667.348
       667.353
       667.357
       667.361
       667.365
       667.369
       667.373
       667.376
        667.38
       667.383
       667.386
       667.389
       667.392
       667.394
       667.396
       667.399
       667.401
       667.403
       667.406
       667.409
       667.413
       667.417
       667.423
        667.43
       667.565
       667.705
       667.852
       667.967
       668.093
       668.233
       668.385
       668.554
       668.742
       668.926
       669.131
        669.36
        669.63
       669.926
        670.21
       670.533
       670.887
       671.275
       671.707
       672.148
       672.576
       672.892
        673.19
        673.47
       673.619
       673.754
       673.877
       674.034
       674.177
       674.327
       674.549
       674.761
       674.974
       675.197
       675.411
       675.619
       675.784
       675.935
       675.882
       675.713
       675.465
       674.979
       674.473
       673.978
       673.454
       672.914
        672.63
       672.472
       672.303
       672.119
       672.202
       672.304
        672.36
       672.375
       672.362
         672.4
       672.347
       672.232
       672.087
       671.812
       671.427
       670.755
       669.979
       669.742
       670.007
       673.252
       675.045
       675.465
       674.741
       673.773
       672.729
       671.595
       670.285
       668.926
       667.528
       666.144
       664.966
        663.86
       662.676
       661.436
       660.212
       659.015
       657.644
       656.255
       654.922
       653.793
       652.645
       651.541
       650.493
       649.548
       648.689
       647.886
        647.14
       646.375
        645.66
       644.722
       643.731
       642.785
       641.887
       641.041
       640.232
       639.461
       638.832
       638.288
       637.778
         637.3
       636.779
       636.297
       635.886
       652.566
       652.475
       635.581
       637.407
       637.407
       637.407
       637.408
       637.409
       637.409
        637.41
       637.411
       637.412
       637.413
       637.414
       637.416
       637.417
       637.419
       637.421
       637.423
       637.425
       637.427
       637.429
       637.432
       637.434
       637.437
        637.44
       637.443
       637.446
       637.449
       637.452
       637.456
       637.459
       637.463
       637.466
        637.47
       637.474
       637.478
       637.482
       637.486
        637.49
       637.493
       637.497
       637.501
       637.505
       637.508
       637.511
       637.514
       637.517
       637.519
       637.521
       637.523
       637.524
       637.525
       637.525
       637.525
       637.524
       637.522
        637.52
       637.517
       637.514
       637.511
       637.507
       637.503
       637.499
       637.495
       637.632
       637.774
       637.921
       638.031
        638.15
       638.281
       638.423
       638.581
       638.755
       638.922
       639.108
       639.316
       639.567
       639.841
       640.098
       640.393
       640.718
       641.076
       641.474
       641.908
       642.347
       642.671
       642.978
       643.266
       643.407
       643.534
       643.649
       643.803
       643.943
       644.092
       644.324
       644.544
       644.769
       645.006
       645.233
       645.455
        645.63
       645.788
       645.717
       645.516
       645.228
       644.674
       644.098
       643.534
       642.939
       642.324
           642
       641.819
       641.628
       641.422
       641.517
       641.641
       641.719
       641.758
        641.77
       641.846
       641.827
       641.744
       641.634
       641.385
        641.02
       640.339
        639.55
       639.374
       639.772
       643.533
        645.67
       646.273
       645.594
       644.647
       643.618
       642.493
       641.174
       639.804
       638.395
       637.007
       635.855
       634.792
       633.644
       632.435
       631.241
       630.075
       628.708
       627.317
       625.984
       624.874
       623.734
       622.637
       621.593
       620.658
        619.81
        619.02
       618.284
       617.522
       616.807
       615.835
       614.797
       613.802
       612.855
       611.959
         611.1
       610.276
       609.606
       609.026
       608.479
       607.964
       607.395
       606.868
       606.418
       625.227
       625.131
       606.094
       607.569
       607.569
        607.57
        607.57
       607.571
       607.572
       607.572
       607.573
       607.574
       607.576
       607.577
       607.578
        607.58
       607.581
       607.583
       607.585
       607.587
       607.589
       607.591
       607.593
       607.596
       607.599
       607.601
       607.604
       607.607
        607.61
       607.613
       607.616
        607.62
       607.623
       607.627
        607.63
       607.634
       607.637
       607.641
       607.645
       607.648
       607.652
       607.655
       607.658
       607.661
       607.664
       607.666
       607.668
        607.67
       607.671
       607.671
       607.671
       607.671
       607.669
       607.666
       607.663
       607.659
       607.653
       607.646
       607.638
       607.629
       607.618
       607.607
       607.593
       607.579
       607.564
       607.704
       607.847
       607.994
       608.097
       608.208
        608.33
       608.462
       608.608
       608.769
       608.917
       609.085
       609.272
       609.503
       609.756
       609.985
       610.253
        610.55
       610.877
       611.244
       611.645
       612.079
       612.405
       612.722
       613.019
       613.153
       613.273
       613.379
        613.53
       613.668
       613.817
       614.059
        614.29
       614.526
       614.778
       615.021
       615.259
       615.445
       615.612
       615.525
       615.294
       614.968
       614.347
       613.704
       613.074
       612.408
       611.721
       611.357
       611.156
       610.946
       610.721
       610.831
       610.978
       611.077
        611.14
       611.178
       611.292
       611.306
       611.255
       611.179
       610.955
       610.609
       609.918
       609.113
       608.998
       609.528
       613.805
       616.286
       617.069
       616.435
       615.506
       614.491
       613.374
       612.044
       610.663
       609.243
        607.85
       606.726
       605.705
       604.593
       603.414
       602.251
       601.116
       599.755
       598.362
        597.03
        595.94
        594.81
       593.719
        592.68
       591.756
       590.921
       590.143
       589.419
       588.659
       587.945
       586.939
       585.852
       584.807
       583.809
       582.862
       581.948
       581.069
       580.354
       579.733
       579.145
       578.587
       577.968
       577.391
       576.898
       597.842
       597.741
       576.549
       577.737
       577.737
       577.738
       577.738
       577.739
        577.74
        577.74
       577.741
       577.742
       577.743
       577.745
       577.746
       577.747
       577.749
       577.751
       577.752
       577.754
       577.756
       577.759
       577.761
       577.763
       577.766
       577.768
       577.771
       577.774
       577.777
        577.78
       577.783
       577.786
       577.789
       577.793
       577.796
       577.799
       577.802
       577.806
       577.809
       577.812
       577.815
       577.818
       577.821
       577.823
       577.825
       577.826
       577.827
       577.828
       577.828
       577.827
       577.825
       577.822
       577.818
       577.813
       577.806
       577.798
       577.788
       577.777
       577.763
       577.748
        577.73
        577.71
       577.687
       577.663
       577.635
       577.777
       577.921
       578.068
       578.164
       578.267
        578.38
       578.501
       578.634
       578.781
       578.912
        579.06
       579.227
       579.438
        579.67
       579.872
       580.114
       580.382
        580.68
       581.017
       581.387
        581.79
         582.1
       582.421
       582.728
       582.856
       582.967
       583.065
       583.213
       583.348
       583.496
       583.749
       583.992
       584.241
       584.509
        584.77
       585.026
       585.225
       585.403
       585.301
       585.043
       584.681
       583.997
       583.289
       582.594
       581.861
       581.102
       580.702
       580.482
       580.255
       580.014
       580.142
       580.312
       580.434
        580.52
       580.584
       580.737
       580.784
       580.764
       580.722
       580.522
       580.192
        579.49
       578.668
        578.61
       579.271
       584.062
       586.887
       587.851
       587.258
       586.346
       585.344
       584.233
       582.892
       581.499
       580.067
       578.669
       577.573
       576.595
        575.52
       574.371
       573.239
       572.137
       570.782
        569.39
       568.059
       566.992
       565.873
       564.789
       563.757
       562.844
       562.023
       561.258
       560.548
       559.789
       559.077
       558.036
         556.9
       555.805
       554.754
       553.753
       552.783
       551.843
       551.079
       550.413
       549.778
       549.171
       548.494
       547.862
       547.321
       570.408
         570.3
       546.941
       547.907
       547.908
       547.908
       547.908
       547.909
        547.91
        547.91
       547.911
       547.912
       547.913
       547.915
       547.916
       547.917
       547.919
        547.92
       547.922
       547.924
       547.926
       547.928
        547.93
       547.932
       547.935
       547.937
        547.94
       547.943
       547.945
       547.948
       547.951
       547.954
       547.957
        547.96
       547.963
       547.966
       547.969
       547.972
       547.975
       547.978
        547.98
       547.983
       547.985
       547.986
       547.988
       547.988
       547.988
       547.988
       547.986
       547.984
        547.98
       547.975
       547.969
       547.961
       547.951
       547.939
       547.925
       547.909
        547.89
       547.868
       547.843
       547.814
       547.782
       547.746
       547.707
       547.851
       547.995
       548.141
        548.23
       548.325
       548.428
       548.538
       548.659
       548.793
       548.906
       549.035
       549.181
       549.373
       549.585
        549.76
       549.974
       550.215
       550.484
       550.792
       551.133
       551.506
       551.774
       552.081
       552.393
       552.512
       552.614
       552.702
       552.846
       552.977
       553.126
       553.391
       553.645
       553.909
       554.196
       554.475
       554.751
       554.965
       555.157
       555.043
        554.76
       554.365
       553.621
        552.85
       552.093
       551.293
       550.466
       550.032
       549.796
       549.555
       549.299
       549.448
       549.643
       549.789
       549.899
       549.989
        550.18
        550.26
        550.27
        550.26
       550.082
       549.768
       549.052
        548.21
       548.208
       548.997
       554.302
       557.469
       558.611
       558.058
       557.161
       556.171
       555.065
       553.713
       552.308
       550.863
       549.462
       548.395
       547.462
       546.425
       545.307
       544.207
       543.137
       541.791
         540.4
       539.074
       538.029
       536.923
       535.849
       534.825
       533.925
        533.12
        532.37
       531.672
       530.918
       530.207
       529.131
       527.947
       526.799
       525.695
       524.637
       523.607
       522.603
       521.785
       521.067
       520.378
       519.716
       518.974
       518.278
       517.684
       542.922
       542.804
       517.262
       518.076
       518.076
       518.076
       518.077
       518.078
       518.078
       518.079
        518.08
       518.081
       518.082
       518.083
       518.084
       518.086
       518.087
       518.089
        518.09
       518.092
       518.094
       518.096
       518.098
         518.1
       518.102
       518.105
       518.107
        518.11
       518.112
       518.115
       518.118
       518.121
       518.123
       518.126
       518.129
       518.132
       518.135
       518.137
        518.14
       518.142
       518.144
       518.146
       518.147
       518.148
       518.149
       518.149
       518.148
       518.146
       518.143
       518.139
       518.134
       518.127
       518.118
       518.107
       518.094
       518.079
       518.061
       518.039
       518.015
       517.986
       517.954
       517.917
       517.875
       517.828
       517.776
       517.922
       518.067
       518.212
       518.294
       518.381
       518.474
       518.573
       518.681
       518.802
       518.897
       519.007
       519.134
       519.306
       519.498
       519.646
       519.835
       520.049
        520.29
        520.57
       520.882
       521.225
       521.452
        521.72
       522.011
        522.12
       522.211
       522.288
       522.426
       522.552
         522.7
       522.976
       523.245
       523.525
       523.831
       524.132
        524.43
       524.662
       524.869
       524.745
        524.44
       524.016
       523.215
       522.383
       521.566
       520.702
        519.81
       519.344
       519.096
       518.843
       518.576
       518.747
       518.968
       519.139
       519.274
       519.391
       519.621
       519.732
       519.772
       519.793
       519.636
       519.335
       518.602
       517.737
       517.789
       518.702
       524.521
       528.029
       529.347
       528.832
       527.948
       526.967
       525.867
       524.502
       523.084
       521.628
       520.224
       519.189
       518.302
       517.304
        516.22
       515.154
       514.119
       512.781
       511.394
       510.073
       509.053
       507.962
         506.9
       505.886
       505.001
       504.213
        503.48
       502.798
       502.048
       501.339
        500.23
       498.996
       497.797
       496.637
       495.521
       494.427
       493.355
       492.476
         491.7
       490.948
       490.221
       489.405
       488.636
       487.979
       515.378
       515.247
       487.501
       488.239
        488.24
        488.24
        488.24
       488.241
       488.242
       488.242
       488.243
       488.244
       488.245
       488.246
       488.247
       488.249
        488.25
       488.252
       488.253
       488.255
       488.257
       488.258
        488.26
       488.262
       488.265
       488.267
       488.269
       488.272
       488.274
       488.277
       488.279
       488.282
       488.284
       488.287
        488.29
       488.292
       488.295
       488.297
       488.299
       488.301
       488.303
       488.304
       488.305
       488.305
       488.305
       488.304
       488.302
       488.299
       488.295
       488.289
       488.282
       488.274
       488.263
       488.249
       488.233
       488.214
       488.192
       488.166
       488.135
         488.1
       488.061
       488.015
       487.964
       487.907
       487.842
        487.99
       488.135
       488.279
       488.354
       488.432
       488.516
       488.604
         488.7
       488.807
       488.885
       488.976
       489.083
       489.237
       489.408
       489.532
       489.695
       489.882
       490.096
       490.348
       490.632
       490.946
       491.131
       491.353
       491.606
       491.679
       491.757
       491.818
       491.946
       492.065
        492.21
       492.499
       492.784
       493.082
        493.41
       493.735
       494.058
       494.309
       494.533
       494.403
       494.079
        493.63
       492.773
       491.884
       491.011
       490.086
       489.131
       488.637
        488.38
       488.118
       487.841
       488.038
       488.288
       488.485
       488.646
        488.79
       489.058
       489.202
        489.27
       489.321
       489.183
       488.892
       488.139
       487.248
       487.349
       488.384
       494.714
       498.561
       500.055
       499.575
       498.702
        497.73
       496.633
       495.255
       493.824
       492.356
       490.951
       489.949
        489.11
       488.155
       487.106
       486.075
       485.077
       483.752
        482.37
       481.056
       480.064
       478.989
       477.942
       476.942
       476.074
       475.307
       474.592
       473.927
       473.184
       472.479
       471.338
       470.056
       468.804
       467.588
       466.411
        465.25
       464.104
       463.158
       462.315
       461.491
       460.689
       459.785
        458.93
       458.197
       487.767
        487.62
       457.644
       458.394
       458.394
       458.395
       458.395
       458.396
       458.396
       458.397
       458.398
       458.399
         458.4
       458.401
       458.402
       458.403
       458.404
       458.406
       458.407
       458.409
       458.411
       458.412
       458.414
       458.416
       458.418
        458.42
       458.423
       458.425
       458.427
        458.43
       458.432
       458.434
       458.437
       458.439
       458.441
       458.444
       458.446
       458.448
        458.45
       458.451
       458.453
       458.453
       458.454
       458.453
       458.452
       458.451
       458.448
       458.444
       458.439
       458.432
       458.423
       458.412
       458.399
       458.383
       458.364
       458.342
       458.315
       458.285
       458.249
       458.208
       458.161
       458.107
       458.047
       457.978
       457.902
       458.051
       458.197
       458.341
       458.408
       458.478
       458.553
       458.629
       458.714
       458.808
       458.868
       458.941
       459.029
       459.164
       459.316
       459.414
       459.552
       459.713
         459.9
       460.126
       460.382
       460.668
       460.812
       460.991
       461.199
       461.217
       461.253
       461.287
       461.399
       461.507
       461.648
        461.95
       462.258
       462.576
       462.926
       463.276
       463.627
       463.901
       464.146
       464.012
       463.672
       463.201
       462.293
        461.35
       460.424
       459.442
       458.427
       457.909
       457.645
       457.377
       457.093
        457.32
       457.602
       457.824
       458.012
       458.185
       458.492
       458.668
       458.764
       458.844
       458.722
       458.438
       457.662
        456.74
       456.886
       458.039
       464.878
       469.062
       470.727
        470.28
       469.417
        468.45
       467.355
       465.964
        464.52
       463.042
       461.638
       460.671
       459.883
       458.972
        457.96
       456.969
       456.011
         454.7
       453.326
       452.022
        451.06
       450.007
       448.978
       447.993
       447.147
       446.402
       445.709
       445.065
       444.331
       443.633
        442.46
       441.131
       439.828
       438.555
       437.316
       436.085
        434.86
        433.84
        432.92
       432.012
       431.119
       430.112
       429.154
       428.329
       460.081
       459.913
       427.672
       428.536
       428.537
       428.537
       428.538
       428.538
       428.539
       428.539
        428.54
       428.541
       428.542
       428.543
       428.544
       428.545
       428.546
       428.548
       428.549
       428.551
       428.552
       428.554
       428.556
       428.558
       428.559
       428.561
       428.564
       428.566
       428.568
        428.57
       428.572
       428.574
       428.577
       428.579
       428.581
       428.583
       428.585
       428.587
       428.588
       428.589
        428.59
        428.59
        428.59
       428.589
       428.588
       428.585
       428.582
       428.577
        428.57
       428.562
       428.552
        428.54
       428.524
       428.506
       428.485
       428.459
       428.429
       428.394
       428.353
       428.306
       428.252
        428.19
        428.12
       428.041
       427.953
       428.104
       428.251
       428.394
       428.455
       428.517
       428.582
       428.648
       428.721
       428.802
       428.845
       428.901
       428.969
       429.086
       429.219
       429.292
       429.406
       429.541
       429.703
       429.902
       430.132
        430.39
       430.495
       430.634
       430.799
       430.758
       430.737
       430.728
       430.817
       430.908
       431.042
       431.354
       431.668
       431.999
        432.37
       432.748
       433.132
       433.432
       433.701
       433.566
       433.215
       432.726
        431.77
       430.776
         429.8
       428.765
       427.696
       427.156
       426.888
       426.616
       426.328
       426.585
         426.9
       427.152
       427.372
       427.575
       427.923
        428.13
       428.254
        428.36
       428.252
       427.973
       427.169
       426.211
       426.396
       427.662
       435.006
       439.524
       441.358
        440.94
       440.083
       439.121
       438.027
       436.622
       435.166
        433.68
       432.277
       431.348
       430.614
        429.75
        428.78
        427.83
       426.916
       425.623
       424.261
       422.969
       422.042
       421.015
       420.008
       419.043
       418.221
       417.504
       416.836
       416.215
       415.493
       414.805
       413.605
       412.231
       410.878
       409.549
       408.247
       406.943
       405.634
       404.532
       403.524
       402.518
       401.518
       400.386
       399.303
       398.362
       432.307
       432.111
       397.561
       398.663
       398.663
       398.663
       398.664
       398.664
       398.665
       398.666
       398.666
       398.667
       398.668
       398.669
        398.67
       398.671
       398.672
       398.674
       398.675
       398.676
       398.678
       398.679
       398.681
       398.683
       398.685
       398.686
       398.688
        398.69
       398.692
       398.694
       398.696
       398.698
         398.7
       398.702
       398.704
       398.706
       398.708
       398.709
        398.71
       398.711
       398.711
       398.711
       398.711
        398.71
       398.707
       398.704
         398.7
       398.694
       398.687
       398.678
       398.666
       398.652
       398.635
       398.615
       398.591
       398.562
       398.529
       398.489
       398.444
       398.391
       398.331
       398.261
       398.183
       398.094
       397.993
       398.147
       398.295
       398.438
       398.492
       398.546
       398.602
       398.658
        398.72
       398.788
       398.815
       398.852
       398.902
       399.002
       399.116
       399.165
       399.254
       399.365
       399.501
       399.675
       399.879
       400.112
       400.178
        400.28
       400.409
       400.318
        400.25
       400.203
       400.268
       400.342
       400.464
       400.772
       401.083
       401.421
       401.804
       402.191
       402.589
         402.9
       403.191
       403.059
       402.699
       402.199
       401.197
       400.156
       399.136
       398.055
       396.936
       396.379
       396.108
       395.832
       395.539
       395.828
       396.179
       396.468
       396.723
       396.961
       397.351
       397.592
       397.742
       397.873
       397.775
       397.496
       396.659
       395.659
       395.876
       397.248
       405.095
       409.942
       411.939
       411.546
       410.692
       409.733
        408.64
        407.22
       405.753
       404.261
       402.864
       401.976
       401.298
       400.485
       399.559
       398.656
        397.79
       396.519
       395.174
       393.901
       393.013
       392.015
       391.034
       390.093
         389.3
       388.613
       387.975
       387.382
       386.677
       386.002
       384.778
       383.364
       381.964
       380.581
       379.216
       377.837
       376.441
       375.248
       374.141
        373.02
       371.892
       370.609
       369.372
       368.281
       404.426
       404.196
       367.282
       368.769
       368.769
        368.77
        368.77
       368.771
       368.771
       368.772
       368.773
       368.773
       368.774
       368.775
       368.776
       368.777
       368.778
       368.779
       368.781
       368.782
       368.783
       368.785
       368.786
       368.788
        368.79
       368.791
       368.793
       368.795
       368.797
       368.799
         368.8
       368.802
       368.804
       368.806
       368.807
       368.809
        368.81
       368.812
       368.812
       368.813
       368.813
       368.813
       368.812
        368.81
       368.807
       368.804
       368.799
       368.792
       368.784
       368.774
       368.762
       368.746
       368.728
       368.706
       368.679
       368.648
       368.612
       368.569
       368.519
       368.461
       368.395
       368.318
       368.231
       368.132
       368.021
       368.178
       368.327
        368.47
       368.518
       368.565
       368.612
       368.658
       368.708
       368.764
       368.775
       368.795
       368.826
       368.909
       369.005
        369.03
       369.095
       369.182
       369.293
       369.442
       369.622
       369.829
       369.859
       369.927
       370.022
       369.887
       369.779
       369.697
        369.74
       369.797
       369.909
       370.217
        370.53
       370.872
       371.263
       371.655
       372.052
       372.367
       372.665
       372.522
       372.146
        371.62
       370.568
       369.483
       368.426
       367.311
       366.148
       365.576
       365.303
       365.023
       364.727
       365.048
       365.438
       365.771
       366.067
       366.343
       366.778
       367.053
        367.23
       367.383
       367.294
       367.009
       366.132
       365.083
       365.324
       366.794
       375.136
       380.308
       382.463
        382.09
       381.235
       380.277
       379.182
        377.75
       376.274
       374.778
       373.391
       372.547
       371.931
       371.173
       370.297
       369.445
       368.631
       367.388
       366.064
       364.816
       363.972
       363.006
       362.056
       361.144
       360.385
       359.734
        359.13
        358.57
       357.887
       357.231
       355.988
       354.539
       353.096
       351.663
       350.237
       348.784
       347.297
       346.007
       344.789
       343.535
       342.253
       340.789
       339.358
       338.073
       376.419
       376.145
       336.794
       338.852
       338.852
       338.852
       338.853
       338.853
       338.854
       338.854
       338.855
       338.856
       338.856
       338.857
       338.858
       338.859
        338.86
       338.861
       338.862
       338.864
       338.865
       338.866
       338.868
       338.869
       338.871
       338.872
       338.874
       338.875
       338.877
       338.879
       338.881
       338.882
       338.884
       338.885
       338.887
       338.888
       338.889
        338.89
       338.891
       338.891
       338.891
        338.89
       338.889
       338.887
       338.884
        338.88
       338.874
       338.867
       338.859
       338.848
       338.834
       338.818
       338.799
       338.775
       338.747
       338.714
       338.675
       338.629
       338.575
       338.513
       338.441
       338.358
       338.263
       338.155
       338.033
       338.194
       338.345
       338.488
       338.531
        338.57
       338.609
       338.645
       338.685
       338.729
       338.724
       338.727
        338.74
       338.806
       338.885
       338.885
       338.928
        338.99
       339.077
       339.202
       339.357
        339.54
       339.534
       339.567
       339.633
       339.458
       339.314
       339.198
        339.22
       339.266
       339.372
       339.686
       340.001
       340.347
       340.743
       341.141
       341.544
       341.862
       342.167
       342.011
        341.61
       341.053
       339.948
       338.806
       337.701
        336.54
       335.337
       334.753
       334.481
       334.207
       333.913
       334.258
       334.685
       335.065
       335.409
       335.723
       336.207
       336.519
       336.722
       336.897
       336.811
       336.515
       335.591
       334.483
       334.738
       336.293
       345.123
       350.611
       352.918
        352.56
         351.7
        350.74
       349.645
         348.2
       346.717
       345.222
       343.849
       343.056
       342.507
        341.81
       340.989
       340.193
       339.438
       338.228
        336.93
       335.711
       334.916
        333.99
       333.075
       332.198
       331.478
       330.868
       330.305
       329.784
       329.129
       328.498
       327.244
       325.766
       324.289
       322.811
       321.329
       319.804
       318.226
       316.834
       315.492
       314.087
       312.622
       310.938
       309.263
       307.723
       348.255
        347.93
       306.053
       308.906
       308.906
       308.907
       308.907
       308.907
       308.908
       308.909
       308.909
        308.91
        308.91
       308.911
       308.912
       308.913
       308.914
       308.915
       308.916
       308.917
       308.918
        308.92
       308.921
       308.922
       308.924
       308.925
       308.926
       308.928
       308.929
       308.931
       308.932
       308.934
       308.935
       308.937
       308.938
       308.939
        308.94
       308.941
       308.941
       308.941
       308.941
        308.94
       308.938
       308.936
       308.933
       308.928
       308.923
       308.915
       308.906
       308.895
       308.881
       308.864
       308.844
       308.819
        308.79
       308.756
       308.715
       308.666
        308.61
       308.544
       308.467
       308.379
       308.277
        308.16
       308.028
       308.192
       308.346
       308.491
       308.527
        308.56
       308.592
       308.618
       308.648
        308.68
        308.66
       308.647
       308.642
       308.692
       308.752
       308.729
       308.749
       308.787
       308.849
       308.951
       309.082
        309.24
       309.196
       309.193
       309.231
       309.022
       308.849
       308.707
       308.721
       308.761
       308.866
       309.188
        309.51
        309.86
       310.261
       310.662
       311.067
       311.385
       311.693
       311.521
       311.103
       310.528
       309.374
        308.18
       307.019
       305.797
       304.541
       303.952
       303.695
       303.432
       303.142
        303.52
       303.977
       304.397
       304.762
         305.1
       305.638
       305.995
       306.226
        306.42
       306.332
       306.018
       305.037
       303.859
       304.113
       305.739
       315.046
       320.841
       323.292
       322.941
       322.072
       321.108
       320.012
       318.558
       317.073
       315.583
        314.23
       313.494
       313.019
       312.389
       311.629
       310.897
       310.206
       309.034
       307.769
       306.584
       305.846
       304.965
       304.092
       303.256
       302.581
       302.019
       301.502
       301.027
       300.408
        299.81
       298.554
       297.057
       295.554
       294.041
       292.512
       290.922
       289.256
        287.76
       286.287
       284.711
       283.033
       281.083
       279.102
       277.227
       319.901
       319.514
       275.012
       278.928
       278.928
       278.929
       278.929
       278.929
        278.93
        278.93
       278.931
       278.932
       278.932
       278.933
       278.934
       278.934
       278.935
       278.936
       278.937
       278.938
       278.939
        278.94
       278.942
       278.943
       278.944
       278.945
       278.947
       278.948
       278.949
       278.951
       278.952
       278.953
       278.955
       278.956
       278.957
       278.958
       278.959
       278.959
       278.959
       278.959
       278.959
       278.957
       278.956
       278.953
        278.95
       278.945
       278.939
       278.932
       278.923
       278.911
       278.897
        278.88
       278.859
       278.835
       278.805
       278.769
       278.727
       278.678
       278.619
        278.55
        278.47
       278.377
       278.269
       278.144
       278.003
       278.172
       278.329
       278.475
       278.507
       278.533
       278.557
       278.575
       278.594
       278.616
       278.581
       278.551
        278.53
       278.563
       278.606
        278.56
       278.556
       278.571
       278.608
       278.687
       278.794
       278.929
       278.856
       278.842
        278.87
       278.637
       278.444
        278.29
       278.294
       278.325
       278.422
       278.746
       279.068
        279.42
       279.824
       280.228
       280.636
       280.953
        281.26
       281.073
       280.641
       280.046
       278.844
       277.602
       276.395
        275.12
       273.811
       273.207
       272.959
        272.71
       272.439
       272.846
       273.324
       273.743
        274.12
       274.496
       275.099
       275.493
       275.748
       275.957
       275.865
       275.525
       274.478
       273.212
       273.447
       275.124
       284.891
       290.982
       293.567
       293.214
        292.33
       291.361
       290.266
       288.806
       287.325
       285.848
       284.521
        283.85
       283.457
       282.903
       282.212
        281.55
       280.931
       279.805
       278.579
       277.436
       276.761
       275.931
       275.108
       274.318
       273.695
       273.187
       272.724
       272.302
       271.728
       271.173
       269.925
       268.421
       266.905
       265.371
       263.809
       262.165
        260.42
       258.825
       257.217
       255.457
       253.536
        251.27
       248.907
       246.594
       291.312
       290.856
       243.627
       248.913
       248.913
       248.914
       248.914
       248.914
       248.915
       248.915
       248.916
       248.916
       248.917
       248.918
       248.918
       248.919
        248.92
       248.921
       248.922
       248.922
       248.923
       248.924
       248.925
       248.927
       248.928
       248.929
        248.93
       248.931
       248.932
       248.934
       248.935
       248.936
       248.937
       248.938
       248.939
        248.94
        248.94
       248.941
       248.941
        248.94
        248.94
       248.938
       248.937
       248.934
       248.931
       248.926
        248.92
       248.913
       248.904
       248.892
       248.878
       248.862
       248.841
       248.816
       248.787
       248.751
       248.709
       248.659
       248.599
       248.529
       248.446
       248.349
       248.236
       248.106
       247.955
        248.13
       248.291
       248.439
       248.466
       248.487
       248.504
       248.513
       248.523
       248.535
       248.485
        248.44
       248.401
       248.418
       248.445
       248.376
       248.348
       248.339
       248.347
       248.408
       248.505
       248.645
       248.575
       248.558
       248.581
       248.329
       248.118
       247.947
       247.938
       247.955
       248.039
       248.359
       248.677
       249.027
       249.432
       249.836
       250.245
       250.561
       250.872
       250.673
       250.221
       249.601
       248.349
       247.062
        245.82
       244.503
       243.149
       242.532
       242.293
       242.094
       241.843
       242.264
       242.755
       243.184
       243.576
       243.987
       244.613
       245.024
       245.297
        245.52
       245.419
       245.049
       243.923
       242.555
       242.747
       244.444
       254.647
       261.016
       263.721
       263.356
       262.452
       261.478
       260.389
       258.928
       257.458
       256.002
       254.712
       254.115
       253.813
       253.342
       252.729
       252.146
       251.607
       250.535
       249.357
       248.265
       247.659
        246.89
       246.122
       245.386
       244.821
       244.374
       243.972
       243.612
       243.091
        242.59
       241.364
       239.869
       238.357
        236.82
       235.243
       233.566
        231.76
       230.078
       228.341
        226.39
       224.202
       221.571
       218.741
       215.862
       262.441
       261.908
       211.876
       218.856
       218.857
       218.857
       218.858
       218.858
       218.858
       218.859
       218.859
        218.86
        218.86
       218.861
       218.862
       218.862
       218.863
       218.864
       218.864
       218.865
       218.866
       218.867
       218.868
       218.869
        218.87
       218.871
       218.872
       218.873
       218.874
       218.875
       218.876
       218.877
       218.878
       218.879
       218.879
        218.88
        218.88
       218.881
       218.881
        218.88
        218.88
       218.878
       218.876
       218.874
       218.871
       218.866
       218.861
       218.853
       218.845
       218.834
        218.82
       218.804
       218.784
       218.761
       218.732
       218.697
       218.656
       218.606
       218.547
       218.477
       218.393
       218.294
       218.178
       218.042
       217.884
       218.065
        218.23
       218.381
       218.403
       218.419
       218.429
       218.431
       218.432
       218.434
        218.37
        218.31
       218.254
       218.256
       218.266
       218.175
       218.121
       218.094
       218.103
       218.169
       218.278
       218.428
       218.357
       218.339
       218.359
       218.091
       217.863
       217.674
       217.649
       217.647
       217.713
       218.025
       218.334
       218.678
       219.079
        219.48
       219.888
       220.204
       220.521
       220.309
       219.831
       219.183
       217.884
       216.569
       215.298
       213.948
       212.565
        211.96
       211.785
       211.641
       211.384
       211.842
       212.346
       212.758
       213.127
       213.528
       214.153
       214.581
       214.876
       215.116
       215.008
       214.604
       213.391
       211.904
       212.021
       213.698
       224.298
        230.92
       233.727
       233.335
       232.406
       231.429
       230.353
       228.904
       227.458
       226.033
       224.792
       224.282
       224.079
         223.7
       223.172
       222.678
       222.229
       221.222
       220.102
       219.069
       218.542
       217.839
       217.135
        216.46
       215.961
       215.582
       215.248
       214.958
         214.5
       214.066
       212.876
       211.407
       209.921
       208.405
        206.84
       205.157
       203.318
       201.577
       199.732
         197.6
       195.136
       192.101
       188.717
       185.122
       233.235
       232.623
       179.792
       188.754
       188.754
       188.754
       188.755
       188.755
       188.756
       188.756
       188.756
       188.757
       188.757
       188.758
       188.758
       188.759
       188.759
        188.76
       188.761
       188.761
       188.762
       188.763
       188.764
       188.765
       188.765
       188.766
       188.767
       188.768
       188.769
        188.77
       188.771
       188.771
       188.772
       188.773
       188.773
       188.774
       188.774
       188.774
       188.774
       188.774
       188.773
       188.772
        188.77
       188.768
       188.765
       188.761
       188.755
       188.749
       188.741
        188.73
       188.718
       188.703
       188.684
       188.662
       188.635
       188.602
       188.563
       188.516
       188.458
        188.39
       188.307
       188.208
       188.091
       187.951
       187.787
       187.975
       188.145
       188.298
       188.316
       188.326
        188.33
       188.325
       188.318
       188.311
       188.234
       188.159
       188.088
       188.073
       188.067
       187.961
       187.912
       187.896
       187.915
       187.991
        188.11
        188.27
       188.199
        188.18
       188.199
       187.915
        187.67
       187.464
       187.421
       187.398
       187.443
       187.742
       188.038
       188.369
       188.761
       189.153
       189.558
       189.873
       190.197
       189.974
       189.478
        188.81
        187.48
       186.131
       184.828
       183.454
       182.049
       181.467
       181.329
       181.159
       180.921
       181.457
       181.994
       182.405
       182.754
       183.115
       183.736
       184.175
       184.489
       184.762
       184.652
       184.214
       182.909
       181.283
       181.289
       182.892
        193.83
       200.665
       203.548
       203.114
       202.153
       201.176
       200.126
       198.706
       197.302
       195.929
       194.753
       194.341
        194.25
       193.973
        193.54
       193.142
       192.793
        191.86
       190.809
       189.846
       189.408
       188.782
       188.149
       187.543
       187.114
       186.808
       186.549
       186.336
       185.953
       185.598
       184.462
       183.042
       181.607
       180.143
       178.623
       176.972
       175.144
       173.386
       171.475
       169.198
       166.478
       163.024
       159.017
       154.548
        203.65
        202.96
       147.524
         158.6
         158.6
         158.6
       158.601
       158.601
       158.601
       158.602
       158.602
       158.602
       158.603
       158.603
       158.604
       158.604
       158.605
       158.605
       158.606
       158.606
       158.607
       158.608
       158.608
       158.609
        158.61
        158.61
       158.611
       158.612
       158.613
       158.613
       158.614
       158.615
       158.615
       158.616
       158.616
       158.617
       158.617
       158.617
       158.617
       158.616
       158.616
       158.615
       158.613
       158.611
       158.608
       158.604
         158.6
       158.594
       158.586
       158.577
       158.566
       158.553
       158.536
       158.516
       158.492
       158.462
       158.426
       158.382
       158.329
       158.264
       158.185
       158.089
       157.973
       157.832
       157.663
       157.859
       158.033
       158.188
       158.203
       158.208
       158.206
       158.193
       158.179
       158.163
       158.075
       157.986
       157.902
       157.881
       157.887
       157.794
        157.76
       157.755
       157.785
       157.869
       157.996
       158.164
       158.091
       158.071
       158.092
       157.795
       157.536
       157.312
       157.253
       157.208
       157.228
        157.51
       157.786
       158.097
        158.47
       158.848
       159.243
       159.555
       159.885
       159.657
       159.153
       158.482
        157.13
       155.761
       154.447
       153.064
       151.637
       151.048
       150.899
       150.726
       150.498
       151.051
        151.61
       152.041
       152.409
       152.788
       153.424
       153.863
       154.191
       154.486
       154.376
       153.912
        152.52
       150.745
       150.596
       152.044
        163.22
        170.21
       173.135
       172.637
       171.642
       170.678
       169.672
       168.305
       166.971
       165.677
       164.584
       164.285
       164.317
       164.151
       163.822
       163.529
       163.291
       162.444
       161.474
       160.595
       160.257
       159.717
       159.164
       158.632
        158.28
       158.053
       157.873
       157.744
       157.444
       157.181
       156.119
       154.773
       153.421
       152.044
       150.614
       149.044
       147.282
       145.572
       143.665
       141.317
       138.406
       134.577
       129.926
       124.448
       173.663
       172.904
       115.428
       128.389
       128.389
        128.39
        128.39
        128.39
       128.391
       128.391
       128.391
       128.391
       128.392
       128.392
       128.393
       128.393
       128.393
       128.394
       128.394
       128.395
       128.395
       128.396
       128.396
       128.397
       128.397
       128.398
       128.398
       128.399
         128.4
         128.4
       128.401
       128.401
       128.402
       128.402
       128.403
       128.403
       128.403
       128.403
       128.403
       128.403
       128.402
       128.401
         128.4
       128.398
       128.395
       128.392
       128.388
       128.383
       128.377
       128.369
        128.36
       128.349
       128.334
       128.317
       128.296
       128.271
       128.239
       128.201
       128.154
       128.096
       128.024
       127.934
       127.823
       127.684
       127.513
       127.716
       127.894
       128.051
        128.06
        128.06
       128.052
       128.032
       128.012
       127.988
       127.895
       127.804
       127.736
       127.741
       127.765
       127.686
       127.664
       127.669
       127.705
       127.795
       127.927
       128.101
       128.025
       128.005
       128.028
       127.721
       127.454
       127.217
       127.146
       127.079
       127.073
       127.331
       127.579
       127.859
       128.204
       128.555
       128.931
       129.232
       129.567
       129.336
       128.836
       128.179
       126.831
       125.476
       124.191
       122.839
       121.432
       120.876
       120.755
       120.587
       120.334
       120.874
       121.427
       121.857
       122.228
       122.596
       123.228
       123.665
       123.991
       124.295
       124.204
       123.738
       122.287
       120.375
       120.034
       121.216
       132.449
       139.495
        142.41
       141.828
       140.805
       139.879
       138.953
       137.676
        136.45
       135.268
       134.283
       134.112
       134.276
       134.228
       134.009
       133.831
       133.715
       132.969
       132.097
       131.315
        131.09
       130.646
       130.181
       129.731
       129.461
       129.315
       129.216
       129.173
       128.962
       128.805
       127.837
       126.594
       125.362
       124.117
       122.825
       121.396
       119.771
       118.194
       116.393
       114.097
       111.135
       107.067
       101.863
       95.3307
       143.305
       142.493
        84.229
       98.1166
       98.1169
       98.1172
       98.1175
       98.1177
       98.1179
       98.1182
       98.1184
       98.1186
       98.1189
       98.1191
       98.1194
       98.1197
         98.12
       98.1203
       98.1207
        98.121
       98.1214
       98.1218
       98.1222
       98.1226
        98.123
       98.1234
       98.1239
       98.1243
       98.1247
       98.1252
       98.1256
        98.126
       98.1263
       98.1267
       98.1269
       98.1271
       98.1272
       98.1272
       98.1271
       98.1268
       98.1263
       98.1255
       98.1244
        98.123
       98.1211
       98.1186
       98.1155
       98.1117
       98.1068
       98.1008
       98.0935
       98.0844
       98.0733
       98.0598
       98.0431
       98.0227
       97.9976
       97.9666
        97.928
       97.8797
       97.8187
       97.7407
         97.64
       97.5089
       97.3385
       97.5485
       97.7266
       97.8812
       97.8842
       97.8789
       97.8669
       97.8376
       97.8157
       97.8066
       97.7335
       97.6723
        97.626
       97.6528
       97.6964
       97.6294
       97.6193
       97.6322
       97.6726
       97.7629
       97.8943
        98.069
       97.9883
       97.9692
       97.9981
       97.6903
       97.4225
       97.1826
       97.1044
       97.0194
       96.9838
       97.2108
       97.4188
       97.6549
       97.9554
       98.2639
       98.6059
       98.8827
       99.2125
       98.9809
       98.4958
       97.8768
       96.5619
       95.2691
       94.0617
       92.8074
        91.494
        91.017
       90.9349
       90.7724
        90.501
       91.0188
       91.5493
       91.9521
       92.2878
       92.6082
        93.194
        93.596
       93.8981
       94.2102
       94.1443
       93.7238
       92.3005
       90.3237
       89.7806
       90.5486
       101.503
       108.423
       111.253
       110.573
       109.552
        108.71
        107.92
       106.792
       105.729
       104.703
       103.858
       103.831
       104.128
       104.197
       104.091
       104.032
       104.048
       103.423
       102.673
       102.008
       101.909
       101.573
       101.206
       100.846
        100.66
       100.594
       100.572
       100.611
       100.489
       100.447
       99.5964
       98.4923
       97.4236
       96.3595
        95.262
       94.0399
       92.6333
       91.2907
       89.7308
       87.6653
       84.8859
       80.8684
       75.4081
       67.9991
       112.702
       111.869
        55.263
       67.7768
       67.7771
       67.7773
       67.7775
       67.7777
       67.7779
        67.778
       67.7782
       67.7783
       67.7785
       67.7787
       67.7789
       67.7791
       67.7793
       67.7795
       67.7797
       67.7799
       67.7802
       67.7804
       67.7807
        67.781
       67.7813
       67.7815
       67.7818
       67.7821
       67.7824
       67.7827
        67.783
       67.7832
       67.7835
       67.7837
       67.7839
        67.784
       67.7841
       67.7841
        67.784
       67.7837
       67.7834
       67.7828
       67.7821
       67.7811
       67.7798
       67.7781
        67.776
       67.7733
         67.77
       67.7658
       67.7608
       67.7545
       67.7469
       67.7375
       67.7259
       67.7117
       67.6941
       67.6721
       67.6446
       67.6095
       67.5643
       67.5046
       67.4236
       67.3106
       67.1485
         67.36
         67.53
       67.6762
       67.6702
       67.6608
       67.6531
       67.6454
       67.6512
       67.6705
       67.6239
       67.5898
       67.5663
       67.6134
       67.6749
       67.6227
       67.6241
        67.643
       67.6826
       67.7665
       67.8882
       68.0556
       67.9693
       67.9513
       67.9892
       67.6938
       67.4426
       67.2132
       67.1365
       67.0394
       66.9752
       67.1601
       67.3126
       67.4857
       67.7203
       67.9642
       68.2476
       68.4752
       68.7805
       68.5476
       68.0889
       67.5376
       66.3456
       65.2166
       64.1855
       63.0889
        61.919
       61.5379
       61.4884
       61.3265
       61.0349
       61.5029
       61.9784
       62.3215
       62.5952
       62.8474
       63.3645
       63.6988
       63.9558
       64.2535
       64.2358
       63.9392
        62.671
       60.8177
       60.1619
        60.383
       70.4034
       76.8317
       79.4507
       78.6988
       77.7621
       77.0943
       76.5204
       75.6248
       74.8029
       74.0028
       73.3461
       73.4659
       73.8781
       74.0516
       74.0507
       74.1082
       74.2615
       73.7883
       73.1978
        72.683
       72.7189
       72.5026
       72.2477
       71.9871
       71.8879
       71.8941
       71.9362
       72.0421
       71.9976
        72.069
       71.3652
       70.4485
       69.5954
       68.7649
       67.9192
       66.9719
       65.8688
       64.8668
       63.6956
       62.0845
       59.8275
       56.3592
       51.3023
       43.6858
       82.1502
       81.3706
       30.8224
        37.364
       37.3643
       37.3644
       37.3646
       37.3646
       37.3647
       37.3648
       37.3649
        37.365
       37.3651
       37.3651
       37.3652
       37.3653
       37.3654
       37.3655
       37.3657
       37.3658
       37.3659
        37.366
       37.3662
       37.3663
       37.3664
       37.3666
       37.3667
       37.3669
        37.367
       37.3672
       37.3673
       37.3674
       37.3675
       37.3677
       37.3677
       37.3678
       37.3678
       37.3678
       37.3678
       37.3677
       37.3675
       37.3672
       37.3668
       37.3663
       37.3656
       37.3648
       37.3637
       37.3623
       37.3606
       37.3585
        37.356
       37.3528
       37.3489
        37.344
       37.3381
       37.3308
       37.3217
       37.3103
       37.2959
       37.2773
       37.2529
       37.2195
       37.1717
       37.0972
       36.9671
       37.1599
       37.3018
       37.4262
       37.4247
       37.4418
       37.4664
       37.4909
       37.5241
         37.57
       37.5577
       37.5564
       37.5595
         37.62
        37.692
       37.6609
       37.6767
       37.7021
       37.7385
       37.8062
       37.9006
       38.0393
       37.9539
       37.9348
       37.9744
       37.7222
       37.5175
       37.3232
       37.2555
        37.156
       37.0702
       37.1922
       37.2715
       37.3638
       37.5069
       37.6548
       37.8376
       37.9726
       38.2026
       37.9805
       37.5977
       37.1885
       36.2454
        35.389
       34.6226
       33.7822
       32.8402
       32.5573
       32.5175
       32.3568
       32.0473
       32.3903
       32.7298
       32.9715
       33.1542
       33.3189
       33.7258
       33.9793
       34.1879
       34.4694
       34.5294
       34.4311
       33.5524
       32.1748
       31.7199
        31.525
       39.3036
       44.4301
       46.5873
       45.9488
       45.3085
       44.9556
       44.6991
        44.158
       43.6873
       43.2168
       42.8251
       43.0654
       43.5274
       43.7747
       43.8748
       44.0316
       44.2974
       44.0285
       43.6734
       43.3641
       43.5225
       43.4366
       43.3141
       43.1751
       43.1626
       43.2253
       43.3066
       43.4428
       43.4495
       43.5969
        43.092
       42.4418
       41.8681
       41.3223
       40.7791
       40.1714
       39.4578
       38.8794
       38.2229
        37.292
       35.9575
       33.7598
       30.3086
       24.2429
       52.2307
       51.6704
        14.629
       6.87281
       6.87281
       6.87281
       6.87281
       6.87281
       6.87281
       6.87281
       6.87281
       6.87281
       6.87281
       6.87281
       6.87281
       6.87281
       6.87281
       6.87281
       6.87281
       6.87281
       6.87281
       6.87281
       6.87281
       6.87281
       6.87281
       6.87281
       6.87281
       6.87281
       6.87281
       6.87281
       6.87281
       6.87281
       6.87281
       6.87281
       6.87281
       6.87281
       6.87281
       6.87281
       6.87281
       6.87281
       6.87281
       6.87281
       6.87281
       6.87281
       6.87281
       6.87281
       6.87281
       6.87281
       6.87281
       6.87281
       6.87281
       6.87281
       6.87281
       6.87281
       6.87281
       6.87281
       6.87281
       6.87281
       6.87281
       6.87281
       6.87281
       6.87281
       6.87281
       6.87281
       6.87281
       6.95997
       7.04792
       7.13582
       7.19541
         7.255
       7.31459
       7.37283
       7.43106
       7.48912
       7.53073
       7.57233
        7.6141
       7.66812
        7.7221
       7.74924
        7.7836
       7.81796
       7.85241
       7.89039
       7.92838
        7.9645
       7.93569
       7.90688
       7.87548
       7.76357
       7.65166
       7.54127
       7.46337
       7.38547
       7.32068
        7.3135
       7.30632
       7.30815
       7.32452
       7.34089
       7.35726
       7.34761
       7.33119
       7.17993
       6.95592
       6.68428
       6.25291
       5.81017
       5.37681
        4.9282
       4.47432
       4.20999
        4.0454
       3.88514
       3.72488
       3.75862
       3.82162
       3.88463
       3.96097
       4.05819
       4.23238
       4.38593
       4.53947
        4.7173
       4.85181
       4.95727
       4.91066
       4.83915
       5.18824
       5.93328
       8.79822
       10.7095
       11.7226
       11.9901
       12.1338
       12.2648
       12.3701
       12.3863
       12.4025
       12.4249
       12.4917
       12.7329
       13.0488
       13.3223
       13.5556
       13.7865
        14.015
       14.0939
       14.1265
       14.1591
       14.2907
       14.3591
       14.4079
       14.4476
       14.5157
       14.6012
       14.6868
       14.7723
       14.8078
       14.8409
       14.6854
       14.4605
       14.2355
        14.015
       13.8023
       13.5896
       13.3775
       13.2383
       13.1329
       13.0272
       12.9191
       12.7566
       12.5942
       12.4524
            24
            24
        12.432
