160                           205.13                        
35                            205.13                        
34                            205.17                        
33                            205.15                        
32                            204.94                        
31                            204.57                        
30                            203.99                        
29                            203.27                        
28                            202.41                        
27                            201.44                        
26                            200.38                        
25                            199.25                        
24                            197.98                        
23                            196.65                        
22                            195.21                        
21                            193.68                        
20                            192.03                        
19                            190.4                         
18                            188.72                        
17                            187.01                        
16                            185.3                         
15                            180.14                        
14                            173.51                        
13                            175.23                        
12                            187.97                        
11                            186.06                        
10                            127.7                         
9                             122.63                        
8                             94.552                        
7                             64.364                        
6                             55.539                        
5                             47.898                        
4                             41.313                        
3                             35.286                        
2                             29.484                        
1                             23.986                        
0                             19.038                        
