160                           7.2819                        
33                            7.2819                        
32                            13.181                        
31                            17.918                        
30                            23.841                        
29                            28.837                        
28                            34.827                        
27                            39.956                        
26                            46.14                         
25                            51.34                         
24                            57.212                        
23                            63.153                        
22                            69.121                        
21                            75.105                        
20                            81.132                        
19                            87.257                        
18                            93.406                        
17                            99.61                         
16                            105.93                        
15                            107.47                        
14                            104.6                         
13                            103.13                        
12                            109                           
11                            110.64                        
10                            89.401                        
9                             86.147                        
8                             68.495                        
7                             44.643                        
6                             33.156                        
5                             30.776                        
4                             27.89                         
3                             25.219                        
2                             22.585                        
1                             21.494                        
0                             18.593                        
