160                           46.767                        
10                            46.767                        
9                             79.393                        
8                             87.814                        
7                             69.986                        
6                             58.155                        
5                             51.762                        
4                             45.305                        
3                             37.159                        
2                             31.481                        
1                             25.528                        
0                             19.718                        
