160                           107.8                         
35                            107.8                         
34                            108.23                        
33                            109.39                        
32                            110.76                        
31                            112.25                        
30                            113.73                        
29                            115.24                        
28                            116.74                        
27                            118.29                        
26                            119.87                        
25                            121.47                        
24                            123.08                        
23                            124.73                        
22                            126.43                        
21                            128.11                        
20                            129.85                        
19                            131.58                        
18                            133.34                        
17                            135.14                        
16                            136.95                        
15                            131.85                        
14                            134.17                        
13                            131.24                        
12                            132.95                        
11                            137.38                        
10                            39.539                        
9                             28.432                        
8                             16.142                        
7                             46.795                        
6                             32.478                        
5                             31.652                        
4                             29.854                        
3                             27.218                        
2                             25.238                        
1                             22.407                        
0                             19.771                        
