160                           7.2336                        
35                            7.2336                        
34                            8.0523                        
33                            8.898                         
32                            9.7464                        
31                            10.579                        
30                            11.398                        
29                            12.201                        
28                            12.96                         
27                            13.69                         
26                            14.387                        
25                            15.052                        
24                            15.685                        
23                            16.294                        
22                            16.879                        
21                            17.431                        
20                            17.931                        
19                            18.403                        
18                            18.838                        
17                            19.266                        
16                            19.67                         
15                            21.467                        
14                            20.717                        
13                            23.75                         
12                            24.159                        
11                            23.428                        
10                            89.735                        
9                             109.64                        
8                             107.16                        
7                             82.058                        
6                             54.521                        
5                             49.556                        
4                             45.461                        
3                             40.003                        
2                             36.069                        
1                             31.649                        
0                             19.957                        
