       909.246
       909.242
       909.241
       909.241
       909.241
       909.241
       909.241
       909.242
       909.243
       909.244
       909.245
       909.247
       909.248
       909.249
       909.251
       909.253
       909.255
       909.257
       909.259
       909.261
       909.263
       909.266
       909.268
        909.27
       909.273
       909.276
       909.278
       909.281
       909.284
       909.286
       909.289
       909.292
       909.295
       909.298
       909.301
       909.303
       909.306
       909.309
       909.312
       909.315
       909.318
       909.321
       909.324
       909.327
       909.331
       909.335
        909.34
       909.345
       909.351
       909.358
       909.366
       909.375
       909.387
         909.4
       909.416
       909.436
       909.459
       909.487
        909.52
       909.559
       909.606
       909.661
       909.726
       909.803
       909.895
       910.002
       910.128
       910.274
       910.445
       910.642
       910.868
       911.128
       911.424
        911.76
       912.142
       912.576
       913.068
       913.608
       914.133
        914.64
        915.13
       915.601
       916.054
       916.489
       916.909
       917.312
       917.701
       918.076
       918.436
       918.784
        919.12
       919.445
       919.759
       920.065
        920.36
       920.645
        920.92
       921.185
       921.443
       921.697
       921.945
       922.187
       922.419
       922.639
        922.85
       923.051
       923.246
        923.43
       923.601
       923.754
       923.879
       923.979
       924.053
       924.095
       924.073
       923.986
       923.833
       923.614
       923.326
       922.968
       922.538
       922.031
       921.446
       920.781
       920.033
       919.201
       918.284
        917.28
       916.189
       915.009
       913.746
       912.417
       911.029
       909.586
       908.091
       906.547
       904.956
       903.318
       901.637
       899.915
        898.16
        896.39
       894.633
       892.906
       891.214
       889.566
        887.97
       886.431
       884.965
       883.576
       882.261
       881.018
       879.845
       878.739
         877.7
       876.725
       875.812
       874.961
        874.17
       873.435
       872.756
        872.13
       871.557
       871.034
       870.561
       870.137
        869.76
       869.429
       869.145
       868.907
       868.715
       868.571
       868.476
        868.44
        879.06
       879.059
       879.059
       879.059
       879.059
       879.059
        879.06
       879.061
       879.061
       879.062
       879.064
       879.065
       879.066
       879.068
       879.069
       879.071
       879.073
       879.075
       879.077
       879.079
       879.082
       879.084
       879.086
       879.089
       879.091
       879.094
       879.097
       879.099
       879.102
       879.105
       879.107
        879.11
       879.113
       879.116
       879.119
       879.121
       879.124
       879.127
        879.13
       879.133
       879.136
       879.139
       879.142
       879.145
       879.149
       879.153
       879.157
       879.162
       879.168
       879.174
       879.182
       879.191
       879.202
       879.216
       879.232
        879.25
       879.273
         879.3
       879.333
       879.371
       879.417
       879.471
       879.559
       879.658
       879.771
       879.893
       880.033
       880.194
       880.379
       880.589
       880.829
       881.097
       881.401
       881.746
       882.138
       882.582
        883.08
       883.622
       884.162
       884.683
       885.187
       885.673
        886.14
       886.572
       886.987
       887.386
       887.749
       888.097
       888.432
       888.763
       889.081
       889.392
       889.709
       890.016
       890.315
       890.608
        890.89
       891.163
       891.423
       891.675
       891.902
       892.108
       892.296
       892.449
       892.588
        892.72
       892.841
        892.95
       893.076
       893.198
       893.294
       893.365
       893.442
       893.488
       893.471
       893.393
       893.254
       893.061
       892.793
       892.456
       892.053
       891.568
           891
       890.324
       889.561
        888.78
        887.98
       887.425
       886.632
        885.61
       884.417
       883.126
       881.772
       880.355
       878.862
        877.32
       875.731
       874.107
       872.487
       870.846
       869.162
       867.462
       865.776
       864.117
       862.453
        860.82
       859.239
       857.732
       856.278
       854.895
       853.585
       852.354
       851.203
        850.12
       849.103
       848.137
       847.234
       846.353
       845.512
       844.729
       844.002
       843.331
       842.712
       842.144
       841.637
       841.184
       840.778
       840.419
       840.096
        839.82
       839.596
        841.55
       841.455
       839.318
       848.924
       848.924
       848.924
       848.924
       848.924
       848.925
       848.925
       848.926
       848.927
       848.928
       848.929
        848.93
       848.932
       848.933
       848.935
       848.937
       848.938
        848.94
       848.942
       848.945
       848.947
       848.949
       848.952
       848.954
       848.956
       848.959
       848.962
       848.964
       848.967
        848.97
       848.972
       848.975
       848.978
       848.981
       848.983
       848.986
       848.989
       848.991
       848.994
       848.997
       848.999
       849.002
       849.005
       849.008
       849.011
       849.015
       849.019
       849.023
       849.028
       849.034
       849.042
        849.05
        849.06
       849.072
       849.087
       849.105
       849.126
       849.151
       849.181
       849.217
        849.26
       849.312
       849.419
       849.538
       849.671
       849.804
       849.956
       850.128
       850.322
       850.542
       850.791
       851.063
        851.37
       851.715
        852.11
       852.552
       853.036
       853.576
       854.133
       854.672
       855.195
       855.697
        856.18
        856.61
       857.023
        857.42
       857.758
       858.081
       858.392
       858.707
        859.01
       859.308
       859.627
       859.937
       860.241
       860.543
       860.833
       861.115
       861.376
       861.629
       861.834
       862.005
        862.15
       862.234
       862.303
       862.366
       862.414
       862.448
       862.529
        862.62
       862.687
        862.73
        862.81
       862.862
       862.851
       862.783
       862.661
       862.495
        862.25
       861.935
        861.56
       861.098
       860.548
       859.864
       859.087
       858.359
       857.678
       857.572
       857.079
       856.214
       855.093
       853.841
        852.52
       851.128
       849.636
       848.093
       846.505
       844.893
       843.329
       841.763
       840.151
       838.518
         836.9
       835.306
       833.668
       832.049
       830.482
       829.005
       827.561
       826.184
       824.877
       823.657
       822.529
       821.467
       820.472
       819.515
        818.62
       817.708
       816.818
       815.986
       815.211
       814.494
       813.829
       813.215
       812.673
       812.191
       811.756
       811.366
       811.005
        810.69
       810.431
        814.49
       814.395
       810.147
        818.83
       818.831
       818.831
       818.831
       818.832
       818.832
       818.833
       818.833
       818.834
       818.835
       818.837
       818.838
       818.839
       818.841
       818.842
       818.844
       818.846
       818.848
        818.85
       818.852
       818.854
       818.857
       818.859
       818.861
       818.864
       818.866
       818.869
       818.871
       818.874
       818.877
       818.879
       818.882
       818.885
       818.887
        818.89
       818.892
       818.895
       818.897
         818.9
       818.902
       818.905
       818.907
       818.909
       818.912
       818.915
       818.918
       818.921
       818.924
       818.929
       818.934
        818.94
       818.947
       818.955
       818.966
       818.978
       818.993
       819.012
       819.034
       819.061
       819.094
       819.132
       819.179
       819.304
       819.441
        819.59
       819.732
       819.892
       820.071
       820.272
       820.498
       820.752
       821.023
       821.328
        821.67
       822.062
       822.497
       822.965
       823.487
       824.043
       824.608
       825.151
       825.673
       826.174
       826.604
       827.017
       827.412
       827.727
       828.027
       828.315
       828.615
       828.903
       829.191
       829.514
       829.827
       830.137
       830.448
       830.748
       831.039
       831.303
       831.557
       831.741
       831.877
       831.979
       831.995
       831.994
       831.989
       831.965
       831.925
       831.961
       832.021
       832.059
       832.074
       832.158
       832.218
       832.215
       832.159
       832.055
       831.918
       831.696
       831.404
       831.058
       830.621
       830.091
       829.399
       828.609
       827.935
       827.374
       827.719
       827.527
       826.822
       825.773
       824.558
       823.269
       821.902
       820.409
       818.864
       817.274
       815.671
       814.162
       812.669
       811.126
       809.558
       808.004
       806.474
        804.86
       803.253
       801.699
        800.25
       798.817
       797.445
        796.14
       794.931
       793.824
       792.784
        791.81
       790.861
       789.973
        789.03
       788.091
       787.208
       786.385
       785.621
        784.91
       784.249
       783.672
        783.16
       782.694
       782.273
       781.871
       781.516
       781.222
        787.39
       787.294
        780.93
       788.775
       788.775
       788.776
       788.776
       788.776
       788.777
       788.778
       788.779
       788.779
        788.78
       788.782
       788.783
       788.784
       788.786
       788.787
       788.789
       788.791
       788.793
       788.795
       788.797
       788.799
       788.801
       788.804
       788.806
       788.808
       788.811
       788.813
       788.816
       788.818
       788.821
       788.824
       788.826
       788.829
       788.831
       788.833
       788.836
       788.838
        788.84
       788.842
       788.844
       788.846
       788.848
        788.85
       788.852
       788.854
       788.856
       788.858
       788.861
       788.864
       788.867
       788.871
       788.877
       788.883
       788.891
       788.901
       788.913
       788.928
       788.946
       788.969
       788.996
       789.029
       789.068
       789.209
       789.361
       789.525
       789.674
       789.839
       790.023
       790.228
       790.456
       790.712
       790.979
       791.278
       791.612
       791.997
       792.421
       792.872
       793.374
       793.921
       794.494
       795.059
       795.601
       796.122
       796.553
       796.967
       797.362
       797.655
       797.934
       798.199
       798.487
       798.761
       799.038
       799.367
       799.685
       800.001
       800.322
       800.632
       800.934
       801.202
       801.457
       801.621
       801.722
       801.782
       801.732
        801.66
       801.588
       801.492
       801.379
        801.37
         801.4
        801.41
       801.399
       801.486
       801.555
       801.562
       801.519
       801.434
       801.328
       801.131
       800.863
       800.548
       800.136
       799.627
       798.928
       798.126
       797.507
       797.067
       797.864
       797.973
       797.429
       796.452
       795.273
       794.016
       792.672
       791.178
        789.63
       788.036
        786.44
       784.983
       783.562
       782.086
       780.579
       779.087
       777.621
        776.03
       774.434
       772.891
       771.471
       770.046
       768.679
       767.376
       766.178
       765.091
       764.072
       763.119
       762.177
       761.296
       760.322
       759.332
       758.399
       757.526
       756.715
       755.956
       755.248
       754.634
        754.09
       753.593
       753.139
       752.696
       752.298
       751.967
       760.252
       760.154
       751.668
       758.753
       758.753
       758.754
       758.754
       758.754
       758.755
       758.756
       758.757
       758.758
       758.759
        758.76
       758.761
       758.762
       758.764
       758.765
       758.767
       758.769
       758.771
       758.773
       758.775
       758.777
       758.779
       758.781
       758.784
       758.786
       758.788
       758.791
       758.793
       758.796
       758.798
         758.8
       758.803
       758.805
       758.807
       758.809
       758.811
       758.813
       758.815
       758.817
       758.818
        758.82
       758.821
       758.822
       758.823
       758.824
       758.825
       758.826
       758.828
       758.829
       758.831
       758.833
       758.836
       758.839
       758.844
        758.85
       758.859
       758.869
       758.882
       758.899
        758.92
       758.945
       758.977
       759.132
       759.297
       759.474
       759.626
       759.794
       759.981
       760.187
       760.415
       760.669
       760.929
       761.219
       761.542
       761.917
       762.329
        762.76
       763.242
       763.766
       764.334
       764.917
       765.481
       766.022
       766.456
       766.873
        767.27
       767.542
       767.799
       768.044
        768.32
       768.581
       768.849
       769.184
       769.507
       769.831
       770.163
       770.484
       770.798
        771.07
       771.329
       771.473
        771.54
       771.559
       771.442
       771.301
       771.163
       770.995
       770.809
       770.755
       770.757
        770.74
       770.702
       770.795
       770.873
       770.892
       770.864
       770.799
       770.725
       770.554
       770.312
       770.028
       769.642
       769.154
       768.449
       767.635
       767.071
       766.754
       768.002
       768.413
       768.031
       767.127
       765.985
       764.759
       763.437
       761.939
       760.386
       758.787
       757.196
       755.789
       754.439
       753.028
       751.583
       750.152
       748.746
       747.176
        745.59
       744.059
       742.667
       741.251
       739.888
       738.587
       737.398
       736.332
       735.333
       734.401
       733.466
       732.593
       731.586
       730.545
       729.561
       728.638
       727.778
        726.97
       726.212
       725.561
       724.984
       724.453
       723.964
       723.478
       723.037
       722.669
       733.075
       732.977
       722.361
       728.759
        728.76
        728.76
        728.76
       728.761
       728.762
       728.762
       728.763
       728.764
       728.765
       728.766
       728.768
       728.769
        728.77
       728.772
       728.774
       728.775
       728.777
       728.779
       728.781
       728.783
       728.785
       728.787
        728.79
       728.792
       728.794
       728.797
       728.799
       728.801
       728.803
       728.806
       728.808
        728.81
       728.812
       728.814
       728.815
       728.817
       728.818
       728.819
        728.82
       728.821
       728.822
       728.822
       728.822
       728.822
       728.822
       728.821
       728.821
        728.82
        728.82
        728.82
        728.82
        728.82
       728.821
       728.823
       728.827
       728.832
        728.84
       728.849
       728.863
        728.88
       728.901
       729.069
       729.246
       729.433
       729.587
       729.757
       729.944
       730.148
       730.374
       730.624
       730.874
       731.153
       731.463
       731.826
       732.224
       732.634
       733.094
       733.596
        734.14
       734.721
       735.311
       735.876
       736.314
       736.735
       737.134
       737.386
       737.623
       737.848
       738.112
       738.362
       738.621
       738.962
       739.292
       739.625
       739.969
       740.302
       740.629
       740.907
       741.169
       741.294
       741.329
       741.307
       741.125
       740.917
       740.713
       740.474
       740.216
       740.118
       740.091
       740.048
       739.985
       740.083
       740.171
       740.204
       740.193
        740.15
       740.109
       739.964
       739.749
       739.497
       739.138
       738.671
        737.96
       737.135
       736.627
       736.431
       738.133
       738.847
       738.626
       737.794
       736.688
       735.492
       734.192
       732.689
        731.13
       729.525
       727.938
        726.58
       725.299
       723.954
        722.57
       721.198
       719.852
       718.302
       716.725
       715.204
        713.84
       712.434
       711.074
       709.774
       708.596
        707.55
       706.571
       705.659
       704.731
       703.864
       702.825
       701.732
       700.696
       699.722
       698.812
       697.954
       697.146
       696.455
       695.843
       695.275
        694.75
       694.219
       693.732
       693.326
       705.859
        705.76
       693.007
        698.79
        698.79
        698.79
       698.791
       698.791
       698.792
       698.793
       698.794
       698.795
       698.796
       698.797
       698.798
       698.799
       698.801
       698.802
       698.804
       698.806
       698.807
       698.809
       698.811
       698.813
       698.815
       698.817
        698.82
       698.822
       698.824
       698.826
       698.828
        698.83
       698.832
       698.834
       698.836
       698.838
        698.84
       698.841
       698.843
       698.844
       698.845
       698.846
       698.846
       698.846
       698.846
       698.845
       698.844
       698.843
       698.841
       698.839
       698.837
       698.834
       698.831
       698.828
       698.824
       698.821
       698.818
       698.816
       698.814
       698.813
       698.814
       698.816
        698.82
       698.828
       698.838
       699.017
       699.204
         699.4
       699.555
       699.724
       699.909
        700.11
       700.331
       700.575
       700.814
       701.079
       701.374
       701.724
       702.106
       702.494
       702.933
       703.411
       703.929
       704.495
       705.092
       705.682
       706.126
       706.551
       706.953
       707.186
       707.404
        707.61
       707.862
       708.101
       708.353
       708.701
       709.038
        709.38
       709.737
       710.085
       710.425
        710.71
       710.976
       711.083
       711.086
       711.025
       710.778
       710.505
       710.236
       709.928
       709.599
       709.457
       709.403
       709.336
       709.247
       709.348
        709.45
       709.499
       709.507
       709.487
       709.479
       709.362
       709.173
       708.954
       708.622
       708.177
        707.46
       706.623
        706.17
       706.096
       708.251
       709.269
       709.209
        708.45
       707.379
       706.213
       704.933
       703.425
       701.859
       700.247
       698.662
       697.352
       696.143
       694.863
       693.538
       692.225
       690.938
       689.408
       687.839
       686.329
       684.993
       683.594
       682.238
        680.94
       679.772
       678.746
       677.788
       676.896
       675.975
       675.114
       674.041
       672.896
       671.807
        670.78
        669.82
        668.91
       668.049
       667.316
       666.666
       666.061
       665.497
       664.918
       664.384
       663.938
       678.605
       678.504
       663.607
        668.84
        668.84
       668.841
       668.841
       668.842
       668.842
       668.843
       668.844
       668.845
       668.846
       668.847
       668.848
        668.85
       668.851
       668.852
       668.854
       668.856
       668.857
       668.859
       668.861
       668.863
       668.865
       668.867
       668.869
       668.871
       668.873
       668.875
       668.877
       668.879
       668.881
       668.883
       668.885
       668.886
       668.887
       668.889
        668.89
        668.89
       668.891
       668.891
        668.89
        668.89
       668.888
       668.887
       668.885
       668.882
       668.879
       668.875
        668.87
       668.865
       668.859
       668.853
       668.846
       668.839
       668.832
       668.824
       668.816
       668.809
       668.802
       668.795
        668.79
       668.787
       668.785
       668.974
        669.17
       669.374
       669.528
       669.694
       669.876
       670.072
       670.287
       670.523
       670.748
       670.999
       671.277
       671.612
       671.978
       672.344
        672.76
       673.215
       673.709
       674.253
       674.842
       675.442
       675.892
       676.322
       676.728
       676.942
        677.14
       677.326
       677.569
       677.797
       678.041
       678.398
       678.743
       679.095
       679.466
       679.828
       680.183
       680.476
       680.748
       680.838
        680.81
       680.711
       680.402
       680.064
       679.732
       679.356
       678.956
       678.772
       678.693
       678.602
       678.491
         678.6
       678.715
       678.779
       678.805
       678.809
       678.835
       678.746
       678.584
       678.398
       678.093
       677.669
       676.946
       676.097
         675.7
       675.747
       678.355
       679.676
       679.779
        679.09
       678.054
       676.917
       675.657
       674.143
       672.568
       670.948
       669.365
       668.105
       666.966
       665.751
       664.486
       663.232
       662.004
       660.493
       658.934
       657.434
       656.124
       654.735
       653.382
       652.086
       650.928
       649.923
       648.986
       648.115
         647.2
       646.345
       645.239
        644.04
       642.897
       641.817
       640.804
        639.84
       638.925
       638.147
       637.457
       636.811
       636.205
       635.575
       634.992
       634.503
       651.309
       651.206
       634.158
       638.905
       638.906
       638.906
       638.907
       638.907
       638.908
       638.909
       638.909
        638.91
       638.911
       638.912
       638.914
       638.915
       638.916
       638.918
       638.919
       638.921
       638.923
       638.924
       638.926
       638.928
        638.93
       638.932
       638.934
       638.936
       638.938
       638.939
       638.941
       638.943
       638.945
       638.946
       638.948
       638.949
        638.95
       638.951
       638.951
       638.952
       638.951
       638.951
        638.95
       638.948
       638.946
       638.943
        638.94
       638.936
       638.931
       638.925
       638.918
        638.91
       638.902
       638.892
       638.881
        638.87
       638.857
       638.844
        638.83
       638.815
         638.8
       638.784
       638.769
       638.754
        638.74
       638.937
       639.141
       639.352
       639.503
       639.666
       639.843
       640.032
        640.24
       640.467
       640.678
       640.912
       641.173
       641.491
        641.84
       642.183
       642.577
       643.008
       643.477
       643.996
       644.558
       645.159
       645.613
       646.047
       646.456
       646.651
       646.829
       646.996
       647.228
       647.446
       647.683
       648.049
       648.403
       648.766
       649.152
        649.53
       649.901
       650.203
       650.481
       650.555
       650.498
       650.363
       649.993
       649.593
       649.199
       648.756
       648.286
       648.062
       647.959
       647.846
       647.715
       647.834
       647.964
       648.043
       648.088
       648.115
       648.176
       648.116
       647.981
       647.828
       647.549
       647.147
       646.417
       645.555
       645.211
       645.379
       648.441
       650.066
        650.33
       649.712
       648.709
         647.6
        646.36
       644.839
       643.256
       641.627
       640.046
       638.835
       637.766
       636.617
       635.411
       634.217
       633.048
       631.558
       630.007
       628.518
       627.236
       625.855
       624.507
       623.214
       622.067
       621.083
       620.167
       619.317
       618.409
        617.56
        616.42
       615.168
        613.97
       612.835
       611.768
       610.748
       609.775
        608.95
       608.217
       607.526
       606.874
        606.19
       605.554
       605.021
       623.973
       623.866
       604.656
       608.982
       608.982
       608.983
       608.983
       608.984
       608.984
       608.985
       608.986
       608.987
       608.988
       608.989
        608.99
       608.991
       608.993
       608.994
       608.996
       608.997
       608.999
           609
       609.002
       609.004
       609.006
       609.008
       609.009
       609.011
       609.013
       609.015
       609.016
       609.018
       609.019
       609.021
       609.022
       609.023
       609.024
       609.024
       609.024
       609.024
       609.023
       609.022
        609.02
       609.018
       609.014
        609.01
       609.006
           609
       608.993
       608.985
       608.976
       608.966
       608.954
       608.941
       608.926
        608.91
       608.892
       608.873
       608.852
       608.829
       608.806
        608.78
       608.754
       608.727
       608.699
       608.904
       609.115
       609.331
       609.479
       609.637
       609.808
        609.99
       610.189
       610.407
       610.601
       610.818
        611.06
       611.362
       611.693
       612.012
       612.383
        612.79
       613.234
       613.729
       614.267
       614.847
       615.286
       615.725
       616.137
       616.312
       616.471
       616.618
       616.839
       617.046
       617.276
       617.651
       618.014
       618.389
       618.792
       619.186
       619.575
       619.888
       620.173
       620.233
       620.148
       619.978
        619.55
       619.089
       618.634
       618.126
       617.587
       617.324
         617.2
       617.068
       616.918
       617.049
       617.195
        617.29
       617.354
       617.406
       617.502
       617.469
       617.362
       617.242
       616.989
       616.607
       615.869
       614.994
       614.703
        614.99
       618.505
       620.434
       620.859
       620.311
       619.342
        618.26
       617.038
        615.51
       613.918
        612.28
         610.7
       609.538
       608.541
       607.457
       606.312
       605.178
       604.069
         602.6
       601.059
       599.581
       598.328
       596.957
       595.615
       594.325
       593.189
       592.229
       591.334
       590.506
       589.606
       588.763
       587.589
       586.283
        585.03
       583.839
       582.716
       581.637
       580.604
       579.728
       578.946
       578.206
       577.504
       576.762
       576.069
       575.487
       596.592
        596.48
       575.099
       579.065
       579.066
       579.066
       579.067
       579.067
       579.068
       579.069
       579.069
        579.07
       579.071
       579.072
       579.073
       579.075
       579.076
       579.077
       579.079
        579.08
       579.082
       579.083
       579.085
       579.087
       579.088
        579.09
       579.092
       579.093
       579.095
       579.097
       579.098
         579.1
       579.101
       579.102
       579.103
       579.103
       579.104
       579.104
       579.103
       579.103
       579.101
       579.099
       579.097
       579.093
       579.089
       579.084
       579.078
       579.071
       579.062
       579.052
       579.041
       579.027
       579.012
       578.996
       578.977
       578.956
       578.933
       578.907
       578.879
       578.848
       578.815
        578.78
       578.742
       578.702
       578.659
       578.873
       579.089
        579.31
       579.454
       579.607
       579.771
       579.945
       580.134
       580.341
       580.518
       580.717
        580.94
       581.225
       581.536
       581.831
       582.179
       582.561
       582.981
       583.451
       583.964
       584.518
       584.927
       585.355
        585.77
       585.924
       586.061
       586.188
       586.397
       586.593
       586.816
       587.201
       587.573
       587.961
       588.381
       588.794
       589.202
       589.526
       589.821
       589.867
       589.757
       589.555
       589.071
       588.549
       588.036
       587.463
       586.857
       586.558
       586.414
       586.265
       586.098
       586.242
       586.406
       586.519
       586.603
       586.679
       586.811
       586.807
       586.726
       586.638
       586.411
       586.049
       585.302
       584.411
       584.173
       584.579
       588.548
       590.779
       591.365
       590.886
       589.948
       588.893
       587.689
       586.152
        584.55
       582.902
       581.324
       580.213
       579.287
        578.27
       577.186
       576.113
       575.065
       573.618
       572.088
       570.623
         569.4
        568.04
       566.705
        565.42
       564.298
       563.361
        562.49
       561.684
       560.793
       559.957
       558.749
       557.389
        556.08
       554.832
       553.651
       552.512
       551.414
       550.483
       549.649
       548.854
       548.096
        547.29
       546.535
       545.899
       569.165
       569.046
       545.479
       549.152
       549.152
       549.152
       549.153
       549.153
       549.154
       549.155
       549.155
       549.156
       549.157
       549.158
       549.159
       549.161
       549.162
       549.163
       549.164
       549.166
       549.167
       549.169
        549.17
       549.172
       549.174
       549.175
       549.177
       549.178
        549.18
       549.181
       549.182
       549.184
       549.185
       549.186
       549.186
       549.186
       549.186
       549.186
       549.185
       549.184
       549.182
       549.179
       549.176
       549.172
       549.167
        549.16
       549.153
       549.144
       549.133
       549.121
       549.107
       549.092
       549.073
       549.053
        549.03
       549.004
       548.975
       548.943
       548.908
       548.869
       548.827
       548.781
       548.731
       548.677
        548.62
        548.84
       549.062
       549.287
       549.426
       549.573
        549.73
       549.894
       550.073
       550.268
       550.428
       550.609
       550.811
       551.078
       551.371
       551.641
       551.965
       552.322
       552.716
       553.161
       553.647
       554.173
       554.534
        554.94
       555.354
       555.485
       555.599
       555.703
         555.9
       556.084
         556.3
       556.694
       557.077
       557.478
       557.917
       558.349
       558.778
       559.115
        559.42
       559.455
       559.321
       559.089
       558.551
       557.971
       557.401
       556.766
       556.094
       555.761
         555.6
       555.435
       555.254
       555.413
       555.597
       555.728
       555.833
       555.935
       556.102
       556.127
       556.073
       556.017
       555.814
       555.471
       554.714
       553.806
       553.617
        554.14
       558.562
       561.096
       561.842
        561.43
       560.524
       559.494
       558.306
        556.76
       555.148
       553.491
       551.915
       550.855
       550.003
       549.052
       548.029
       547.018
       546.034
        544.61
       543.093
       541.643
       540.452
       539.106
        537.78
       536.502
       535.395
       534.483
       533.637
       532.856
       531.974
       531.146
       529.905
        528.49
       527.125
       525.819
       524.578
       523.375
        522.21
       521.219
       520.327
       519.471
        518.65
       517.772
       516.946
       516.251
       541.686
       541.558
       515.791
       519.236
       519.236
       519.237
       519.237
       519.238
       519.238
       519.239
        519.24
       519.241
       519.242
       519.243
       519.244
       519.245
       519.246
       519.247
       519.248
        519.25
       519.251
       519.253
       519.254
       519.255
       519.257
       519.258
        519.26
       519.261
       519.263
       519.264
       519.265
       519.266
       519.267
       519.267
       519.268
       519.268
       519.267
       519.267
       519.265
       519.264
       519.261
       519.258
       519.254
       519.249
       519.243
       519.235
       519.226
       519.216
       519.204
        519.19
       519.173
       519.155
       519.133
       519.109
       519.082
       519.051
       519.016
       518.978
       518.935
       518.888
       518.836
        518.78
       518.718
        518.65
       518.578
       518.804
       519.032
        519.26
       519.394
       519.534
       519.683
       519.837
       520.005
       520.188
        520.33
       520.491
       520.674
       520.922
       521.195
        521.44
        521.74
       522.073
       522.441
       522.859
       523.319
       523.817
       524.132
       524.495
       524.887
       524.993
       525.081
       525.159
       525.342
       525.514
       525.722
       526.126
       526.519
       526.934
       527.393
       527.847
       528.297
       528.648
       528.966
       528.992
       528.836
       528.578
       527.988
       527.352
       526.727
       526.031
       525.296
       524.931
       524.755
       524.577
       524.383
        524.56
       524.764
       524.915
       525.043
       525.171
       525.374
       525.428
       525.401
       525.376
       525.197
       524.871
       524.101
       523.174
       523.033
       523.671
       528.546
       531.382
       532.287
       531.941
       531.063
       530.057
       528.886
        527.33
       525.708
       524.042
        522.47
       521.463
       520.685
       519.802
       518.842
       517.894
       516.974
       515.575
       514.073
        512.64
       511.484
       510.154
       508.839
       507.571
       506.481
       505.597
       504.778
       504.023
       503.152
       502.334
       501.061
       499.593
       498.171
       496.806
       495.504
       494.234
       492.997
       491.941
       490.984
       490.059
       489.167
       488.207
       487.302
       486.538
       514.151
        514.01
       486.022
       489.315
       489.315
       489.315
       489.316
       489.316
       489.317
       489.318
       489.318
       489.319
        489.32
       489.321
       489.322
       489.323
       489.324
       489.325
       489.327
       489.328
       489.329
        489.33
       489.332
       489.333
       489.335
       489.336
       489.337
       489.338
        489.34
       489.341
       489.342
       489.343
       489.343
       489.344
       489.344
       489.343
       489.343
       489.342
        489.34
       489.338
       489.335
       489.331
       489.326
        489.32
       489.313
       489.304
       489.294
       489.282
       489.269
       489.252
       489.234
       489.213
       489.188
        489.16
       489.129
       489.093
       489.053
       489.008
       488.958
       488.903
       488.842
       488.774
         488.7
       488.619
       488.531
       488.764
       488.996
       489.227
       489.355
       489.488
       489.628
       489.773
        489.93
       490.099
       490.223
       490.365
       490.527
       490.756
       491.009
       491.229
       491.505
       491.812
       492.154
       492.546
        492.98
       493.449
       493.716
       494.031
       494.387
       494.449
       494.504
       494.552
       494.718
       494.877
       495.078
       495.491
       495.894
       496.324
       496.804
       497.282
       497.755
       498.123
       498.454
       498.474
       498.299
       498.018
       497.378
       496.689
       496.011
       495.256
       494.461
       494.066
       493.877
       493.689
       493.484
       493.679
       493.907
        494.08
       494.231
       494.387
       494.628
        494.71
        494.71
       494.715
       494.558
       494.247
       493.463
       492.514
       492.418
       493.168
       498.495
       501.632
       502.693
        502.41
       501.561
       500.578
       499.421
       497.856
       496.224
        494.55
       492.983
       492.031
       491.329
       490.517
       489.622
       488.739
       487.886
       486.514
       485.029
       483.616
       482.497
       481.185
       479.884
       478.628
       477.559
       476.706
       475.916
        475.19
       474.333
       473.525
       472.222
       470.703
       469.225
         467.8
       466.435
       465.096
       463.783
       462.655
       461.626
       460.622
       459.647
       458.594
       457.596
       456.752
       486.552
       486.395
       456.161
       459.383
       459.383
       459.384
       459.384
       459.385
       459.385
       459.386
       459.387
       459.387
       459.388
       459.389
        459.39
       459.391
       459.392
       459.393
       459.395
       459.396
       459.397
       459.398
       459.399
       459.401
       459.402
       459.403
       459.404
       459.406
       459.407
       459.408
       459.408
       459.409
       459.409
        459.41
       459.409
       459.409
       459.408
       459.406
       459.404
       459.402
       459.398
       459.394
       459.388
       459.382
       459.374
       459.364
       459.353
        459.34
       459.324
       459.306
       459.286
       459.262
       459.235
       459.203
       459.168
       459.128
       459.082
       459.031
       458.974
        458.91
        458.84
       458.761
       458.675
        458.58
       458.476
       458.715
       458.952
       459.187
       459.309
       459.434
       459.565
         459.7
       459.844
       460.001
       460.106
       460.228
       460.369
       460.579
       460.812
       461.007
       461.258
        461.54
       461.855
       462.222
       462.628
        463.07
       463.289
       463.554
       463.851
       463.855
       463.862
       463.872
       464.018
        464.17
       464.362
       464.783
       465.196
       465.641
       466.145
       466.649
       467.147
       467.532
        467.88
       467.895
       467.706
       467.404
       466.717
       465.977
       465.249
       464.438
       463.585
       463.164
       462.965
       462.767
       462.553
       462.771
       463.025
       463.221
       463.397
       463.582
       463.861
       463.973
       463.999
       464.033
       463.897
       463.599
       462.797
       461.822
       461.768
       462.627
       468.404
        471.84
       473.056
       472.834
       472.011
       471.049
       469.908
       468.333
       466.691
        465.01
       463.449
       462.554
       461.931
       461.193
       460.365
       459.551
       458.766
       457.425
       455.959
       454.568
       453.489
       452.199
       450.916
       449.675
        448.63
       447.811
       447.054
        446.36
       445.519
       444.726
       443.395
       441.825
       440.293
       438.809
        437.38
       435.969
       434.575
       433.369
       432.258
       431.165
       430.093
       428.932
       427.824
       426.882
       458.879
       458.702
       426.187
       429.437
       429.438
       429.438
       429.438
       429.439
       429.439
        429.44
       429.441
       429.441
       429.442
       429.443
       429.444
       429.445
       429.446
       429.447
       429.448
       429.449
        429.45
       429.452
       429.453
       429.454
       429.455
       429.456
       429.457
       429.458
       429.459
        429.46
       429.461
       429.461
       429.461
       429.461
       429.461
        429.46
       429.459
       429.457
       429.455
       429.452
       429.448
       429.443
       429.437
        429.43
       429.421
       429.411
       429.398
       429.384
       429.367
       429.348
       429.325
       429.299
       429.269
       429.235
       429.196
       429.151
       429.101
       429.044
        428.98
       428.908
       428.828
       428.739
        428.64
       428.532
       428.412
       428.658
       428.899
       429.137
       429.252
        429.37
       429.492
       429.616
       429.749
       429.892
       429.978
        430.08
       430.199
       430.391
       430.603
       430.772
       430.999
       431.255
       431.544
       431.885
       432.265
       432.679
       432.852
       433.068
       433.314
       433.238
       433.183
       433.147
       433.268
       433.393
       433.569
       433.995
       434.417
       434.876
       435.407
       435.945
       436.468
       436.871
       437.237
       437.251
       437.052
       436.731
           436
       435.214
       434.439
       433.576
       432.668
       432.222
       432.014
        431.81
       431.589
       431.834
       432.115
       432.334
       432.539
       432.756
       433.074
       433.216
       433.268
        433.33
       433.213
       432.925
       432.102
       431.097
        431.08
       432.044
        438.27
       442.003
        443.37
       443.208
       442.408
       441.467
       440.339
       438.754
       437.102
       435.414
       433.863
       433.028
       432.487
       431.826
       431.068
       430.325
       429.613
       428.305
       426.862
       425.495
        424.46
       423.195
       421.934
       420.713
       419.696
       418.914
       418.195
       417.536
       416.716
       415.941
       414.585
       412.969
       411.384
       409.842
        408.35
       406.865
       405.386
       404.095
       402.892
       401.695
        400.51
       399.218
       397.979
       396.915
       431.121
       430.917
       396.078
       399.473
       399.473
       399.473
       399.474
       399.474
       399.475
       399.476
       399.476
       399.477
       399.478
       399.478
       399.479
        399.48
       399.481
       399.482
       399.483
       399.484
       399.485
       399.486
       399.487
       399.488
       399.489
       399.491
       399.491
       399.492
       399.493
       399.494
       399.494
       399.495
       399.495
       399.494
       399.494
       399.493
       399.491
       399.489
       399.487
       399.483
       399.479
       399.474
       399.467
        399.46
        399.45
       399.439
       399.426
       399.411
       399.393
       399.372
       399.348
        399.32
       399.287
        399.25
       399.208
        399.16
       399.105
       399.042
       398.972
       398.892
       398.803
       398.704
       398.594
       398.472
       398.337
       398.588
       398.834
       399.075
       399.184
       399.294
       399.407
        399.52
       399.641
       399.771
       399.837
       399.919
       400.016
       400.188
       400.381
       400.524
       400.726
       400.957
        401.22
       401.535
       401.888
       402.276
       402.405
       402.577
       402.778
       402.638
       402.526
       402.442
       402.526
       402.618
       402.774
         403.2
       403.625
       404.092
       404.632
       405.174
       405.712
       406.131
       406.519
       406.535
       406.332
       405.995
       405.222
       404.393
       403.577
       402.666
       401.708
       401.239
       401.023
       400.812
       400.585
       400.855
       401.166
       401.416
       401.655
       401.908
       402.269
       402.442
       402.519
       402.608
       402.508
       402.226
       401.377
       400.338
       400.351
       401.415
       408.086
       412.114
       413.629
       413.523
       412.744
       411.822
       410.707
       409.111
       407.451
       405.759
       404.218
       403.446
       402.991
       402.409
       401.726
       401.058
       400.422
        399.15
       397.734
       396.396
       395.407
       394.174
       392.939
       391.742
       390.758
       390.019
       389.342
       388.723
       387.929
       387.176
         385.8
       384.141
       382.508
       380.911
       379.356
       377.796
        376.23
       374.846
        373.54
       372.225
       370.906
       369.459
       368.059
        366.84
       403.259
       403.022
       365.802
       369.485
       369.486
       369.486
       369.486
       369.487
       369.487
       369.488
       369.489
       369.489
        369.49
       369.491
       369.492
       369.492
       369.493
       369.494
       369.495
       369.496
       369.497
       369.498
       369.499
         369.5
       369.501
       369.502
       369.503
       369.503
       369.504
       369.505
       369.505
       369.505
       369.505
       369.505
       369.504
       369.503
       369.501
       369.499
       369.496
       369.492
       369.488
       369.482
       369.476
       369.467
       369.458
       369.446
       369.432
       369.416
       369.398
       369.376
        369.35
       369.321
       369.286
       369.247
       369.202
        369.15
       369.091
       369.024
       368.947
       368.861
       368.764
       368.655
       368.533
       368.398
       368.248
       368.506
       368.756
           369
       369.103
       369.205
       369.309
        369.41
       369.519
       369.635
       369.683
       369.743
       369.819
       369.972
       370.143
       370.261
       370.438
       370.643
        370.88
       371.169
       371.497
       371.859
       371.946
       372.078
        372.24
       372.041
       371.878
        371.75
       371.803
       371.869
       372.006
       372.431
       372.855
       373.321
       373.861
         374.4
       374.943
       375.363
       375.758
       375.768
       375.545
       375.186
       374.374
       373.507
       372.664
       371.712
       370.704
       370.212
        369.99
       369.771
       369.539
       369.833
       370.175
       370.465
       370.746
        371.04
       371.446
       371.652
       371.755
       371.869
       371.782
       371.504
       370.624
       369.544
       369.581
       370.738
       377.849
       382.165
       383.824
        383.77
       383.009
       382.104
       381.002
       379.395
       377.728
       376.034
       374.508
       373.803
       373.437
       372.939
       372.334
       371.745
        371.19
       369.959
       368.573
       367.269
       366.333
       365.135
       363.931
       362.764
       361.817
       361.127
       360.497
       359.925
       359.161
       358.436
       357.047
       355.351
       353.675
       352.028
       350.413
        348.78
       347.123
       345.642
       344.222
       342.771
       341.294
        339.66
        338.06
       336.641
       375.273
       374.994
       335.323
       339.471
       339.471
       339.471
       339.472
       339.472
       339.473
       339.473
       339.474
       339.474
       339.475
       339.476
       339.477
       339.477
       339.478
       339.479
        339.48
       339.481
       339.482
       339.482
       339.483
       339.484
       339.485
       339.486
       339.487
       339.487
       339.488
       339.488
       339.488
       339.488
       339.488
       339.488
       339.487
       339.486
       339.484
       339.482
       339.479
       339.475
        339.47
       339.464
       339.457
       339.449
       339.439
       339.427
       339.413
       339.396
       339.377
       339.354
       339.328
       339.297
       339.262
       339.221
       339.174
       339.119
       339.057
       338.985
       338.904
       338.811
       338.706
       338.588
       338.456
       338.307
       338.143
       338.407
       338.663
        338.91
       339.006
       339.101
       339.195
       339.286
       339.381
       339.484
       339.512
       339.552
       339.606
       339.739
        339.89
       339.981
       340.133
       340.312
       340.522
       340.786
       341.088
       341.424
        341.47
       341.566
       341.692
       341.436
       341.227
       341.062
       341.092
       341.139
       341.261
       341.684
       342.104
       342.569
       343.109
       343.649
       344.194
       344.613
       345.011
       345.005
       344.755
       344.369
       343.503
       342.587
       341.707
       340.716
       339.658
       339.142
       338.911
       338.694
       338.458
       338.773
       339.148
        339.48
       339.817
       340.154
       340.609
        340.85
       340.978
       341.117
       341.041
        340.76
       339.843
       338.713
       338.767
       340.007
        347.55
       352.149
       353.945
       353.938
       353.193
       352.303
       351.214
       349.598
       347.927
       346.235
       344.727
       344.091
       343.818
       343.408
       342.886
       342.381
       341.911
       340.727
       339.378
       338.113
       337.236
       336.078
       334.911
       333.779
       332.876
       332.239
       331.663
       331.143
       330.418
       329.728
       328.333
       326.609
       324.898
       323.207
       321.538
       319.836
        318.09
       316.507
       314.963
       313.358
       311.695
       309.837
       307.987
       306.307
       347.135
       346.805
       304.596
       309.424
       309.424
       309.425
       309.425
       309.426
       309.426
       309.427
       309.427
       309.428
       309.428
       309.429
        309.43
        309.43
       309.431
       309.432
       309.433
       309.433
       309.434
       309.435
       309.436
       309.437
       309.437
       309.438
       309.439
       309.439
        309.44
        309.44
        309.44
        309.44
        309.44
       309.439
       309.438
       309.437
       309.435
       309.433
        309.43
       309.426
       309.421
       309.415
       309.408
         309.4
        309.39
       309.378
       309.363
       309.347
       309.327
       309.304
       309.277
       309.246
        309.21
       309.168
       309.119
       309.063
       308.998
       308.923
       308.838
        308.74
       308.629
       308.502
        308.36
       308.199
       308.021
       308.292
       308.553
       308.803
       308.893
       308.979
       309.065
       309.144
       309.227
       309.316
       309.325
       309.344
       309.376
       309.489
       309.619
       309.684
        309.81
       309.963
       310.146
       310.383
       310.659
       310.963
       310.971
       311.036
       311.135
       310.838
       310.592
       310.396
       310.408
       310.439
       310.549
       310.973
        311.39
       311.851
       312.388
       312.925
       313.467
        313.88
       314.275
       314.256
       313.989
       313.577
       312.658
       311.682
       310.741
       309.685
       308.576
       308.049
       307.828
       307.618
       307.391
       307.742
       308.146
        308.52
       308.885
       309.258
       309.761
        310.04
       310.196
       310.357
       310.288
           310
       309.038
        307.85
       307.907
       309.218
       317.184
       322.056
       323.982
       324.016
       323.282
       322.406
        321.33
       319.708
       318.035
       316.348
       314.863
       314.302
       314.128
       313.811
       313.376
       312.961
       312.583
        311.45
       310.143
       308.924
       308.112
       307.002
       305.877
       304.786
       303.933
       303.358
       302.842
       302.383
       301.703
       301.057
       299.666
       297.923
       296.188
       294.465
       292.752
       290.988
       289.157
       287.472
       285.796
       284.021
       282.143
       280.017
       277.855
       275.834
       318.809
        318.42
       273.574
       279.341
       279.342
       279.342
       279.342
       279.343
       279.343
       279.344
       279.344
       279.345
       279.345
       279.346
       279.346
       279.347
       279.348
       279.348
       279.349
        279.35
       279.351
       279.351
       279.352
       279.353
       279.353
       279.354
       279.355
       279.355
       279.355
       279.356
       279.356
       279.355
       279.355
       279.354
       279.353
       279.352
        279.35
       279.348
       279.345
       279.341
       279.336
        279.33
       279.323
       279.315
       279.305
       279.293
       279.279
       279.263
       279.243
       279.221
       279.194
       279.163
       279.127
       279.084
       279.035
       278.978
       278.912
       278.835
       278.747
       278.645
       278.528
       278.395
       278.243
       278.072
       277.879
       278.158
       278.424
       278.677
       278.761
        278.84
       278.915
       278.983
       279.054
       279.129
       279.118
       279.116
       279.127
        279.22
       279.328
       279.367
       279.468
       279.593
       279.747
       279.957
       280.212
       280.513
       280.502
       280.549
       280.635
       280.309
        280.03
       279.802
       279.793
       279.802
       279.894
       280.314
       280.724
       281.178
       281.711
       282.244
       282.781
       283.184
       283.572
       283.538
       283.249
       282.809
       281.838
       280.805
       279.798
       278.681
       277.521
       276.979
       276.769
        276.57
       276.365
       276.755
       277.195
       277.579
       277.946
       278.346
       278.906
       279.231
       279.414
       279.596
       279.531
       279.229
       278.214
       276.955
           277
       278.364
        286.74
       291.875
       293.922
       293.989
       293.261
       292.398
       291.336
        289.71
       288.041
       286.367
        284.91
       284.431
       284.363
       284.144
       283.803
       283.483
       283.201
       282.126
       280.868
       279.701
       278.962
       277.904
       276.829
       275.786
        274.99
       274.483
       274.035
       273.644
        273.02
       272.428
       271.052
       269.304
       267.559
       265.818
       264.075
       262.263
       260.359
       258.577
       256.769
        254.81
       252.689
       250.246
       247.698
       245.233
       290.254
       289.797
       242.217
       249.218
       249.218
       249.218
       249.219
       249.219
       249.219
        249.22
        249.22
       249.221
       249.221
       249.222
       249.222
       249.223
       249.224
       249.224
       249.225
       249.225
       249.226
       249.227
       249.227
       249.228
       249.228
       249.229
       249.229
        249.23
        249.23
        249.23
        249.23
        249.23
        249.23
       249.229
       249.228
       249.227
       249.225
       249.222
       249.219
       249.216
       249.211
       249.206
       249.199
       249.191
       249.181
        249.17
       249.156
        249.14
       249.122
         249.1
       249.074
       249.043
       249.008
       248.966
       248.917
        248.86
       248.794
       248.717
       248.627
       248.523
       248.403
       248.264
       248.104
       247.923
       247.717
       248.004
       248.276
       248.532
        248.61
        248.68
       248.746
       248.802
        248.86
       248.922
       248.891
       248.868
       248.856
       248.929
       249.016
       249.028
       249.103
       249.203
       249.337
       249.547
       249.809
       250.116
       250.093
       250.128
       250.204
       249.847
       249.537
       249.277
       249.243
       249.227
       249.295
       249.706
       250.106
       250.551
       251.077
       251.601
       252.132
       252.526
       252.909
       252.853
       252.532
       252.059
       251.037
       249.958
         248.9
       247.731
        246.52
       245.956
       245.766
       245.597
       245.405
       245.827
       246.283
       246.667
       247.049
       247.486
       248.092
       248.439
       248.642
       248.842
       248.777
       248.457
       247.379
       246.035
        246.05
       247.443
       256.207
       261.589
       263.744
       263.836
       263.109
       262.259
       261.215
       259.591
       257.933
       256.278
       254.858
       254.471
       254.514
         254.4
       254.159
        253.94
       253.762
       252.751
       251.548
        250.44
       249.779
       248.782
       247.764
       246.778
       246.047
       245.615
       245.243
       244.929
       244.369
       243.844
       242.497
        240.76
       239.023
       237.284
       235.533
       233.693
       231.735
       229.872
       227.939
       225.792
       223.406
       220.599
       217.583
       214.547
       261.421
       260.891
       210.507
       219.048
       219.049
       219.049
       219.049
        219.05
        219.05
        219.05
       219.051
       219.051
       219.052
       219.052
       219.053
       219.053
       219.054
       219.054
       219.055
       219.055
       219.056
       219.057
       219.057
       219.058
       219.058
       219.059
       219.059
       219.059
       219.059
        219.06
       219.059
       219.059
       219.059
       219.058
       219.057
       219.056
       219.054
       219.052
       219.049
       219.045
       219.041
       219.036
        219.03
       219.022
       219.013
       219.002
        218.99
       218.975
       218.957
       218.936
       218.911
       218.882
       218.848
       218.808
       218.761
       218.706
       218.641
       218.565
       218.476
       218.372
        218.25
       218.107
       217.942
       217.752
       217.534
        217.83
       218.107
       218.366
       218.436
       218.498
       218.554
       218.599
       218.644
       218.692
       218.642
       218.598
       218.564
       218.617
       218.678
       218.669
       218.731
       218.833
       218.977
       219.192
        219.46
       219.775
       219.741
       219.767
       219.834
       219.448
       219.107
       218.814
       218.754
        218.71
       218.753
       219.151
       219.537
       219.969
       220.482
       220.994
       221.517
       221.901
       222.276
        222.19
       221.834
       221.325
       220.262
        219.14
       218.041
       216.832
       215.589
       215.042
       214.918
       214.796
       214.617
        215.05
       215.506
       215.868
        216.24
        216.68
       217.291
        217.66
       217.882
       218.104
       218.041
       217.699
       216.551
       215.107
       215.067
       216.454
       225.574
       231.178
       233.424
       233.527
       232.797
       231.962
       230.945
       229.334
       227.698
       226.072
         224.7
       224.412
       224.574
        224.57
       224.433
       224.321
       224.254
       223.315
       222.175
       221.135
       220.562
       219.635
       218.684
       217.761
       217.103
       216.753
       216.465
       216.236
       215.752
       215.305
       214.004
       212.298
       210.591
        208.88
       207.149
       205.311
       203.329
       201.413
       199.379
       197.057
       194.399
       191.192
       187.624
        183.87
       232.262
       231.655
       178.486
       188.829
       188.829
        188.83
        188.83
        188.83
       188.831
       188.831
       188.831
       188.832
       188.832
       188.832
       188.833
       188.833
       188.834
       188.834
       188.835
       188.835
       188.836
       188.836
       188.837
       188.837
       188.837
       188.838
       188.838
       188.838
       188.838
       188.839
       188.838
       188.838
       188.838
       188.837
       188.836
       188.835
       188.833
       188.831
       188.829
       188.826
       188.822
       188.817
       188.811
       188.804
       188.796
       188.786
       188.775
       188.761
       188.745
       188.725
       188.703
       188.676
       188.644
       188.607
       188.563
       188.511
        188.45
       188.377
       188.291
       188.188
       188.067
       187.924
       187.755
       187.558
        187.33
       187.634
       187.916
       188.177
        188.24
       188.292
       188.337
        188.37
       188.403
       188.437
       188.369
       188.303
       188.248
       188.287
        188.35
       188.343
       188.414
       188.521
        188.67
        188.89
       189.163
       189.483
       189.438
       189.456
       189.517
       189.103
       188.735
       188.412
       188.326
       188.253
       188.268
       188.649
       189.017
       189.428
       189.924
       190.419
       190.931
       191.302
       191.667
       191.557
       191.165
        190.63
        189.52
       188.348
       187.217
       185.978
       184.701
       184.189
         184.1
       183.999
       183.853
       184.343
       184.811
       185.164
       185.504
       185.909
       186.518
       186.894
       187.139
       187.394
       187.337
       186.975
       185.752
       184.194
       184.066
       185.403
       194.828
        200.62
       202.931
        203.03
       202.291
       201.475
       200.495
       198.914
       197.319
       195.741
       194.431
       194.251
       194.538
        194.65
       194.622
       194.621
        194.67
        193.81
       192.743
       191.781
       191.307
       190.461
       189.586
       188.736
       188.157
       187.897
       187.699
       187.563
       187.165
       186.811
       185.572
        183.92
       182.272
        180.62
       178.945
        177.15
       175.188
       173.266
       171.174
       168.716
        165.81
       162.193
       158.007
       153.383
       202.735
       202.054
       146.308
       158.554
       158.555
       158.555
       158.555
       158.556
       158.556
       158.556
       158.557
       158.557
       158.557
       158.558
       158.558
       158.558
       158.559
       158.559
       158.559
        158.56
        158.56
       158.561
       158.561
       158.561
       158.562
       158.562
       158.562
       158.562
       158.563
       158.563
       158.562
       158.562
       158.562
       158.561
        158.56
       158.559
       158.558
       158.556
       158.554
       158.551
       158.548
       158.543
       158.538
       158.532
       158.525
       158.517
       158.506
       158.494
        158.48
       158.463
       158.443
       158.419
       158.391
       158.357
       158.318
        158.27
       158.214
       158.147
       158.066
        157.97
       157.853
       157.713
       157.545
       157.343
       157.105
       157.417
       157.703
       157.964
       158.018
        158.06
       158.095
       158.115
       158.135
       158.154
       158.073
       157.997
       157.947
       158.001
       158.078
       158.076
       158.152
       158.262
       158.412
       158.633
       158.907
        159.23
       159.175
       159.186
       159.242
       158.805
       158.415
       158.066
       157.958
       157.858
       157.842
       158.203
       158.545
       158.928
       159.398
        159.87
       160.364
       160.717
       161.073
       160.939
       160.523
       159.967
       158.818
       157.618
       156.469
       155.207
       153.911
       153.394
       153.299
       153.206
       153.076
       153.588
       154.091
       154.476
       154.812
       155.212
        155.82
       156.189
       156.451
       156.737
       156.688
       156.312
       155.019
       153.336
       153.086
       154.306
       163.954
       169.881
       172.221
       172.299
       171.546
       170.758
       169.835
       168.308
       166.783
        165.28
       164.048
       163.987
       164.406
       164.635
       164.717
       164.829
           165
       164.227
       163.244
       162.374
       162.011
       161.258
       160.469
       159.702
       159.209
       159.044
        158.94
       158.903
       158.599
       158.352
       157.197
       155.625
       154.069
       152.517
       150.943
       149.242
       147.359
       145.496
       143.419
       140.902
       137.818
       133.837
       129.021
       123.398
       172.823
       172.074
       114.344
        128.22
        128.22
       128.221
       128.221
       128.221
       128.221
       128.222
       128.222
       128.222
       128.223
       128.223
       128.223
       128.223
       128.224
       128.224
       128.224
       128.225
       128.225
       128.225
       128.226
       128.226
       128.226
       128.226
       128.227
       128.227
       128.227
       128.227
       128.227
       128.226
       128.226
       128.226
       128.225
       128.224
       128.223
       128.221
       128.219
       128.217
       128.214
       128.211
       128.206
       128.201
       128.195
       128.188
        128.18
        128.17
       128.157
       128.143
       128.126
       128.106
       128.082
       128.054
        128.02
       127.979
        127.93
       127.871
         127.8
       127.713
       127.606
       127.474
        127.31
       127.109
       126.863
       127.182
       127.468
       127.727
       127.769
         127.8
       127.824
       127.828
        127.84
       127.867
       127.797
       127.742
       127.705
       127.774
       127.861
       127.862
        127.94
       128.049
       128.196
       128.413
       128.684
       129.005
       128.938
       128.943
       128.999
       128.548
       128.143
       127.779
       127.655
        127.53
       127.484
       127.819
       128.125
        128.47
       128.903
       129.339
       129.804
       130.132
       130.472
       130.319
       129.888
       129.326
       128.167
       126.977
       125.854
       124.617
       123.348
        122.86
       122.779
       122.674
       122.502
       123.003
       123.491
       123.862
       124.208
       124.613
       125.217
       125.584
       125.847
       126.148
       126.115
       125.744
       124.404
       122.608
       122.203
       123.215
       132.938
        138.91
       141.231
       141.264
       140.501
       139.763
       138.928
       137.493
       136.078
       134.685
       133.557
       133.626
       134.176
       134.519
       134.707
       134.932
       135.229
       134.554
       133.669
       132.906
        132.67
       132.023
       131.335
        130.66
       130.261
       130.192
       130.183
       130.246
       130.041
       129.913
       128.865
       127.406
       125.982
       124.576
       123.156
       121.611
        119.88
       118.163
       116.207
       113.756
       110.636
       106.435
       101.085
       94.4291
       142.561
       141.759
       83.3282
       97.8209
       97.8212
       97.8215
       97.8217
       97.8219
       97.8221
       97.8223
       97.8225
       97.8227
        97.823
       97.8232
       97.8234
       97.8236
       97.8238
       97.8241
       97.8243
       97.8245
       97.8248
        97.825
       97.8252
       97.8254
       97.8256
       97.8258
       97.8259
        97.826
       97.8261
       97.8261
        97.826
       97.8258
       97.8256
       97.8252
       97.8246
       97.8239
        97.823
       97.8218
       97.8203
       97.8185
       97.8163
       97.8136
       97.8103
       97.8064
       97.8017
       97.7962
       97.7895
       97.7816
       97.7723
       97.7611
       97.7479
       97.7321
       97.7133
       97.6909
        97.664
       97.6316
       97.5923
       97.5445
       97.4858
       97.4129
       97.3214
       97.2051
       97.0554
       96.8613
       96.6108
        96.933
       97.2118
       97.4626
       97.4894
       97.5083
       97.5276
       97.5458
       97.5796
        97.629
       97.5767
       97.5396
       97.5174
       97.5982
       97.6953
       97.6989
       97.7768
        97.881
       98.0174
        98.221
        98.479
       98.7932
       98.7117
       98.7131
       98.7762
       98.3217
       97.9196
       97.5532
       97.4247
       97.2802
       97.2022
       97.5031
       97.7624
       98.0547
       98.4342
       98.8185
       99.2378
        99.525
       99.8409
       99.6665
       99.2306
       98.6782
       97.5464
       96.4183
        95.379
       94.2328
       93.0481
       92.6171
       92.5486
       92.4348
       92.2354
       92.7123
       93.1741
       93.5118
       93.8203
       94.1724
       94.7378
       95.0675
       95.3121
        95.616
       95.6148
       95.3052
       93.9816
       92.1336
       91.5674
       92.2474
        101.77
       107.628
       109.855
       109.824
       109.069
       108.419
       107.726
       106.443
       105.198
       103.969
        102.98
       103.187
       103.858
         104.3
        104.58
       104.908
       105.332
        104.77
       104.006
        103.37
       103.278
       102.756
       102.186
       101.619
        101.32
       101.346
       101.423
       101.577
        101.47
       101.469
       100.551
        99.245
       98.0023
       96.7957
       95.5891
        94.269
       92.7743
       91.3089
       89.6102
       87.4071
       84.4886
         80.36
       74.7805
       67.2818
       112.085
        111.26
       54.6006
        67.352
       67.3523
       67.3525
       67.3527
       67.3528
        67.353
       67.3531
       67.3532
       67.3534
       67.3535
       67.3537
       67.3538
        67.354
       67.3541
       67.3543
       67.3544
       67.3546
       67.3547
       67.3549
        67.355
       67.3552
       67.3553
       67.3554
       67.3555
       67.3556
       67.3556
       67.3556
       67.3555
       67.3554
       67.3552
        67.355
       67.3546
       67.3541
       67.3534
       67.3526
       67.3516
       67.3504
       67.3489
        67.347
       67.3448
       67.3421
        67.339
       67.3351
       67.3306
       67.3252
       67.3188
       67.3111
        67.302
       67.2912
       67.2782
       67.2627
        67.244
       67.2214
       67.1938
         67.16
       67.1179
       67.0647
       66.9962
       66.9059
       66.7832
       66.6111
       66.3659
       66.6808
       66.9329
       67.1671
       67.1883
       67.2217
       67.2638
       67.3058
       67.3611
       67.4329
       67.4023
       67.3873
       67.3821
       67.4747
       67.5793
       67.5845
       67.6599
       67.7539
       67.8728
       68.0522
       68.2829
       68.5761
       68.4785
       68.4769
       68.5524
        68.117
       67.7435
       67.3996
       67.2813
        67.128
       67.0194
       67.2717
       67.4659
       67.6852
       67.9895
       68.2984
       68.6465
       68.8698
       69.1398
       68.9394
       68.5191
       68.0474
       67.0299
       66.0434
       65.1519
       64.1485
       63.0797
       62.7195
       62.6692
       62.5447
       62.3145
       62.7387
       63.1458
       63.4229
       63.6647
       63.9428
       64.4337
       64.6959
       64.8865
       65.1732
       65.2215
       65.0115
        63.835
       62.1102
       61.4649
       61.6895
       70.4612
        75.897
       77.9151
       77.8226
       77.1334
       76.6437
       76.1685
       75.1297
       74.1492
       73.1663
       72.3722
       72.7142
       73.4687
       73.9752
       74.3191
       74.7254
       75.2616
       74.8405
       74.2394
       73.7655
       73.8315
       73.4578
       73.0331
       72.5968
       72.4051
        72.513
       72.6559
       72.8769
       72.8499
       72.9716
       72.2169
       71.1193
       70.1185
       69.1709
        68.239
       67.2144
       66.0422
       64.9368
       63.6475
         61.92
       59.5457
       55.9901
       50.8442
        43.182
       81.6979
       80.9223
       30.4341
       36.8083
       36.8085
       36.8086
       36.8087
       36.8088
       36.8089
        36.809
        36.809
       36.8091
       36.8092
       36.8092
       36.8093
       36.8094
       36.8095
       36.8095
       36.8096
       36.8097
       36.8098
       36.8099
       36.8099
         36.81
       36.8101
       36.8101
       36.8102
       36.8102
       36.8102
       36.8102
       36.8102
       36.8101
         36.81
       36.8099
       36.8097
       36.8094
       36.8091
       36.8087
       36.8082
       36.8076
       36.8068
       36.8059
       36.8047
       36.8034
       36.8018
       36.7998
       36.7975
       36.7948
       36.7915
       36.7876
        36.783
       36.7775
       36.7708
       36.7629
       36.7533
       36.7417
       36.7274
       36.7098
       36.6877
       36.6594
       36.6221
       36.5708
       36.4959
       36.3757
        36.169
       36.4482
       36.6678
       36.8819
       36.9195
       36.9742
       37.0383
       37.1019
       37.1769
       37.2685
       37.2698
        37.285
       37.3023
       37.4005
       37.5056
       37.5195
       37.5927
       37.6743
       37.7683
       37.9062
       38.0821
        38.321
       38.2162
       38.2089
       38.2865
       37.9181
       37.6199
        37.336
       37.2404
       37.0949
       36.9675
        37.145
       37.2538
       37.3793
       37.5767
       37.7735
       38.0077
       38.1362
       38.3352
       38.1367
       37.7873
       37.4397
       36.6284
       35.8753
        35.211
       34.4447
       33.5871
       33.3158
       33.2674
       33.1258
       32.8501
        33.142
       33.4319
       33.6024
       33.7488
       33.9285
       34.3051
       34.4895
       34.6303
       34.8882
       34.9815
       34.9331
       34.1158
       32.8291
       32.3812
        32.234
       39.1112
       43.4563
       45.0786
       45.0187
       44.5584
       44.3407
       44.1721
       43.5232
       42.9476
       42.3514
       41.8581
       42.2899
       43.0299
       43.5403
       43.9116
       44.3445
        44.932
       44.7091
        44.357
       44.1026
       44.3118
       44.1195
       43.8863
       43.6267
       43.5536
       43.7132
       43.8799
       44.1145
       44.1349
       44.3328
       43.7959
       43.0054
       42.3248
       41.6956
       41.0913
        40.427
       39.6634
       39.0056
       38.2576
       37.2371
       35.8121
       33.5489
       30.0347
       23.9605
        51.986
       51.4258
       14.4818
       6.18479
       6.18479
       6.18479
       6.18479
       6.18479
       6.18479
       6.18479
       6.18479
       6.18479
       6.18479
       6.18479
       6.18479
       6.18479
       6.18479
       6.18479
       6.18479
       6.18479
       6.18479
       6.18479
       6.18479
       6.18479
       6.18479
       6.18479
       6.18479
       6.18479
       6.18479
       6.18479
       6.18479
       6.18479
       6.18479
       6.18479
       6.18479
       6.18479
       6.18479
       6.18479
       6.18479
       6.18479
       6.18479
       6.18479
       6.18479
       6.18479
       6.18479
       6.18479
       6.18479
       6.18479
       6.18479
       6.18479
       6.18479
       6.18479
       6.18479
       6.18479
       6.18479
       6.18479
       6.18479
       6.18479
       6.18479
       6.18479
       6.18479
       6.18479
       6.18479
       6.18479
       6.18479
       6.31539
       6.44719
       6.57891
        6.6682
        6.7575
       6.84679
       6.93406
       7.02133
       7.10833
       7.17067
       7.23302
       7.29561
       7.37655
       7.45747
       7.51522
        7.5838
       7.65238
       7.72108
       7.79508
       7.86909
       7.94031
       7.91423
       7.88814
       7.85817
       7.70756
       7.55695
       7.40862
       7.30897
       7.20933
       7.12933
       7.13566
       7.14199
       7.16182
       7.20343
       7.24505
       7.28666
        7.2893
       7.28177
       7.15646
       6.95844
       6.71917
       6.34094
       5.94568
       5.55854
       5.14741
       4.72839
       4.47347
       4.30594
       4.14489
       3.98385
       3.98774
       4.01209
       4.03644
       4.08077
       4.15639
        4.2955
       4.40357
       4.51164
        4.6561
       4.77252
       4.86378
       4.80408
       4.71441
       4.99472
       5.64093
       8.12254
       9.77853
       10.6567
       11.0472
       11.2519
       11.4376
       11.5848
       11.5986
       11.6123
       11.6354
       11.7248
       12.0758
       12.5387
       12.9648
       13.3561
        13.744
       14.1281
       14.2882
       14.3788
       14.4694
       14.6458
       14.7131
        14.751
       14.7753
        14.845
       14.9732
       15.1014
       15.2296
       15.2828
        15.333
       15.1669
       14.8967
       14.6266
       14.3632
       14.1114
       13.8596
       13.6086
       13.4214
       13.2635
        13.105
       12.9442
       12.7363
       12.5284
       12.3516
            24
            24
       12.3276
