160                           219.26                        
35                            219.26                        
34                            214.08                        
33                            217.62                        
32                            221.05                        
31                            224.44                        
30                            227.61                        
29                            230.72                        
28                            233.73                        
27                            236.66                        
26                            239.46                        
25                            238.66                        
24                            237.72                        
23                            236.73                        
22                            235.58                        
21                            234.26                        
20                            232.83                        
19                            231.51                        
18                            230.1                         
17                            228.7                         
16                            227.27                        
15                            223.82                        
14                            216.5                         
13                            216.82                        
12                            227.93                        
11                            227.94                        
10                            161.05                        
9                             138.35                        
8                             108.05                        
7                             66.164                        
6                             56.577                        
5                             48.859                        
4                             42.112                        
3                             35.463                        
2                             29.26                         
1                             23.965                        
0                             19.41                         
