160                           41.615                        
35                            41.615                        
34                            42.937                        
33                            44.472                        
32                            46.009                        
31                            47.526                        
30                            48.994                        
29                            50.438                        
28                            51.835                        
27                            53.193                        
26                            54.547                        
25                            55.87                         
24                            57.151                        
23                            58.414                        
22                            59.63                         
21                            60.795                        
20                            61.904                        
19                            63.057                        
18                            64.137                        
17                            65.21                         
16                            66.268                        
15                            67.46                         
14                            63.573                        
13                            66.937                        
12                            72.733                        
11                            72.209                        
10                            98.679                        
9                             111.46                        
8                             98.791                        
7                             53.501                        
6                             37.333                        
5                             34.11                         
4                             29.66                         
3                             24.929                        
2                             25.969                        
1                             19.688                        
0                             18.568                        
