160                           57.444                        
35                            57.444                        
34                            55.51                         
33                            51.987                        
32                            48.127                        
31                            44.373                        
30                            40.942                        
29                            37.508                        
28                            34.147                        
27                            30.819                        
26                            27.246                        
25                            23.625                        
24                            20.218                        
23                            17.264                        
22                            14.424                        
21                            11.775                        
20                            9.2734                        
19                            6.9172                        
15                            7.7438                        
13                            10.821                        
12                            10.545                        
11                            10.394                        
10                            66.725                        
9                             109.11                        
8                             114.23                        
7                             96.567                        
6                             78.291                        
5                             71.373                        
4                             60.447                        
3                             49.631                        
2                             38.761                        
1                             28.8                          
0                             19.786                        
