160                           56.067                        
35                            56.067                        
34                            57.713                        
33                            59.761                        
32                            61.842                        
31                            63.939                        
30                            65.973                        
29                            67.991                        
28                            69.978                        
27                            71.903                        
26                            73.831                        
25                            75.734                        
24                            77.6                          
23                            79.464                        
22                            81.248                        
21                            82.96                         
20                            84.626                        
19                            86.402                        
18                            88.07                         
17                            89.741                        
16                            91.419                        
15                            92.435                        
14                            88.415                        
13                            90.95                         
12                            99.044                        
11                            99.092                        
10                            99.183                        
9                             110.94                        
8                             95.021                        
7                             53.277                        
6                             38.286                        
5                             34.802                        
4                             32.575                        
3                             31.885                        
2                             25.323                        
1                             24.938                        
0                             20.336                        
