160                           55.737                        
35                            55.737                        
34                            55.542                        
33                            55.584                        
32                            55.718                        
31                            55.926                        
30                            56.19                         
29                            56.484                        
28                            56.806                        
27                            57.128                        
26                            57.442                        
25                            57.772                        
24                            58.12                         
23                            58.484                        
22                            58.862                        
21                            59.282                        
20                            59.74                         
19                            60.213                        
18                            60.684                        
17                            61.115                        
16                            61.559                        
15                            58.901                        
14                            46.757                        
13                            45.721                        
12                            46.717                        
11                            46.058                        
10                            45.527                        
9                             46.575                        
8                             45.193                        
7                             23.535                        
6                             23.946                        
5                             23.39                         
4                             22.768                        
3                             22.122                        
2                             21.468                        
1                             20.773                        
0                             20.071                        
