160                           5.2774                        
33                            5.2774                        
32                            11.562                        
31                            17.84                         
30                            24.153                        
29                            30.463                        
28                            36.899                        
27                            43.378                        
26                            49.906                        
25                            56.476                        
24                            63.083                        
23                            69.794                        
22                            76.534                        
21                            83.231                        
20                            89.97                         
19                            96.846                        
18                            100.11                        
17                            107.03                        
16                            110.41                        
15                            112.01                        
14                            108.64                        
13                            108.49                        
12                            115.25                        
11                            116.59                        
10                            92.849                        
9                             92.756                        
8                             75.46                         
7                             46.582                        
6                             34.169                        
5                             31.137                        
4                             29.19                         
3                             25.748                        
2                             22.739                        
1                             19.617                        
0                             18.821                        
