160                           39.766                        
35                            39.766                        
34                            41.222                        
33                            42.81                         
32                            44.376                        
31                            45.913                        
30                            47.41                         
29                            48.885                        
28                            50.305                        
27                            51.687                        
26                            53.062                        
25                            54.406                        
24                            55.714                        
23                            56.996                        
22                            58.239                        
21                            59.435                        
20                            60.569                        
19                            61.727                        
18                            62.828                        
17                            63.907                        
16                            64.971                        
15                            65.337                        
14                            61.416                        
13                            65.019                        
12                            71.156                        
11                            70.305                        
10                            103.78                        
9                             118.8                         
8                             109.01                        
7                             64.787                        
6                             45.706                        
5                             42.416                        
4                             38.001                        
3                             32.435                        
2                             28.269                        
1                             29.295                        
0                             19.384                        
