160                           86.92                         
35                            86.92                         
34                            86.775                        
33                            86.989                        
32                            87.316                        
31                            87.678                        
30                            88.048                        
29                            88.405                        
28                            88.75                         
27                            89.078                        
26                            89.391                        
25                            89.712                        
24                            90.017                        
23                            90.308                        
22                            90.572                        
21                            90.809                        
20                            91.028                        
19                            91.228                        
18                            91.421                        
17                            91.611                        
16                            91.781                        
15                            80.431                        
14                            73.013                        
13                            66.401                        
12                            54.319                        
11                            52.184                        
10                            32.261                        
9                             31.477                        
8                             30.706                        
7                             22.048                        
6                             20.605                        
5                             20.462                        
4                             20.305                        
3                             20.147                        
2                             19.991                        
1                             19.836                        
0                             19.682                        
