6                             
0                             3.563                         
1                             3.563                         
2                             3.563                         
3                             3.563                         
4                             3.563                         
5                             3.563                         
6                             3.563                         
7                             3.563                         
8                             3.563                         
9                             3.563                         
10                            3.563                         
11                            3.563                         
12                            3.563                         
13                            3.563                         
14                            3.563                         
15                            3.563                         
16                            3.563                         
17                            3.563                         
18                            3.563                         
19                            3.563                         
20                            3.563                         
21                            3.563                         
22                            3.563                         
23                            3.563                         
24                            3.563                         
25                            3.563                         
26                            3.563                         
27                            3.563                         
28                            3.563                         
29                            3.563                         
30                            3.563                         
31                            3.563                         
32                            3.563                         
33                            3.563                         
34                            3.563                         
35                            3.563                         
36                            3.563                         
37                            3.563                         
38                            3.563                         
39                            3.563                         
40                            3.563                         
41                            3.563                         
42                            3.563                         
43                            3.563                         
44                            3.563                         
45                            3.563                         
46                            3.563                         
47                            3.563                         
48                            3.563                         
49                            3.563                         
50                            3.563                         
51                            3.563                         
52                            3.563                         
53                            3.563                         
54                            3.563                         
55                            3.563                         
56                            3.563                         
57                            3.563                         
58                            3.563                         
59                            3.563                         
60                            3.563                         
61                            3.563                         
62                            3.5369                        
63                            3.5106                        
64                            3.4842                        
65                            3.4664                        
66                            3.4485                        
67                            3.4306                        
68                            3.4132                        
69                            3.3957                        
70                            3.3783                        
71                            3.3659                        
72                            3.3534                        
73                            3.3409                        
74                            3.3247                        
75                            3.3085                        
76                            3.297                         
77                            3.2832                        
78                            3.2695                        
79                            3.2558                        
80                            3.241                         
81                            3.2262                        
82                            3.2119                        
83                            3.2172                        
84                            3.2224                        
85                            3.2284                        
86                            3.2585                        
87                            3.2886                        
88                            3.3183                        
89                            3.3382                        
90                            3.3581                        
91                            3.3741                        
92                            3.3729                        
93                            3.3716                        
94                            3.3676                        
95                            3.3593                        
96                            3.351                         
97                            3.3427                        
98                            3.3421                        
99                            3.3436                        
100                           3.3687                        
101                           3.4083                        
102                           3.4562                        
103                           3.5318                        
104                           3.6109                        
105                           3.6883                        
106                           3.7705                        
107                           3.8543                        
108                           3.9053                        
109                           3.9388                        
110                           3.971                         
111                           4.0032                        
112                           4.0025                        
113                           3.9976                        
114                           3.9927                        
115                           3.9838                        
116                           3.9687                        
117                           3.9409                        
118                           3.9193                        
119                           3.8977                        
120                           3.8688                        
121                           3.8455                        
122                           3.8272                        
123                           3.8392                        
124                           3.8571                        
125                           3.8011                        
126                           3.6718                        
127                           3.1755                        
128                           2.8443                        
129                           2.6687                        
130                           2.5906                        
131                           2.5496                        
132                           2.5125                        
133                           2.483                         
134                           2.4803                        
135                           2.4775                        
136                           2.4729                        
137                           2.455                         
138                           2.3848                        
139                           2.2923                        
140                           2.207                         
141                           2.1288                        
142                           2.0512                        
143                           1.9744                        
144                           1.9424                        
145                           1.9242                        
146                           1.9061                        
147                           1.8708                        
148                           1.8574                        
149                           1.8498                        
150                           1.8449                        
151                           1.831                         
152                           1.8054                        
153                           1.7797                        
154                           1.7541                        
155                           1.7434                        
156                           1.7334                        
157                           1.7666                        
158                           1.8207                        
159                           1.8747                        
160                           1.9274                        
161                           1.9777                        
162                           2.0281                        
163                           2.0783                        
164                           2.1157                        
165                           2.1473                        
166                           2.179                         
167                           2.2112                        
168                           2.2527                        
169                           2.2943                        
170                           2.3297                        
171                           0                             
172                           0                             
173                           2.3345                        
