160                           7.6933                        
34                            7.6933                        
33                            12.467                        
32                            17.327                        
31                            22.52                         
30                            27.746                        
29                            33.257                        
28                            38.856                        
27                            44.643                        
26                            50.519                        
25                            56.566                        
24                            62.689                        
23                            68.912                        
22                            75.19                         
21                            81.548                        
20                            87.955                        
19                            94.391                        
18                            100.88                        
17                            107.43                        
16                            114                           
15                            108.12                        
14                            108.16                        
13                            105.33                        
12                            109.03                        
11                            113.15                        
10                            54.868                        
9                             41.51                         
8                             25.573                        
7                             45.402                        
6                             34.25                         
5                             33.273                        
4                             31.462                        
3                             28.619                        
2                             25.381                        
1                             21.368                        
0                             19.74                         
