160                           86.394                        
35                            86.394                        
34                            84.523                        
33                            81.788                        
32                            78.545                        
31                            75.047                        
30                            71.51                         
29                            67.856                        
28                            63.786                        
27                            59.992                        
26                            56.171                        
25                            51.928                        
24                            47.766                        
23                            43.737                        
22                            39.907                        
21                            36.072                        
20                            32.348                        
19                            28.71                         
18                            25.171                        
17                            21.807                        
16                            18.659                        
15                            21.588                        
14                            20.203                        
13                            23.464                        
12                            24.089                        
11                            23.212                        
10                            77.491                        
9                             120.84                        
8                             128.42                        
7                             75.117                        
6                             63.252                        
5                             54.402                        
4                             46.891                        
3                             39.935                        
2                             32.907                        
1                             26.287                        
0                             20.543                        
