160                           16.998                        
35                            16.998                        
34                            22.866                        
33                            29.304                        
32                            35.955                        
31                            42.848                        
30                            49.846                        
29                            56.969                        
28                            64.254                        
27                            69.328                        
26                            74.416                        
25                            79.546                        
24                            84.793                        
23                            90.086                        
22                            95.448                        
21                            100.84                        
20                            106.33                        
19                            111.83                        
18                            117.41                        
17                            123.04                        
16                            128.71                        
15                            124.61                        
14                            121.64                        
13                            117.69                        
12                            122.05                        
11                            125.85                        
10                            72.861                        
9                             59.169                        
8                             38.63                         
7                             42.972                        
6                             33.803                        
5                             32.605                        
4                             31.562                        
3                             30.1                          
2                             27.695                        
1                             23.609                        
0                             19.698                        
