160                           68.076                        
35                            68.076                        
34                            66.049                        
33                            62.916                        
32                            59.679                        
31                            56.452                        
30                            52.83                         
29                            48.779                        
28                            44.833                        
27                            41.164                        
26                            37.555                        
25                            34.07                         
24                            30.642                        
23                            27.283                        
22                            23.788                        
21                            20.489                        
20                            17.422                        
19                            14.546                        
18                            11.837                        
17                            9.3786                        
16                            7.0625                        
15                            13.249                        
14                            12.966                        
13                            16.434                        
12                            16.897                        
11                            16.441                        
10                            72.114                        
9                             116.02                        
8                             122.78                        
7                             70.028                        
6                             58.888                        
5                             50.27                         
4                             42.375                        
3                             36.091                        
2                             30.184                        
1                             24.027                        
0                             17.603                        
