       956.828
       956.859
       956.911
       956.987
        957.09
       957.218
       957.371
       957.548
       957.749
       957.973
        958.22
        958.49
       958.782
       959.097
       959.435
       959.796
       960.183
       960.595
       961.034
       961.503
       962.002
       962.536
       963.105
       963.715
       964.367
        965.07
       965.829
       966.648
       967.549
       968.596
       969.788
       971.125
       972.602
       974.205
       975.916
       977.726
       979.622
       981.596
       983.637
       985.735
       987.881
        990.07
       992.293
       994.545
       996.816
       999.099
       1001.39
       1003.67
       1005.93
       1008.18
       1010.39
       1012.56
       1014.67
       1016.66
       1018.37
       1019.83
       1021.02
       1021.95
       1022.62
       1023.02
       1023.16
       1023.02
       1022.62
       1021.95
       1021.03
       1019.85
       1018.42
       1016.75
       1014.87
       1012.78
       1010.49
       1008.01
       1005.36
       1002.54
       999.551
       996.403
       993.175
       989.887
       986.552
       983.179
       979.775
       976.345
       972.897
       969.435
       965.964
       962.491
       959.018
        955.55
       952.089
       948.638
       945.207
       941.832
       938.514
       935.255
       932.057
       928.923
       925.853
        922.85
       919.914
       917.049
       914.255
       911.626
        909.23
       907.063
       905.126
        903.42
       901.941
        900.67
       899.562
       898.616
        897.83
       897.204
       896.731
       896.408
       896.217
       896.141
       896.145
       896.188
       896.262
       896.358
       896.464
       896.575
       896.685
       896.787
       896.877
       896.951
       897.003
        897.03
       897.027
        896.99
       896.914
       896.795
       896.629
       896.415
        896.15
       895.831
       895.458
       895.038
       894.574
       894.068
       893.525
       892.949
       892.341
       891.704
       891.036
       890.341
       889.618
       888.872
       888.104
       887.319
       886.519
        885.71
       884.898
       884.096
       883.309
       882.542
       881.801
       881.089
       880.408
       879.752
       879.124
       878.526
       877.963
       877.437
       876.951
       876.509
       876.116
       875.787
        875.52
       875.317
       875.176
       875.089
       875.038
       875.025
       928.315
       928.327
       928.369
       928.438
       928.533
       928.654
       928.799
       928.969
       929.163
       929.379
       929.619
        929.88
       930.164
       930.471
         930.8
       931.153
       931.531
       931.934
       932.365
       932.824
       933.315
       933.838
        934.42
       935.045
       935.721
       936.422
       937.212
       938.028
       938.936
       939.982
        941.16
       942.529
       944.028
       945.608
       947.372
       949.179
       951.056
       953.033
       955.045
       957.142
        959.29
       961.549
       963.793
       966.059
       968.331
       970.574
       972.957
       975.084
       977.432
       979.811
       981.988
       984.118
       986.089
       988.147
       989.929
       991.321
       992.555
       993.638
       994.229
       994.526
       994.662
        994.62
       994.339
       993.753
        992.84
       991.707
       990.251
       988.584
       986.748
       984.615
       982.238
       979.697
       977.056
       974.177
       971.162
       968.054
       964.811
       961.635
       958.218
       954.898
       951.551
       948.096
        944.67
       941.244
        937.77
       934.292
       930.825
       927.366
       923.913
       920.453
       917.039
       913.644
       910.295
       906.986
       903.783
       900.629
       897.546
       894.525
       891.585
       888.725
       885.956
        883.42
       881.112
       879.017
       877.109
       875.426
       873.947
       872.674
        871.63
       870.757
       870.029
       869.392
       868.888
       868.541
       868.356
        868.28
       868.278
       868.335
       868.431
       868.547
       868.664
       868.777
       868.901
       869.006
       869.091
       869.167
       869.232
       869.264
       869.263
       869.229
        869.16
       869.043
       868.876
       868.655
       868.381
       868.066
       867.689
       867.254
       866.768
       866.212
       865.619
       865.013
       864.386
       863.753
       863.098
       862.423
       861.713
       860.964
         860.2
       859.432
       858.651
       857.861
       857.069
       856.275
        855.48
       854.693
       853.928
       853.198
       852.508
       851.821
       851.211
       850.641
       850.076
       849.542
       849.045
       848.592
       848.189
       847.849
       847.582
       847.379
       847.239
       848.033
       847.981
       847.082
        899.55
       899.553
       899.585
       899.645
       899.731
       899.843
       899.979
        900.14
       900.323
       900.529
       900.758
       901.008
        901.28
       901.575
       901.892
       902.232
       902.596
       902.986
       903.402
       903.847
       904.321
       904.829
       905.416
       906.049
       906.743
       907.434
       908.248
       909.054
       909.963
       911.003
       912.164
       913.561
       915.079
       916.636
       918.451
       920.254
       922.113
       924.092
       926.076
       928.173
       930.323
       932.655
       934.922
       937.204
        939.48
       941.685
       944.171
       946.145
        948.58
       951.105
       953.254
       955.353
        957.18
        959.31
       961.154
       962.482
       963.755
        964.99
       965.502
       965.691
       965.828
       965.881
       965.723
        965.22
        964.32
       963.237
       961.755
       960.088
       958.305
       956.135
       953.674
       951.074
        948.45
       945.521
        942.49
       939.422
       936.172
       933.112
       929.613
       926.347
        923.06
        919.58
       916.178
       912.789
       909.311
       905.831
        902.37
       898.922
       895.479
       892.013
       888.618
       885.203
       881.823
       878.466
       875.259
       872.086
        868.99
       865.952
       863.007
       860.152
       857.409
       854.978
       852.766
       850.748
       848.874
       847.219
       845.742
       844.469
       843.493
       842.694
       842.027
       841.382
       840.847
       840.479
       840.304
       840.229
       840.225
       840.301
       840.421
       840.562
       840.692
       840.811
       840.951
       841.061
       841.144
       841.223
       841.305
       841.344
       841.345
       841.318
       841.257
       841.144
       840.979
       840.753
        840.47
       840.163
       839.783
       839.334
       838.828
       838.223
       837.581
       836.946
         836.3
       835.674
       835.033
       834.381
       833.684
       832.935
       832.175
       831.425
       830.665
       829.894
       829.121
       828.334
       827.532
       826.722
       825.935
       825.185
       824.487
        823.77
       823.177
       822.634
       822.067
       821.524
       821.016
       820.551
       820.139
       819.789
       819.521
       819.321
       819.184
       820.868
       820.815
       819.025
       870.546
       870.541
       870.565
       870.615
       870.691
       870.792
       870.917
       871.066
       871.236
        871.43
       871.644
        871.88
       872.138
       872.417
       872.717
        873.04
       873.387
       873.758
       874.154
       874.578
       875.032
       875.516
       876.104
       876.739
       877.444
       878.118
        878.95
       879.738
       880.644
       881.674
       882.812
       884.236
       885.771
       887.301
       889.167
       890.965
       892.803
       894.786
        896.74
       898.837
        900.99
       903.397
       905.689
       907.989
       910.271
        912.44
       915.034
       916.856
       919.385
       922.064
       924.193
       926.273
       927.948
       930.143
       932.047
       933.305
       934.617
       936.006
       936.437
       936.517
       936.654
       936.803
       936.772
       936.353
       935.468
       934.436
        932.93
       931.265
        929.54
       927.337
       924.796
        922.14
       919.541
       916.566
       913.523
       910.508
       907.255
       904.316
       900.735
       897.525
       894.301
       890.797
        887.42
       884.071
       880.591
        877.11
       873.657
       870.222
       866.792
       863.323
       859.951
       856.516
       853.104
       849.699
       846.489
       843.299
       840.192
       837.138
       834.188
        831.33
       828.631
       826.309
       824.199
       822.264
       820.427
       818.803
        817.33
       816.061
       815.155
       814.435
       813.831
       813.179
       812.617
        812.23
       812.068
       811.999
       811.995
       812.091
       812.238
       812.406
       812.552
       812.679
       812.839
       812.955
       813.039
       813.124
       813.223
       813.272
       813.279
        813.26
        813.21
       813.102
       812.939
        812.71
       812.422
       812.124
       811.742
       811.281
       810.756
       810.103
       809.413
       808.751
       808.089
       807.471
       806.845
       806.218
       805.536
       804.787
       804.032
       803.301
       802.561
       801.811
       801.058
       800.277
       799.466
       798.635
       797.824
       797.055
       796.349
         795.6
       795.025
        794.51
        793.94
       793.389
       792.868
       792.392
       791.971
       791.611
       791.345
       791.147
       791.014
       793.595
       793.542
       790.856
        841.31
       841.297
       841.311
       841.352
       841.417
       841.506
       841.618
       841.752
       841.909
       842.086
       842.285
       842.503
       842.743
       843.003
       843.283
       843.585
        843.91
       844.257
        844.63
       845.028
       845.455
       845.911
       846.493
       847.124
       847.834
       848.486
       849.331
       850.095
       850.994
        852.01
        853.12
       854.567
       856.117
       857.616
       859.533
       861.324
        863.14
       865.124
       867.047
       869.144
       871.299
       873.783
       876.101
        878.42
       880.709
       882.844
       885.551
        887.22
        889.85
        892.69
       894.802
       896.868
       898.361
       900.632
       902.599
       903.787
       905.138
       906.684
       907.031
       906.998
       907.137
       907.385
       907.483
       907.151
       906.281
       905.304
       903.775
       902.114
        900.45
       898.218
         895.6
       892.894
       890.325
       887.309
       884.261
       881.308
       878.061
       875.245
       871.583
       868.433
       865.274
       861.749
       858.399
       855.093
       851.613
       848.132
       844.689
       841.271
       837.857
       834.391
        831.04
       827.585
       824.145
       820.693
       817.482
       814.277
       811.161
       808.094
       805.145
         802.3
       799.644
       797.429
       795.422
       793.573
       791.777
       790.187
       788.721
       787.457
       786.625
       785.986
       785.449
       784.793
       784.205
       783.801
       783.655
       783.594
       783.592
       783.711
       783.888
       784.085
        784.25
       784.387
        784.57
       784.695
        784.78
       784.874
       784.993
       785.053
       785.067
       785.058
        785.02
        784.92
       784.762
        784.53
       784.238
        783.95
       783.568
       783.097
       782.555
       781.855
       781.119
        780.43
       779.753
       779.145
       778.537
       777.936
        777.27
       776.523
       775.774
       775.062
       774.344
       773.614
       772.881
       772.107
       771.288
       770.435
       769.601
       768.812
       768.098
       767.318
       766.761
       766.273
       765.701
        765.14
       764.607
        764.12
        763.69
       763.321
       763.056
       762.863
       762.733
       766.218
       766.166
       762.577
       811.845
       811.825
        811.83
       811.859
       811.912
       811.988
       812.086
       812.205
       812.345
       812.505
       812.684
       812.883
       813.102
       813.339
       813.597
       813.874
       814.173
       814.493
       814.837
       815.205
         815.6
       816.023
       816.593
       817.215
       817.926
        818.55
       819.404
       820.143
       821.027
       822.023
       823.102
       824.568
        826.13
       827.595
        829.56
       831.342
       833.134
       835.117
       837.008
       839.103
       841.259
       843.821
       846.165
       848.505
       850.802
       852.901
       855.726
        857.24
       859.974
       862.982
       865.078
       867.117
       868.423
       870.775
       872.807
       873.922
       875.312
       877.019
       877.281
       877.133
       877.273
       877.623
       877.854
       877.611
       876.758
       875.837
       874.286
       872.632
       871.037
       868.777
       866.084
       863.332
       860.799
       857.747
       854.698
       851.817
        848.58
       845.896
       842.155
       839.069
        835.98
       832.434
       829.116
       825.855
       822.377
         818.9
       815.471
       812.071
       808.675
       805.211
       801.887
       798.417
       794.951
       791.454
       788.245
       785.027
       781.906
       778.829
       775.884
       773.058
        770.45
       768.344
       766.445
       764.684
       762.932
       761.379
       759.922
       758.667
       757.912
       757.357
       756.888
       756.231
       755.619
         755.2
       755.073
       755.023
       755.024
       755.168
       755.377
       755.606
       755.792
       755.942
       756.148
       756.284
       756.373
       756.477
       756.618
       756.691
       756.714
       756.717
       756.692
       756.602
       756.449
       756.218
       755.922
       755.647
       755.266
       754.786
       754.228
       753.484
       752.702
       751.988
       751.298
       750.701
       750.112
       749.538
        748.89
       748.146
       747.404
       746.713
       746.016
       745.308
       744.595
       743.829
       743.002
       742.127
       741.269
       740.461
       739.739
       738.928
       738.389
       737.929
       737.355
       736.784
       736.237
        735.74
       735.302
       734.924
       734.661
       734.471
       734.345
        738.74
       738.689
       734.192
       782.157
       782.129
       782.124
       782.142
       782.182
       782.244
       782.326
       782.428
       782.549
        782.69
       782.849
       783.025
        783.22
       783.433
       783.664
       783.913
       784.182
       784.472
       784.783
       785.116
       785.475
       785.859
       786.415
       787.023
        787.73
       788.321
       789.181
        789.89
       790.755
       791.726
       792.768
       794.251
       795.821
       797.249
        799.26
       801.031
       802.795
       804.777
       806.631
       808.723
       810.879
       813.519
       815.889
       818.248
       820.553
       822.617
       825.561
       826.919
       829.761
       832.942
       835.029
       837.032
       838.136
       840.567
       842.666
       843.707
       845.137
       847.009
       847.183
       846.916
       847.058
       847.513
        847.88
        847.73
       846.894
       846.034
       844.463
        842.82
       841.296
       839.012
       836.246
        833.45
       830.959
       827.873
       824.829
       822.019
       818.805
       816.264
       812.448
       809.432
       806.417
       802.855
       799.571
       796.359
       792.888
       789.417
       786.004
       782.626
       779.252
       775.792
       772.498
       769.018
       765.529
       761.989
       758.786
       755.558
       752.434
        749.35
       746.413
       743.604
       741.054
       739.064
       737.276
       735.608
       733.903
        732.39
       730.945
         729.7
       729.025
       728.557
        728.16
       727.503
       726.869
       726.437
        726.33
       726.293
       726.299
       726.469
       726.712
       726.975
       727.184
       727.348
        727.58
       727.729
       727.823
       727.939
       728.104
       728.191
       728.224
        728.24
       728.231
       728.151
       728.006
       727.776
       727.478
       727.217
       726.839
       726.352
        725.78
       724.992
       724.165
       723.429
       722.725
       722.142
       721.573
       721.028
         720.4
       719.659
       718.925
       718.256
       717.583
       716.896
       716.205
       715.448
       714.612
       713.716
       712.834
       712.007
       711.278
       710.436
       709.916
       709.484
       708.907
       708.328
       707.768
       707.261
       706.814
       706.426
       706.165
       705.979
       705.855
       711.167
       711.117
       705.706
       752.248
       752.212
       752.197
       752.204
        752.23
       752.276
       752.341
       752.425
       752.527
       752.646
       752.782
       752.935
       753.104
       753.289
       753.491
        753.71
       753.946
       754.201
       754.476
       754.771
       755.089
       755.431
       755.967
       756.558
       757.257
        757.81
        758.67
       759.346
       760.188
       761.131
       762.132
       763.628
       765.203
        766.59
       768.646
       770.401
       772.134
       774.111
       775.926
       778.012
       780.165
       782.884
       785.278
       787.656
       789.967
       791.994
       795.059
       796.256
       799.208
       802.567
       804.645
       806.581
       807.488
       810.004
       812.173
       813.138
       814.609
       816.648
       816.732
       816.345
       816.489
       817.051
       817.558
       817.503
       816.688
       815.892
       814.303
       812.672
       811.224
       808.919
       806.082
       803.246
       800.802
       797.686
       794.649
       791.917
       788.734
       786.347
       782.462
       779.522
       776.587
       773.011
       769.766
       766.609
       763.146
       759.686
       756.294
       752.942
       749.593
       746.142
       742.882
       739.395
       735.887
       732.308
       729.114
        725.88
       722.756
       719.669
       716.742
       713.954
       711.469
       709.599
       707.927
       706.356
       704.701
       703.231
       701.801
       700.569
       699.976
       699.598
       699.275
        698.62
       697.965
       697.521
       697.437
       697.414
       697.426
       697.624
       697.903
       698.202
       698.435
       698.615
       698.874
       699.037
       699.137
       699.266
       699.455
       699.558
       699.604
       699.634
       699.642
       699.574
       699.437
       699.209
       698.911
       698.665
       698.292
       697.798
       697.214
       696.382
       695.514
       694.755
       694.041
       693.472
       692.925
       692.411
       691.804
       691.068
       690.343
       689.698
       689.048
       688.384
       687.716
       686.968
       686.125
       685.208
       684.303
       683.457
        682.72
       681.849
       681.348
       680.945
       680.366
       679.777
       679.205
       678.688
       678.231
       677.835
       677.574
       677.392
        677.27
       683.504
       683.455
       677.126
       722.121
       722.077
       722.052
       722.046
       722.058
       722.088
       722.136
         722.2
       722.281
       722.378
       722.489
       722.616
       722.757
       722.913
       723.083
       723.269
        723.47
       723.688
       723.923
       724.177
       724.451
       724.746
       725.259
       725.828
       726.515
       727.026
       727.881
       728.517
       729.336
       730.248
       731.205
       732.711
       734.288
       735.629
       737.727
       739.464
       741.161
       743.129
       744.902
       746.978
       749.127
       751.922
       754.338
       756.732
       759.048
       761.035
       764.223
       765.254
       768.317
       771.851
       773.906
       775.772
       776.479
       779.082
       781.322
       782.211
       783.723
       785.933
       785.926
       785.415
       785.561
       786.233
       786.884
       786.928
       786.135
       785.405
       783.801
       782.186
       780.818
       778.495
        775.59
       772.716
       770.323
       767.182
       764.156
       761.509
       758.363
       756.145
       752.194
       749.338
        746.49
       742.904
       739.703
       736.605
       733.157
       729.711
       726.345
       723.023
       719.704
       716.265
       713.045
       709.556
       706.032
       702.419
       699.239
       696.001
       692.882
       689.795
       686.884
       684.128
       681.707
       679.961
        678.41
       676.941
       675.339
       673.915
       672.502
       671.284
       670.776
        670.49
       670.244
       669.593
       668.918
       668.465
       668.404
       668.396
       668.416
       668.643
       668.959
       669.295
       669.553
       669.749
       670.036
       670.214
       670.322
       670.464
        670.68
       670.799
       670.857
       670.903
       670.929
       670.874
       670.747
       670.522
       670.226
       669.995
       669.629
        669.13
       668.534
       667.662
       666.752
       665.972
       665.249
       664.696
       664.173
       663.691
       663.106
       662.377
       661.663
       661.042
       660.418
       659.778
       659.134
       658.395
       657.547
       656.609
       655.683
       654.818
       654.075
       653.174
       652.693
       652.319
       651.737
       651.139
       650.555
       650.028
       649.562
       649.156
       648.896
       648.717
       648.597
       655.756
       655.709
       648.457
       691.779
       691.727
       691.692
       691.673
        691.67
       691.684
       691.713
       691.757
       691.816
       691.889
       691.975
       692.074
       692.186
        692.31
       692.448
       692.598
       692.762
        692.94
       693.133
       693.342
       693.569
       693.815
       694.301
       694.845
       695.516
       695.979
       696.822
        697.42
       698.213
       699.091
       699.999
       701.513
       703.088
        704.38
       706.517
        708.23
       709.888
       711.843
       713.568
       715.631
       717.771
        720.64
       723.075
       725.483
       727.801
       729.744
       733.055
       733.915
       737.087
       740.799
       742.819
       744.607
       745.108
         747.8
       750.112
       750.921
       752.475
        754.86
       754.759
       754.122
        754.27
       755.054
       755.854
       755.999
        755.23
        754.57
       752.952
       751.356
       750.073
       747.735
       744.764
       741.857
        739.52
       736.357
       733.348
       730.792
       727.692
       725.655
       721.644
       718.879
       716.125
       712.535
       709.384
        706.35
       702.921
       699.496
        696.16
       692.874
       689.591
        686.17
       682.995
       679.508
       675.975
       672.332
       669.169
       665.934
       662.823
       659.738
       656.845
       654.123
       651.779
       650.164
       648.738
       647.374
       645.829
       644.454
        643.06
       641.859
       641.439
       641.248
        641.08
       640.434
       639.742
       639.279
       639.243
       639.251
       639.279
       639.536
        639.89
       640.262
       640.546
        640.76
       641.076
       641.269
       641.384
       641.541
       641.783
        641.92
       641.991
       642.053
       642.098
       642.057
       641.941
       641.721
       641.426
       641.214
       640.855
       640.353
       639.747
       638.834
       637.884
       637.085
       636.354
       635.819
       635.322
       634.874
       634.313
       633.591
        632.89
       632.295
       631.698
       631.084
       630.465
       629.738
       628.884
       627.926
       626.979
       626.098
       625.349
       624.418
       623.958
       623.613
       623.029
       622.422
       621.826
       621.289
       620.813
       620.397
        620.14
       619.963
       619.843
        627.93
       627.884
       619.706
       661.225
       661.165
       661.118
       661.086
       661.069
       661.065
       661.075
       661.099
       661.135
       661.183
       661.243
       661.313
       661.395
       661.487
        661.59
       661.703
       661.828
       661.964
       662.113
       662.275
       662.452
       662.646
       663.103
        663.62
       664.273
       664.686
        665.52
       666.075
       666.835
       667.672
       668.528
       670.045
       671.614
       672.852
       675.025
        676.71
       678.323
       680.261
       681.934
        683.98
       686.106
       689.046
       691.496
       693.914
       696.229
       698.124
       701.556
        702.24
       705.525
       709.425
       711.385
       713.086
       713.373
       716.154
       718.539
       719.266
       720.862
       723.425
       723.227
       722.461
       722.611
       723.511
       724.462
       724.713
       723.969
       723.383
       721.752
       720.178
       718.985
       716.634
       713.601
       710.663
       708.389
       705.208
       702.222
       699.764
       696.714
       694.869
        690.81
       688.144
       685.492
       681.904
       678.809
       675.847
       672.443
       669.044
       665.744
       662.501
        659.26
       655.863
       652.739
       649.262
       645.725
       642.056
       638.917
       635.689
       632.591
       629.512
       626.631
       623.961
         621.7
       620.223
       618.926
       617.671
       616.187
       614.863
       613.489
       612.307
       611.977
       611.883
       611.796
       611.156
       610.448
       609.978
       609.965
       609.989
       610.026
       610.314
       610.705
       611.115
       611.424
       611.655
           612
       612.208
       612.332
       612.503
       612.772
       612.927
       613.012
       613.091
       613.155
       613.129
       613.024
        612.81
       612.518
       612.325
       611.974
       611.471
       610.856
       609.905
       608.915
       608.099
       607.362
       606.846
       606.376
       605.965
       605.429
       604.717
        604.03
       603.463
       602.894
       602.308
       601.715
       601.001
       600.143
       599.167
       598.201
       597.304
        596.55
        595.59
        595.15
       594.836
        594.25
       593.634
       593.025
       592.478
       591.993
       591.567
        591.31
       591.134
       591.014
       600.032
       599.987
       590.879
       630.461
       630.392
       630.335
       630.289
       630.256
       630.235
       630.226
       630.228
       630.241
       630.264
       630.297
       630.339
       630.389
       630.448
       630.515
       630.591
       630.675
       630.768
       630.871
       630.985
       631.111
        631.25
       631.676
       632.163
       632.796
       633.158
       633.981
        634.49
       635.213
       636.006
       636.805
        638.32
        639.88
       641.059
       643.262
       644.916
        646.48
       648.396
       650.011
       652.033
        654.14
       657.147
       659.607
        662.03
       664.337
       666.179
       669.729
       670.228
       673.622
       677.702
       679.588
       681.203
       681.272
       684.141
         686.6
       687.241
       688.879
       691.624
       691.326
       690.427
       690.579
       691.597
       692.704
       693.063
       692.347
       691.837
       690.196
       688.647
        687.55
       685.189
       682.096
       679.132
       676.926
       673.732
       670.773
        668.42
       665.426
       663.785
       659.685
        657.13
        654.59
       651.013
       647.981
       645.098
       641.725
       638.359
       635.103
        631.91
       628.718
       625.352
       622.288
       618.826
        615.29
       611.603
       608.494
       605.279
       602.201
       599.137
       596.286
       593.672
       591.492
       590.154
        588.99
       587.848
       586.427
       585.156
       583.803
        582.64
       582.405
        582.41
       582.406
       581.774
       581.051
       580.572
       580.583
       580.624
       580.669
       580.987
       581.416
       581.862
       582.197
       582.445
       582.818
       583.042
       583.173
       583.359
       583.654
       583.827
       583.926
       584.022
       584.106
       584.095
       584.003
       583.795
       583.507
       583.334
       582.993
       582.489
       581.867
       580.878
       579.851
       579.019
       578.277
       577.783
       577.342
       576.969
        576.46
        575.76
       575.089
       574.551
       574.013
       573.457
       572.892
       572.192
       571.333
        570.34
       569.356
       568.445
       567.687
       566.698
        566.28
       565.995
       565.408
       564.782
       564.162
       563.605
       563.109
       562.672
       562.415
       562.237
       562.118
       572.069
       572.024
       561.985
       599.489
       599.412
       599.343
       599.285
       599.236
       599.198
       599.169
        599.15
        599.14
       599.138
       599.144
       599.156
       599.175
         599.2
       599.231
       599.268
       599.311
       599.361
       599.417
       599.481
       599.554
       599.636
        600.03
       600.485
       601.097
       601.405
       602.213
       602.676
       603.359
       604.105
       604.843
       606.354
       607.899
       609.014
       611.244
       612.861
        614.37
       616.259
       617.809
       619.803
       621.884
       624.953
       627.417
       629.837
       632.131
       633.911
       637.576
       637.882
       641.383
        645.64
       647.434
       648.958
       648.801
       651.761
       654.292
       654.846
       656.525
       659.454
       659.053
       658.017
       658.171
        659.31
       660.576
       661.046
       660.358
       659.928
       658.279
       656.759
       655.762
       653.397
       650.247
       647.259
       645.128
       641.925
           639
       636.758
       633.827
         632.4
       628.269
       625.839
        623.42
       619.861
       616.902
       614.105
       610.771
       607.445
       604.241
       601.106
        597.97
       594.644
       591.647
       588.209
       584.682
       580.983
       577.912
       574.718
       571.666
       568.623
       565.808
       563.261
       561.167
       559.972
       558.946
        557.92
       556.564
        555.35
        554.02
       552.881
       552.739
       552.845
       552.923
       552.299
        551.56
       551.073
       551.109
       551.165
       551.218
       551.567
       552.032
       552.515
       552.875
       553.138
        553.54
       553.778
       553.916
       554.116
       554.438
       554.628
       554.741
       554.854
       554.958
       554.962
       554.883
       554.681
       554.399
       554.246
       553.916
       553.413
       552.786
        551.76
       550.698
       549.852
       549.107
       548.636
       548.226
       547.893
       547.414
       546.727
       546.073
       545.567
       545.061
       544.536
       544.002
       543.319
       542.459
       541.452
       540.452
       539.528
       538.767
       537.752
       537.356
       537.102
       536.513
       535.878
       535.246
       534.678
        534.17
       533.721
       533.462
       533.282
       533.162
       544.046
       544.002
       533.029
       568.314
       568.227
       568.148
       568.076
       568.012
       567.956
       567.909
       567.869
       567.835
       567.808
       567.787
        567.77
       567.758
        567.75
       567.745
       567.743
       567.745
        567.75
       567.759
       567.773
       567.792
       567.818
       568.177
         568.6
       569.189
        569.44
       570.231
       570.647
       571.288
       571.985
       572.657
        574.16
       575.687
       576.732
       578.985
       580.558
       582.007
       583.863
       585.342
         587.3
       589.349
       592.473
       594.933
       597.344
       599.615
       601.325
       605.099
       605.202
       608.814
        613.22
       614.919
       616.348
       615.961
       619.011
       621.615
       622.077
       623.797
       626.911
       626.405
       625.228
       625.382
       626.644
       628.074
       628.657
       627.999
       627.652
       625.997
       624.508
       623.619
       621.252
       618.048
       615.043
       612.992
       609.786
         606.9
       604.778
       601.917
       600.714
       596.563
       594.268
       591.982
       588.449
       585.572
       582.873
       579.586
       576.308
       573.164
       570.095
       567.026
       563.747
       560.826
       557.419
        553.91
       550.208
       547.182
       544.016
       540.999
       537.987
       535.215
       532.742
        530.74
       529.694
        528.81
       527.903
       526.616
        525.46
       524.158
       523.043
       522.996
       523.201
       523.362
       522.745
        521.99
       521.494
       521.555
       521.627
       521.688
       522.065
       522.567
       523.085
       523.468
       523.746
       524.175
       524.426
        524.57
       524.783
        525.13
       525.338
       525.463
       525.593
       525.717
       525.737
        525.67
       525.476
       525.198
       525.068
        524.75
       524.249
       523.617
       522.557
        521.46
       520.602
       519.857
       519.411
       519.034
       518.743
       518.295
       517.624
        516.99
       516.517
       516.046
       515.554
       515.053
       514.389
       513.531
       512.511
       511.498
       510.562
         509.8
       508.759
       508.386
       508.164
       507.575
        506.93
       506.287
       505.707
       505.186
       504.722
       504.459
       504.275
       504.153
        515.97
       515.925
       504.018
       536.937
       536.842
       536.752
       536.667
       536.588
       536.515
       536.449
       536.388
       536.332
       536.281
       536.233
       536.188
       536.146
       536.105
       536.064
       536.025
       535.986
       535.947
       535.909
       535.873
       535.838
       535.806
       536.131
       536.521
       537.085
       537.278
       538.053
        538.42
       539.017
       539.661
       540.265
       541.754
       543.259
        544.23
         546.5
       548.025
       549.406
       551.222
       552.623
       554.538
       556.546
       559.718
       562.167
       564.559
       566.798
       568.427
       572.299
        572.18
       575.877
       580.428
       582.039
       583.375
       582.751
       585.891
       588.568
       588.935
       590.693
       593.995
       593.378
       592.057
       592.211
       593.598
       595.193
       595.894
       595.267
       595.006
       593.346
       591.892
       591.116
       588.753
       585.497
       582.478
       580.516
       577.312
       574.472
       572.479
       569.695
       568.728
       564.561
       562.414
       560.276
       556.779
       553.995
       551.403
       548.172
       544.952
       541.878
       538.884
       535.891
        532.67
       529.835
        526.47
       522.987
       519.289
       516.319
       513.189
       510.215
       507.239
       504.525
       502.131
       500.227
       499.335
       498.597
       497.813
       496.599
       495.504
       494.232
       493.142
       493.189
       493.494
       493.737
       493.128
       492.356
        491.85
       491.935
       492.022
       492.089
       492.493
        493.03
       493.582
       493.987
       494.278
       494.732
       494.995
       495.143
       495.368
        495.74
       495.962
         496.1
       496.246
       496.389
       496.424
       496.371
       496.184
       495.913
       495.805
       495.501
       495.002
       494.368
       493.274
       492.145
       491.277
       490.532
       490.114
       489.772
       489.525
       489.112
       488.458
       487.846
       487.409
       486.974
       486.519
       486.053
        485.41
       484.557
       483.527
       482.502
       481.557
       480.796
        479.73
       479.382
       479.192
       478.602
       477.948
       477.293
         476.7
       476.165
       475.686
       475.416
       475.225
       475.099
       487.847
       487.801
       474.958
       505.365
       505.261
        505.16
       505.062
       504.969
        504.88
       504.795
       504.714
       504.637
       504.563
        504.49
       504.417
       504.345
       504.273
       504.198
       504.122
       504.043
       503.962
       503.878
       503.792
       503.704
       503.615
       503.906
       504.263
         504.8
       504.931
       505.694
       506.012
       506.563
        507.15
       507.682
       509.156
       510.634
       511.525
       513.807
       515.278
       516.586
       518.354
       519.668
       521.532
       523.492
       526.703
        529.13
       531.494
        533.69
       535.224
       539.184
       538.826
       542.591
       547.278
         548.8
       550.039
       549.174
       552.403
       555.152
       555.418
       557.214
       560.705
       559.973
       558.502
       558.654
       560.167
       561.932
       562.751
       562.159
       561.987
       560.324
        558.91
       558.252
       555.895
       552.592
       549.564
       547.698
       544.502
       541.715
       539.859
       537.161
       536.438
       532.262
       530.278
         528.3
       524.852
       522.172
       519.698
       516.534
       513.382
       510.387
        507.48
       504.573
       501.421
       498.684
        495.37
       491.923
        488.24
       485.334
        482.25
       479.325
        476.39
        473.74
       471.442
       469.644
       468.912
       468.324
       467.668
       466.529
       465.498
       464.257
       463.193
       463.334
       463.739
       464.064
       463.461
       462.671
       462.155
       462.263
       462.363
       462.434
       462.864
       463.433
       464.017
       464.442
       464.744
       465.221
       465.494
       465.644
       465.878
       466.273
        466.51
       466.659
        466.82
       466.982
       467.032
       466.991
       466.812
       466.547
       466.463
       466.173
       465.679
       465.043
       463.918
       462.758
       461.882
       461.141
       460.752
       460.448
       460.247
        459.87
       459.237
       458.649
       458.251
       457.855
       457.439
        457.01
       456.391
       455.544
       454.507
       453.473
       452.521
       451.763
       450.675
       450.353
       450.196
       449.606
       448.944
       448.275
       447.668
       447.117
       446.621
       446.341
       446.138
       446.005
       459.682
       459.634
       445.854
       473.602
        473.49
       473.378
       473.268
        473.16
       473.056
       472.954
       472.855
       472.757
       472.661
       472.564
       472.466
       472.366
       472.264
       472.157
       472.046
       471.929
       471.807
       471.679
       471.545
       471.405
        471.26
       471.518
       471.842
       472.355
       472.427
       473.177
       473.442
       473.944
       474.473
        474.93
       476.383
        477.83
       478.637
       480.926
       482.336
       483.563
       485.277
       486.497
         488.3
       490.201
       493.442
       495.837
       498.161
       500.302
       501.729
       505.763
       505.147
       508.961
       513.777
       515.207
       516.347
       515.234
       518.552
       521.369
        521.53
        523.36
       527.041
        526.19
       524.563
       524.711
       526.351
       528.287
       529.228
        528.67
       528.592
       526.929
       525.558
       525.024
       522.677
       519.331
         516.3
       514.536
       511.355
       508.629
       506.919
       504.314
       503.846
       499.671
       497.858
       496.056
       492.668
       490.105
       487.762
       484.677
       481.603
       478.699
       475.889
        473.08
       470.008
       467.381
       464.129
        460.73
       457.073
       454.242
       451.214
        448.35
       445.467
         442.9
       440.699
       439.012
       438.443
       438.009
       437.483
       436.422
       435.457
       434.248
       433.211
       433.446
        433.95
       434.356
        433.76
       432.951
       432.423
       432.551
       432.663
       432.735
       433.189
       433.788
       434.401
       434.843
       435.154
       435.651
       435.932
       436.082
       436.324
       436.739
       436.989
       437.147
       437.321
       437.501
       437.565
       437.537
       437.366
       437.108
       437.048
       436.773
       436.285
        435.65
       434.496
       433.308
       432.425
       431.689
       431.333
       431.067
       430.916
       430.577
       429.966
       429.406
       429.048
       428.695
        428.32
       427.932
       427.338
       426.502
        425.46
        424.42
       423.464
       422.711
       421.603
       421.309
       421.186
       420.596
       419.925
       419.244
       418.621
       418.051
       417.533
       417.238
       417.022
       416.877
       431.481
       431.429
        416.71
       441.656
       441.535
       441.413
       441.291
        441.17
       441.051
       440.934
       440.817
       440.701
       440.585
       440.466
       440.345
       440.219
       440.089
       439.953
       439.809
       439.657
       439.496
       439.326
       439.147
       438.957
       438.758
       438.984
       439.277
       439.766
       439.781
       440.521
        440.73
       441.183
        441.65
       442.028
       443.459
        444.87
       445.588
       447.877
       449.221
        450.36
       452.011
       453.127
       454.861
       456.694
       459.954
       462.306
       464.578
       466.651
       467.955
        472.05
       471.151
       474.988
       479.921
       481.268
       482.308
       480.941
       484.343
       487.227
       487.275
       489.136
       493.006
       492.029
        490.24
       490.381
       492.148
       494.258
       495.322
       494.801
       494.819
       493.158
       491.833
       491.428
       489.098
       485.713
       482.684
       481.031
       477.871
       475.214
       473.661
       471.158
       470.956
        466.79
       465.159
       463.546
       460.233
       457.798
       455.598
       452.604
       449.621
       446.819
       444.119
       441.421
       438.441
       435.937
       432.759
        429.42
       425.802
       423.057
       420.098
       417.306
       414.489
       412.019
        409.92
       408.348
       407.946
       407.669
       407.275
       406.295
       405.396
        404.22
       403.212
       403.541
       404.143
        404.63
       404.038
       403.208
       402.667
       402.813
       402.933
       403.004
       403.479
       404.105
       404.744
       405.201
       405.517
       406.032
       406.317
       406.465
       406.711
       407.145
       407.405
       407.571
       407.757
       407.953
       408.031
       408.015
       407.852
         407.6
       407.566
       407.307
       406.827
       406.195
       405.013
       403.799
       402.912
       402.185
       401.862
       401.639
       401.539
       401.241
       400.655
       400.124
        399.81
       399.501
        399.17
       398.825
       398.261
       397.438
       396.395
       395.352
       394.395
       393.651
       392.526
       392.261
       392.174
       391.585
       390.906
       390.211
       389.569
       388.977
       388.433
       388.117
       387.881
        387.72
       403.247
       403.188
       387.528
       409.535
       409.406
       409.273
       409.141
       409.008
       408.876
       408.744
       408.612
       408.479
       408.345
       408.207
       408.065
       407.917
       407.762
       407.598
       407.425
       407.241
       407.045
       406.837
       406.614
       406.378
       406.127
       406.324
       406.586
       407.052
       407.014
       407.745
         407.9
         408.3
       408.704
       409.002
       410.405
       411.776
         412.4
       414.684
       415.954
       416.999
       418.578
       419.583
       421.237
       422.991
       426.259
       428.556
       430.763
       432.755
       433.923
       438.062
       436.864
       440.714
       445.763
       447.007
       447.936
       446.304
       449.787
        452.73
        452.66
       454.546
       458.602
       457.493
       455.535
       455.664
       457.559
       459.843
       461.032
       460.547
       460.664
       459.008
       457.733
       457.464
       455.155
       451.737
       448.716
       447.184
       444.053
       441.474
       440.085
       437.693
        437.77
       433.621
       432.186
       430.772
       427.546
       425.254
       423.211
        420.32
       417.442
       414.756
       412.178
       409.602
       406.729
        404.36
       401.273
       398.008
        394.44
       391.796
       388.917
       386.209
        383.47
       381.108
       379.119
       377.669
       377.438
       377.321
       377.063
       376.164
       375.334
       374.192
       373.209
       373.632
       374.332
       374.897
       374.309
       373.457
         372.9
       373.061
       373.185
       373.252
       373.744
       374.395
       375.057
       375.525
       375.844
       376.373
       376.659
         376.8
       377.048
       377.498
       377.765
       377.937
       378.133
       378.344
       378.435
        378.43
       378.275
       378.031
       378.022
       377.782
       377.311
       376.683
       375.476
       374.239
       373.351
       372.635
       372.349
       372.171
       372.124
       371.869
        371.31
       370.811
       370.542
       370.281
       369.997
       369.698
       369.167
        368.36
       367.321
       366.278
       365.324
       364.592
       363.453
        363.22
       363.171
       362.585
       361.899
       361.188
       360.525
       359.907
       359.331
       358.986
       358.723
       358.537
       374.981
       374.913
       358.308
        377.25
       377.111
        376.97
       376.827
       376.684
        376.54
       376.396
       376.251
       376.104
       375.954
       375.799
       375.639
       375.472
       375.296
       375.109
       374.911
       374.698
       374.471
       374.228
       373.967
       373.687
       373.388
       373.559
       373.794
       374.238
       374.153
       374.872
       374.972
        375.32
        375.66
       375.874
       377.247
       378.575
         379.1
       381.373
       382.563
       383.505
       385.006
       385.889
       387.453
       389.117
       392.381
       394.609
       396.739
       398.636
       399.653
       403.821
        402.31
       406.166
       411.305
       412.437
       413.244
       411.338
       414.892
       417.891
       417.692
       419.597
       423.835
       422.586
       420.452
       420.565
       422.584
       425.042
       426.356
       425.907
       426.126
       424.476
       423.256
       423.131
       420.849
       417.404
         414.4
       412.997
       409.904
        407.41
       406.197
       403.926
       404.292
       400.171
       398.941
       397.736
        394.61
       392.477
       390.604
       387.831
       385.071
       382.514
       380.073
       377.635
       374.881
       372.662
        369.68
       366.504
       363.003
       360.472
       357.686
        355.07
       352.425
       350.184
       348.314
       346.992
       346.937
       346.983
       346.862
       346.047
       345.284
       344.175
       343.219
       343.735
       344.531
       345.173
       344.587
       343.711
       343.135
       343.307
       343.431
       343.489
       343.998
        344.67
       345.352
       345.827
       346.143
       346.682
       346.965
       347.097
       347.343
       347.805
       348.077
       348.251
       348.456
       348.681
       348.782
       348.788
        348.64
       348.405
       348.423
       348.202
       347.743
       347.122
       345.893
       344.635
        343.75
       343.047
       342.801
       342.669
       342.678
       342.469
       341.939
       341.473
       341.253
       341.041
       340.807
       340.557
       340.062
       339.276
       338.244
       337.206
        336.26
       335.543
       334.395
       334.197
       334.189
       333.607
       332.915
       332.187
       331.501
       330.853
       330.237
       329.852
       329.551
        329.33
       346.684
       346.602
       329.045
       344.811
       344.665
       344.515
       344.363
        344.21
       344.057
       343.902
       343.747
       343.588
       343.426
       343.259
       343.084
       342.901
       342.708
       342.503
       342.283
       342.048
       341.794
       341.521
       341.226
       340.908
       340.565
       340.713
       340.922
       341.352
       341.222
       341.931
       341.975
        342.27
       342.544
       342.674
       344.014
       345.294
       345.716
       347.972
       349.075
       349.908
       351.321
       352.074
       353.537
       355.098
       358.345
       360.492
        362.53
       364.317
       365.169
       369.349
       367.512
       371.359
       376.572
       377.576
       378.249
       376.055
       379.674
       382.718
       382.382
       384.298
       388.714
       387.315
       384.995
       385.086
       387.226
       389.857
       391.294
        390.88
       391.203
       389.561
       388.401
       388.428
       386.181
       382.716
       379.736
       378.474
       375.428
        373.03
       372.003
       369.861
       370.528
        366.44
       365.426
       364.443
       361.428
       359.468
       357.782
       355.141
       352.514
       350.102
       347.812
       345.526
       342.908
       340.854
       337.993
       334.924
       331.506
       329.104
       326.425
       323.915
       321.388
       319.272
       317.528
       316.339
       316.462
       316.672
       316.688
       315.957
       315.263
       314.187
       313.258
       313.864
       314.754
        315.47
       314.884
       313.982
       313.384
       313.564
       313.679
       313.729
       314.252
       314.941
       315.638
       316.114
       316.423
       316.967
       317.243
       317.361
       317.602
       318.073
       318.347
       318.521
       318.731
       318.967
       319.079
       319.095
       318.954
       318.727
       318.774
       318.575
        318.13
       317.518
       316.271
       314.996
       314.117
        313.43
       313.227
       313.144
       313.209
       313.047
       312.549
       312.119
       311.948
       311.788
       311.607
        311.41
       310.954
       310.192
       309.172
       308.145
       307.211
       306.516
       305.362
       305.205
       305.239
       304.666
       303.968
       303.223
       302.511
       301.826
       301.159
       300.724
        300.37
       300.098
       318.353
        318.25
        299.73
       312.234
        312.08
       311.922
       311.763
       311.603
       311.442
        311.28
       311.116
       310.949
       310.779
       310.602
       310.417
       310.223
       310.017
       309.798
       309.563
       309.309
       309.036
       308.739
       308.416
       308.065
       307.684
       307.814
       308.004
       308.425
       308.251
        308.95
       308.939
        309.18
       309.388
       309.431
       310.734
       311.964
        312.28
       314.512
       315.522
       316.238
       317.555
       318.168
       319.519
       320.966
        324.18
       326.231
       328.165
       329.827
       330.496
       334.673
       332.494
       336.316
       341.591
        342.44
       342.967
       340.473
       344.146
       347.226
       346.741
       348.659
       353.246
       351.689
       349.173
       349.233
       351.489
       354.289
       355.847
       355.466
       355.893
       354.261
       353.166
       353.354
       351.151
       347.675
       344.731
       343.621
       340.633
       338.342
        337.51
       335.507
       336.485
       332.438
       331.651
       330.899
       328.006
       326.233
       324.749
       322.254
       319.775
       317.525
       315.403
       313.286
       310.819
       308.947
       306.227
       303.283
       299.966
        297.71
       295.156
       292.773
       290.376
       288.394
       286.782
        285.73
       286.032
       286.407
       286.561
       285.912
       285.286
       284.242
       283.337
        284.03
       285.012
         285.8
       285.213
       284.283
       283.662
       283.847
       283.956
       283.991
        284.52
       285.219
       285.924
       286.396
       286.693
       287.237
       287.501
       287.601
       287.833
       288.308
        288.58
       288.751
       288.964
       289.209
       289.329
       289.354
       289.221
       289.003
        289.08
       288.904
       288.476
       287.878
       286.617
       285.329
       284.459
       283.793
       283.635
       283.602
       283.727
       283.613
       283.147
       282.754
       282.634
       282.528
       282.402
        282.26
       281.848
       281.116
       280.114
       279.102
       278.186
       277.518
       276.365
       276.252
       276.335
       275.774
       275.073
       274.311
        273.57
       272.842
       272.113
       271.612
       271.185
       270.839
       289.982
       289.849
       270.348
       279.535
       279.374
       279.209
       279.044
       278.878
       278.712
       278.545
       278.377
       278.206
        278.03
       277.848
       277.658
       277.458
       277.245
       277.017
       276.771
       276.506
       276.219
       275.906
       275.562
       275.186
       274.774
       274.893
       275.072
       275.485
       275.269
       275.957
       275.891
       276.078
       276.219
       276.175
        277.44
       278.617
       278.823
       281.025
       281.936
       282.528
        283.74
       284.205
       285.433
       286.752
        289.92
       291.863
       293.674
       295.194
       295.665
       299.819
        297.28
       301.057
       306.364
       307.033
       307.415
       304.612
       308.328
       311.432
       310.786
       312.695
       317.445
       315.718
       312.995
       313.015
       315.379
       318.342
       320.015
       319.662
       320.193
       318.573
       317.548
       317.908
       315.759
       312.284
       309.389
       308.447
       305.529
       303.356
       302.731
       300.874
       302.172
       298.172
       297.624
       297.113
        294.35
       292.777
        291.51
       289.177
       286.863
        284.79
       282.854
       280.923
       278.625
       276.955
       274.395
       271.595
       268.398
       266.308
       263.895
       261.661
       259.413
       257.575
         256.1
       255.188
       255.669
       256.206
       256.496
       255.929
       255.367
       254.354
        253.47
       254.247
       255.317
       256.175
       255.584
       254.626
       253.979
       254.167
       254.268
       254.283
       254.811
       255.514
        256.22
       256.681
        256.96
         257.5
       257.747
       257.824
       258.041
       258.517
       258.783
       258.947
        259.16
       259.412
       259.538
       259.572
       259.445
       259.237
       259.345
       259.195
       258.788
       258.208
       256.938
       255.643
       254.787
       254.146
       254.035
       254.055
       254.239
       254.174
       253.741
       253.385
       253.318
       253.268
       253.199
       253.115
        252.75
       252.053
       251.073
       250.084
       249.194
       248.559
       247.414
       247.352
        247.49
       246.946
       246.245
       245.469
       244.699
       243.923
       243.117
       242.531
       242.003
        241.55
       261.558
       261.381
       240.873
       246.733
       246.564
       246.394
       246.225
       246.057
       245.888
       245.719
        245.55
       245.379
       245.203
        245.02
       244.828
       244.627
       244.414
       244.184
       243.936
       243.668
       243.376
       243.054
       242.699
       242.307
       241.874
       241.989
       242.159
       242.566
       242.308
       242.985
       242.867
       243.003
       243.078
       242.948
       244.171
       245.286
       245.375
        247.54
       248.349
       248.814
       249.915
       250.222
       251.317
       252.496
       255.602
       257.419
        259.09
       260.451
       260.705
       264.818
       261.904
       265.616
       270.935
       271.417
       271.625
       268.496
       272.241
       275.355
       274.534
       276.421
       281.323
       279.416
       276.474
       276.444
       278.904
        282.02
       283.798
       283.467
       284.102
       282.493
       281.546
        282.09
       280.007
       276.547
        273.72
       272.963
       270.129
       268.086
       267.678
       265.976
       267.601
       263.655
        263.35
       263.092
       260.467
       259.103
       258.069
       255.915
       253.781
       251.903
       250.171
       248.444
       246.335
       244.887
       242.507
       239.873
        236.82
       234.917
       232.668
       230.614
       228.527
       226.841
       225.509
       224.736
       225.391
       226.087
       226.506
       226.017
       225.518
       224.534
        223.67
       224.525
       225.678
       226.602
       226.005
       225.018
       224.345
       224.536
       224.625
       224.616
       225.135
       225.833
       226.532
       226.977
       227.231
        227.76
       227.985
       228.034
       228.233
       228.705
       228.961
       229.115
       229.324
        229.58
        229.71
        229.75
        229.63
       229.432
       229.573
       229.452
        229.07
       228.515
       227.242
       225.947
       225.112
         224.5
       224.439
       224.514
       224.757
        224.74
       224.339
       224.021
       224.005
       224.011
           224
       223.977
       223.663
       223.007
       222.057
       221.098
       220.241
       219.647
       218.518
       218.514
       218.712
       218.194
       217.501
       216.716
       215.922
        215.09
       214.198
       213.502
       212.836
       212.226
        233.06
       232.823
       211.266
       213.847
       213.672
       213.498
       213.328
       213.161
       212.994
       212.829
       212.664
       212.496
       212.325
       212.147
       211.962
       211.766
       211.558
       211.335
       211.093
       210.831
       210.542
       210.222
       209.866
       209.465
       209.018
       209.135
       209.301
       209.707
       209.413
       210.084
        209.92
       210.008
       210.021
       209.806
       210.981
       212.029
       211.996
       214.115
       214.812
       215.141
       216.124
       216.267
       217.216
       218.241
       221.264
       222.934
       224.446
       225.631
       225.651
       229.705
       226.399
       230.025
       235.339
       235.598
       235.617
        232.15
       235.908
       239.018
       238.004
       239.853
       244.895
       242.796
       239.627
       239.534
       242.076
       245.328
       247.199
        246.88
       247.616
        246.02
       245.156
       245.896
       243.896
       240.473
       237.734
       237.184
       234.453
       232.555
       232.372
        230.83
       232.786
       228.896
       228.843
       228.842
       226.363
       225.219
        224.43
        222.47
       220.534
        218.87
        217.36
       215.857
       213.957
       212.752
       210.576
       208.132
       205.249
       203.557
       201.507
       199.653
       197.738
       196.216
       195.031
       194.397
       195.219
       196.064
       196.607
       196.191
       195.752
       194.794
       193.947
       194.876
       196.105
       197.089
       196.484
       195.466
       194.769
       194.962
       195.037
       194.998
       195.501
       196.186
       196.869
       197.288
       197.512
       198.024
       198.222
       198.239
       198.413
       198.877
       199.119
       199.258
        199.46
       199.716
       199.848
       199.892
       199.778
        199.59
       199.767
       199.679
       199.328
       198.804
       197.538
       196.253
       195.447
       194.869
       194.861
       194.989
        195.29
       195.319
       194.949
       194.666
       194.701
       194.762
       194.808
       194.847
        194.59
        193.98
       193.068
       192.149
       191.334
       190.791
       189.686
       189.748
       190.015
        189.53
       188.856
       188.074
       187.262
       186.377
       185.391
       184.561
       183.708
       182.868
       204.457
       204.136
       181.475
       180.908
       180.728
       180.554
       180.387
       180.224
       180.065
       179.909
       179.752
       179.594
       179.432
       179.264
        179.09
       178.906
        178.71
       178.499
       178.271
       178.023
       177.748
       177.441
       177.094
       176.698
       176.247
       176.374
       176.543
       176.952
       176.627
       177.296
       177.089
       177.134
       177.088
        176.79
       177.914
       178.889
       178.732
       180.794
        181.37
       181.558
       182.415
       182.385
       183.176
       184.028
       186.943
       188.444
       189.778
       190.769
       190.539
       194.513
       190.801
       194.316
       199.598
       199.605
        199.41
       195.601
       199.358
       202.443
       201.217
       203.007
       208.175
       205.878
       202.476
       202.311
       204.912
       208.273
       210.215
       209.892
       210.723
        209.14
       208.368
       209.322
       207.428
       204.068
       201.448
       201.133
       198.528
       196.788
       196.837
       195.456
       197.741
       193.908
       194.105
       194.368
       192.044
       191.129
       190.598
       188.849
       187.128
       185.695
       184.424
       183.165
       181.495
       180.559
       178.612
       176.387
       173.704
       172.265
       170.442
       168.804
       167.078
        165.73
       164.696
       164.196
       165.174
       166.156
       166.811
       166.462
       166.079
       165.146
       164.313
       165.305
         166.6
       167.637
       167.022
       165.975
       165.261
       165.458
        165.52
       165.442
       165.917
       166.578
       167.232
       167.617
       167.805
       168.297
       168.463
       168.442
       168.588
       169.038
       169.262
       169.382
       169.572
       169.824
       169.954
       170.001
       169.891
       169.715
       169.927
       169.876
       169.562
        169.08
       167.834
       166.572
       165.806
       165.269
       165.315
       165.495
        165.85
       165.922
       165.579
       165.328
        165.41
       165.522
       165.624
       165.726
       165.528
       164.972
       164.109
       163.241
       162.481
           162
       160.929
       161.064
       161.407
       160.966
       160.326
       159.565
        158.75
       157.826
       156.751
       155.767
       154.669
       153.488
       175.696
       175.267
       151.432
       147.945
       147.761
        147.59
        147.43
       147.278
       147.131
       146.987
       146.844
       146.699
       146.551
       146.399
       146.241
       146.074
       145.898
       145.708
       145.503
       145.279
       145.031
       144.751
       144.429
       144.051
       143.609
       143.755
       143.931
       144.346
       143.994
       144.662
       144.418
       144.426
       144.327
        143.95
       145.019
       145.914
       145.623
       147.611
       148.061
       148.104
       148.831
       148.625
       149.247
       149.904
       152.679
       153.984
        155.12
         155.9
       155.409
       159.282
       155.154
       158.525
       163.736
       163.468
       163.041
        158.89
       162.628
       165.659
       164.195
       165.897
       171.171
       168.676
       165.056
       164.816
       167.439
        170.86
       172.836
       172.488
       173.407
       171.839
       171.167
       172.352
       170.595
        167.34
       164.884
       164.839
       162.388
       160.826
       161.108
        159.88
       162.483
       158.703
       159.148
        159.68
       157.517
       156.839
       156.575
       155.051
       153.566
       152.382
        151.37
       150.373
       148.953
       148.306
        146.62
       144.655
        142.22
       141.067
       139.501
       138.099
       136.583
       135.425
       134.546
        134.17
        135.28
       136.373
       137.122
       136.832
       136.506
       135.602
       134.781
       135.824
       137.166
       138.246
       137.621
       136.555
        135.83
        136.04
       136.088
       135.964
       136.396
        137.02
       137.639
       137.981
       138.121
       138.584
       138.711
       138.651
       138.762
       139.192
       139.393
        139.49
       139.663
       139.907
       140.031
       140.078
       139.971
       139.805
       140.054
       140.041
       139.772
       139.346
       138.139
        136.92
       136.211
       135.723
       135.823
       136.048
       136.449
       136.556
       136.236
       136.013
       136.136
       136.293
       136.445
       136.606
       136.471
       135.978
       135.177
       134.377
       133.687
       133.282
       132.256
        132.47
       132.895
       132.509
        131.92
       131.204
       130.418
       129.492
       128.355
       127.221
       125.822
       124.149
       146.691
       146.143
       121.078
        114.98
       114.795
       114.631
       114.485
        114.35
        114.22
       114.095
        113.97
       113.844
       113.716
       113.586
       113.451
       113.309
       113.159
       112.998
       112.824
       112.636
       112.427
        112.19
        111.91
       111.571
       111.155
       111.326
       111.512
       111.932
       111.554
       112.219
       111.947
       111.931
       111.793
       111.343
       112.349
        113.15
       112.712
       114.605
       114.918
       114.818
       115.418
       115.043
       115.489
       115.926
       118.512
       119.585
       120.499
       121.059
       120.303
       124.055
       119.521
       122.698
       127.772
       127.236
       126.581
       122.111
       125.773
         128.7
       126.971
       128.531
       133.866
         131.2
       127.426
       127.131
       129.709
       133.094
        135.04
       134.639
       135.637
       134.092
        133.53
       134.957
       133.377
       130.298
       128.074
       128.341
       126.086
       124.723
        125.23
       124.136
       127.022
       123.298
       123.983
       124.774
       122.783
       122.351
        122.36
        121.08
       119.854
       118.943
       118.205
       117.483
       116.329
       115.993
       114.606
       112.952
       110.814
       109.985
       108.706
       107.573
       106.304
       105.358
       104.639
       104.369
       105.567
       106.725
       107.539
         107.3
       107.038
        106.18
       105.377
       106.445
       107.799
       108.899
       108.273
       107.212
       106.499
       106.729
       106.767
       106.597
       106.984
       107.556
       108.122
       108.406
       108.485
       108.903
       108.987
       108.884
       108.957
       109.358
       109.527
        109.59
       109.737
       109.966
       110.079
       110.123
       110.018
       109.862
       110.144
       110.168
        109.95
       109.598
        108.46
        107.32
       106.691
       106.263
        106.41
       106.665
       107.095
       107.227
       106.926
       106.728
       106.885
       107.074
       107.265
       107.478
       107.406
       106.988
       106.269
       105.561
       104.964
       104.652
       103.684
       103.976
       104.478
       104.158
       103.644
       103.009
       102.302
       101.435
       100.308
       99.0784
       97.3719
       95.0263
       117.298
       116.671
       90.4477
       82.0324
       81.8533
       81.7093
       81.5865
       81.4758
       81.3716
       81.2708
       81.1713
       81.0709
       80.9683
       80.8646
       80.7573
       80.6456
       80.5286
       80.4033
       80.2706
       80.1282
       79.9729
       79.7992
       79.5885
       79.3151
       78.9507
       79.1508
       79.3389
       79.7533
       79.3536
       79.9983
       79.7113
       79.6919
       79.5437
       79.0479
       79.9598
       80.6429
       80.0564
       81.7956
       81.9626
       81.7351
       82.2195
       81.7091
       81.9855
        82.175
       84.4732
       85.2614
       85.9293
       86.2765
       85.2816
       88.8549
       84.0281
       86.9048
       91.6601
       90.8811
       90.1361
       85.5067
       88.9735
       91.6659
        89.676
       90.9876
       96.1809
       93.4656
       89.7639
       89.4631
       91.8234
        94.965
        96.766
       96.3008
       97.3571
       95.8795
        95.436
       97.0639
       95.7278
       92.9639
       91.0824
       91.6864
       89.6966
       88.5734
       89.2689
       88.2731
       91.3351
       87.7282
       88.6305
       89.6363
       87.8523
       87.6714
        87.944
       86.9382
         86.01
       85.3928
       84.9389
       84.4999
       83.6297
       83.6084
       82.5556
        81.276
       79.5104
       79.0434
       78.0964
       77.2854
       76.3005
       75.5972
       75.0537
       74.8694
       76.0721
       77.2111
       78.0362
       77.8485
       77.6794
        76.914
       76.1555
        77.195
       78.4805
       79.5523
       78.9525
       77.9594
        77.305
       77.5626
       77.5915
       77.3867
       77.7142
        78.203
       78.6882
       78.8993
        78.916
       79.2819
       79.3232
       79.1826
       79.2187
       79.5772
       79.6987
       79.7215
       79.8332
       80.0288
       80.1183
       80.1525
       80.0478
       79.8975
       80.1915
       80.2434
       80.0789
       79.8216
       78.8078
       77.8043
       77.2922
       76.9358
       77.1126
       77.3679
       77.7943
       77.9358
       77.6587
        77.488
       77.6655
       77.8679
       78.0744
        78.321
       78.3085
       77.9817
       77.3801
       76.7992
       76.3249
       76.1254
         75.24
       75.5919
       76.1452
       75.8951
       75.4852
       74.9793
       74.4192
        73.709
       72.7254
       71.5656
       69.7028
       66.6103
         87.28
       86.7416
        60.032
       49.1148
       48.9662
       48.8616
       48.7748
       48.6978
        48.625
       48.5543
       48.4849
       48.4147
       48.3436
       48.2723
       48.1994
       48.1244
       48.0467
       47.9653
         47.88
        47.791
       47.6994
       47.6135
       47.5041
       47.3338
       47.0776
       47.2971
        47.466
       47.8389
       47.4576
       48.0028
       47.7372
       47.7467
       47.6414
       47.1802
        47.908
        48.418
       47.7641
       49.1655
       49.1865
       48.8935
       49.2555
       48.7191
       48.8566
       48.8058
       50.5635
       50.9999
       51.3947
        51.564
       50.4817
       53.5486
       49.0596
       51.3318
       55.1573
       54.2696
       53.7017
       49.5844
       52.4692
       54.6196
       52.6423
       53.5079
       57.8777
       55.5377
       52.5242
       52.3201
       54.1246
       56.5447
       57.9422
       57.4403
       58.4406
       57.2214
       56.9214
       58.4846
       57.5202
       55.4106
       54.0701
       54.8775
       53.3326
       52.5465
       53.2958
         52.42
        55.242
       52.1431
       53.1321
       54.1786
       52.7735
       52.8277
       53.2764
       52.6191
       52.0605
       51.7615
       51.5863
       51.4241
       50.8655
       51.0873
       50.4247
        49.624
       48.3823
       48.2728
       47.7002
       47.2508
       46.6281
       46.2261
       45.9078
       45.8109
       46.8481
       47.8051
       48.5356
       48.4298
       48.4005
       47.8551
       47.2537
       48.1336
       49.1699
       50.0794
       49.5928
       48.8175
       48.3176
       48.5691
       48.5872
       48.3846
       48.6229
       48.9761
       49.3273
       49.4542
        49.419
       49.7049
       49.7137
       49.5704
       49.5746
       49.8538
       49.9226
       49.9121
       49.9802
       50.1224
       50.1766
       50.1953
       50.0994
       49.9517
       50.1983
       50.2375
       50.1177
        49.968
       49.1876
       48.4342
       48.0861
       47.8199
       47.9792
       48.1806
       48.5339
       48.6609
       48.4428
       48.3233
       48.4967
       48.6783
       48.8627
       49.0972
        49.131
        48.924
       48.5008
       48.1042
       47.7892
       47.7143
        46.994
       47.3396
       47.8478
       47.6769
       47.4144
       47.0978
       46.7608
       46.3262
       45.6876
        44.918
       43.4369
       40.1909
       56.2835
       56.1577
       32.3141
       16.1778
       16.1433
       16.1087
       16.0741
       16.0395
       16.0049
       15.9704
       15.9358
       15.9012
       15.8666
        15.832
       15.7975
       15.7629
       15.7283
       15.6937
       15.6591
       15.6246
         15.59
       15.5554
       15.5208
       15.4862
       15.4517
       15.5408
       15.6468
       15.8027
       15.8135
       16.0095
       16.0223
        16.066
       16.0711
       16.0047
       16.1861
       16.3119
       16.1976
       16.4856
        16.472
       16.3696
       16.3828
       16.2242
       16.2178
       16.2217
       16.6024
       16.7119
       16.7801
        16.776
       16.5457
       17.0623
       16.2011
       16.6242
       17.3447
       17.1171
       16.8505
       15.9863
       16.4725
       16.8763
       16.5688
       16.8049
       17.6334
       17.2053
       16.6159
       16.6147
       17.1247
       17.7961
       18.2469
       18.3226
       18.5881
       18.4389
       18.4145
       18.6692
       18.4287
       17.9263
       17.5485
       17.5796
       17.2335
       17.0623
       17.2338
         17.18
       17.8002
       17.3483
       17.6347
       17.9517
       17.8096
         17.93
        18.128
       18.1039
       18.0816
       18.1065
       18.1534
       18.1922
       18.1433
       18.2286
       18.1128
       17.9368
       17.6635
       17.6324
       17.5219
       17.4447
       17.3454
       17.3195
       17.3567
       17.5096
       17.9768
       18.4409
       18.8204
       18.9666
       19.0821
       19.0619
       19.0468
       19.4009
       19.7987
       20.1144
       20.0504
       19.8635
       19.7215
       19.7548
       19.7469
          19.7
       19.7677
       19.8759
       19.9841
       20.0346
        20.043
       20.1146
       20.1191
       20.0859
       20.0888
       20.1562
        20.178
       20.1793
       20.1965
       20.2275
       20.2342
       20.2243
       20.1817
       20.1251
       20.1486
       20.1166
       20.0291
       19.9053
       19.6219
       19.3385
       19.1673
       19.0552
        19.077
       19.1392
       19.2508
       19.3135
       19.2988
       19.3133
       19.4077
       19.5152
       19.6248
       19.7344
       19.7765
        19.736
       19.6228
        19.501
       19.3956
       19.3469
       19.1747
       19.2715
       19.4238
       19.4166
       19.3749
        19.316
       19.2596
       19.2018
        19.139
       19.1284
       19.1245
       19.1226
            24
            24
        19.122
