160                           53.891                        
35                            53.891                        
34                            51.136                        
33                            47.41                         
32                            43.584                        
31                            40.118                        
30                            36.742                        
29                            33.376                        
28                            30.028                        
27                            26.375                        
26                            22.644                        
25                            19.127                        
24                            16.048                        
23                            13.181                        
22                            10.476                        
21                            7.9213                        
12                            7.1906                        
11                            7.1791                        
10                            64.849                        
9                             106.42                        
8                             111.75                        
7                             95.553                        
6                             73.833                        
5                             63.86                         
4                             54.866                        
3                             46.09                         
2                             37.49                         
1                             28.787                        
0                             19.092                        
