       914.993
       915.034
       915.146
       915.312
       915.521
       915.765
        916.04
       916.343
       916.672
       917.026
       917.407
       917.813
       918.245
       918.704
       919.192
       919.708
       920.253
        920.83
       921.437
       922.077
       922.749
       923.455
       924.194
       924.968
       925.776
       926.619
       927.497
       928.411
       929.359
       930.341
       931.358
       932.407
       933.489
       934.601
       935.742
        936.91
       938.103
       939.317
       940.549
       941.796
       943.056
       944.444
       946.023
        947.79
       949.954
       952.587
       955.582
       958.854
       962.346
        966.02
       969.846
       973.804
       977.875
       982.042
       986.288
        990.59
       994.874
       998.985
       1002.99
       1006.91
       1010.77
       1014.54
       1018.03
       1020.71
       1022.69
       1024.05
       1024.83
       1025.08
       1024.82
       1024.11
       1022.96
        1021.4
       1019.48
       1017.22
       1014.63
       1011.73
       1008.52
       1005.01
       1001.17
       997.094
       992.918
       988.991
       985.341
       981.884
       978.556
       975.309
       972.104
       969.085
       966.399
       963.999
       961.845
       959.905
       958.148
        956.54
       955.049
        953.64
        952.28
       950.934
       949.666
       948.514
       947.436
       946.396
        945.37
       944.335
       943.277
       942.185
       941.057
        939.89
        938.69
       937.526
       936.645
       936.008
       935.498
       935.033
       934.607
       934.209
       933.828
       933.459
       933.101
       932.753
       932.422
       932.104
       931.794
       931.491
       931.197
       930.911
       930.636
       930.369
       930.106
       929.841
       929.567
       929.279
       928.971
       928.634
       928.264
       927.856
       927.406
       926.907
       926.355
       925.741
       925.059
       924.304
       923.475
       922.572
       921.593
       920.534
       919.402
       918.204
       916.947
        915.64
       914.291
       912.911
       911.511
       910.071
       908.578
       907.049
       905.498
       903.944
       902.433
       900.991
       899.624
       898.338
       897.138
        896.03
       895.018
       894.105
         893.3
       892.607
       892.026
       891.555
       891.191
       890.932
       890.777
       890.725
       886.169
        886.21
       886.322
       886.487
       886.696
       886.939
       887.214
       887.516
       887.845
       888.199
       888.579
       888.985
       889.417
       889.876
       890.363
       890.879
       891.424
           892
       892.606
       893.241
        893.91
       894.611
       895.346
       896.115
       896.919
       897.758
       898.631
        899.54
       900.483
       901.461
       902.473
       903.518
       904.595
       905.704
       906.843
       908.008
       909.197
       910.407
       911.635
       912.877
       914.127
       915.517
       917.089
       918.858
       921.042
        923.71
       926.736
       930.038
       933.561
       937.266
       941.125
       945.116
       949.221
       953.425
       957.709
        962.06
       966.347
       970.484
        974.52
       978.485
        982.39
       986.227
       989.628
       992.269
        994.23
       995.567
       996.337
       996.563
       996.295
       995.594
       994.457
       992.921
       991.004
        988.71
       986.084
       983.147
       979.916
       976.398
       972.558
       968.488
        964.34
       960.447
       956.821
       953.386
       950.082
       946.859
       943.679
       940.669
       937.974
       935.567
       933.409
       931.447
       929.658
        928.02
       926.499
       925.061
       923.621
       922.188
       920.844
       919.611
       918.449
       917.325
       916.212
       915.095
       914.026
        912.95
       911.835
       910.679
       909.483
       908.355
       907.515
       906.952
       906.508
       906.114
       905.759
       905.433
       905.124
       904.819
       904.494
       904.181
       903.884
         903.6
       903.324
       903.081
       902.896
       902.719
       902.537
       902.296
        902.06
       901.822
       901.575
       901.313
       901.031
       900.721
       900.416
       900.075
       899.692
       899.259
       898.696
       898.072
        897.38
       896.614
       895.775
       894.833
       893.693
       892.542
       891.318
       890.027
       888.676
       887.275
       885.832
       884.383
       882.915
       881.402
       879.838
       878.237
       876.612
       875.019
       873.528
       872.102
       870.749
       869.461
        868.26
       867.151
       866.137
       865.222
       864.417
       863.723
       863.142
       862.671
       862.307
       863.891
       863.737
       861.843
       857.242
       857.282
       857.393
       857.558
       857.766
       858.009
       858.282
       858.584
       858.912
       859.265
       859.644
       860.049
       860.479
       860.937
       861.423
       861.938
       862.482
       863.057
       863.661
       864.292
       864.955
       865.651
       866.381
       867.145
       867.944
       868.777
       869.645
       870.548
       871.485
       872.456
       873.461
       874.498
       875.568
       876.673
       877.805
       878.963
       880.145
       881.347
       882.566
       883.798
       885.039
       886.426
           888
       889.782
       891.987
       894.699
       897.764
       901.105
       904.666
       908.411
       912.311
       916.347
         920.5
       924.757
       929.098
         933.5
       937.784
       941.949
       946.031
       950.053
       954.025
       957.899
        961.19
       963.757
       965.662
        966.96
       967.696
       967.893
       967.601
         966.9
        965.77
       964.241
       962.317
       959.968
       957.294
       954.316
       951.058
        947.54
       943.711
       939.662
       935.555
       931.676
       928.066
       924.649
       921.364
       918.164
       915.015
       911.993
       909.275
       906.851
       904.681
       902.691
       900.868
       899.198
       897.647
       896.181
       894.665
        893.15
       891.726
       890.413
       889.167
       887.954
       886.745
       885.533
       884.435
       883.353
       882.225
       881.051
       879.832
       878.739
       877.938
       877.447
       877.076
       876.756
       876.478
       876.228
       875.998
       875.761
       875.474
         875.2
       874.943
       874.698
       874.461
       874.282
       874.212
        874.15
       874.068
       873.861
        873.66
       873.457
       873.245
       873.019
       872.772
       872.499
       872.269
       872.007
       871.704
       871.351
       870.792
       870.173
       869.486
       868.725
       867.889
       866.921
        865.63
       864.397
       863.087
        861.71
       860.271
       858.782
        857.25
       855.736
       854.202
       852.621
       850.987
       849.315
       847.618
       845.994
       844.522
       843.113
       841.774
       840.487
       839.285
       838.175
       837.159
       836.243
       835.438
       834.744
       834.164
       833.692
       833.329
       836.768
       836.613
       832.866
       828.214
       828.254
       828.364
       828.528
       828.735
       828.976
       829.249
       829.549
       829.875
       830.227
       830.604
       831.007
       831.436
       831.892
       832.376
       832.889
       833.432
       834.005
       834.605
        835.23
       835.888
       836.578
       837.302
        838.06
       838.852
       839.678
       840.539
       841.434
       842.363
       843.326
       844.322
        845.35
        846.41
       847.506
       848.629
       849.777
       850.946
       852.135
       853.338
       854.553
       855.782
       857.175
       858.751
       860.557
       862.791
       865.554
       868.667
       872.053
        875.66
       879.452
       883.403
       887.493
       891.707
       896.031
       900.459
       904.872
       909.163
       913.364
       917.504
       921.605
        925.68
       929.554
       932.686
       935.152
       936.979
       938.219
       938.907
       939.061
       938.734
        938.02
       936.888
       935.356
       933.415
       931.006
       928.273
       925.244
       921.956
       918.441
       914.627
       910.616
       906.558
       902.688
       899.084
       895.677
       892.407
       889.227
       886.099
       883.071
       880.318
       877.867
       875.678
       873.656
       871.795
       870.091
        868.51
       867.017
       865.423
       863.828
       862.325
       860.929
       859.596
       858.289
       856.978
       855.657
       854.516
       853.409
       852.245
       851.027
       849.767
       848.715
       847.951
       847.531
       847.238
           847
       846.803
       846.636
       846.487
       846.324
       846.079
       845.849
       845.636
       845.434
       845.239
       845.129
       845.178
       845.237
       845.261
       845.093
       844.935
       844.774
       844.605
       844.422
       844.219
        843.99
       843.845
       843.673
       843.462
       843.201
       842.658
       842.057
       841.387
       840.643
       839.823
        838.84
       837.405
       836.098
       834.711
       833.253
       831.733
        830.16
       828.545
       826.971
       825.375
       823.727
       822.026
       820.287
       818.522
       816.867
       815.414
       814.025
       812.701
       811.415
       810.214
       809.103
       808.087
       807.171
       806.365
        805.67
        805.09
        804.62
       804.256
       809.562
       809.407
       803.794
       799.092
       799.132
       799.241
       799.404
       799.609
       799.849
       800.119
       800.417
       800.741
       801.091
       801.465
       801.866
       802.292
       802.746
       803.227
       803.737
       804.277
       804.848
       805.444
       806.062
       806.713
       807.397
       808.113
       808.863
       809.647
       810.465
       811.317
       812.202
       813.122
       814.074
       815.058
       816.074
       817.122
       818.206
       819.316
        820.45
       821.604
       822.774
       823.955
       825.139
       826.365
       827.765
       829.351
       831.182
       833.456
       836.278
       839.445
       842.882
       846.541
       850.388
       854.396
       858.547
       862.827
       867.222
       871.715
       876.142
       880.462
       884.711
       888.918
       893.102
       897.287
       901.051
       904.057
        906.42
       908.162
       909.331
       909.955
       910.058
       909.685
       908.951
        907.81
       906.266
       904.303
       901.827
       899.029
       895.944
       892.621
       889.101
       885.322
       881.362
       877.358
       873.499
       869.881
       866.476
       863.217
       860.058
       856.968
       853.943
       851.121
       848.629
       846.414
       844.356
       842.454
       840.715
       839.102
       837.581
       835.909
       834.233
       832.649
       831.169
       829.747
       828.341
       826.918
       825.479
       824.282
       823.135
       821.915
        820.62
       819.352
       818.326
       817.591
       817.229
       817.028
       816.879
        816.77
        816.69
       816.628
       816.543
       816.344
       816.161
       815.995
        815.84
       815.689
        815.65
       815.824
        816.01
       816.145
       816.021
        815.91
       815.798
       815.678
       815.544
       815.392
       815.216
       815.165
       815.091
       814.983
       814.825
       814.308
       813.734
       813.093
       812.377
       811.582
       810.593
       809.023
        807.65
       806.191
       804.659
       803.062
       801.411
       799.718
       798.092
       796.438
       794.724
       792.958
       791.154
       789.324
        787.64
       786.208
       784.838
       783.531
       782.247
       781.048
       779.937
        778.92
       778.004
       777.198
       776.502
       775.923
       775.453
       775.089
       782.273
       782.118
       774.628
       769.884
       769.923
       770.031
       770.193
       770.395
       770.633
       770.901
       771.196
       771.517
       771.864
       772.236
       772.633
       773.056
       773.506
       773.984
        774.49
       775.026
       775.593
       776.184
       776.794
       777.437
       778.112
        778.82
       779.561
       780.335
       781.143
       781.984
       782.858
       783.765
       784.704
       785.675
       786.675
       787.708
       788.778
       789.873
        790.99
       792.125
       793.275
       794.432
        795.59
       796.804
       798.201
       799.779
       801.644
       803.982
       806.872
       810.098
       813.591
       817.307
       821.212
       825.284
       829.503
       833.856
       838.333
       842.877
       847.311
       851.666
        855.97
       860.246
        864.51
       868.755
       872.403
       875.287
       877.542
       879.191
       880.279
        880.83
       880.871
       880.448
       879.687
       878.528
       876.971
       874.978
       872.427
        869.56
       866.417
       863.062
       859.553
       855.809
       851.917
       847.964
       844.096
       840.455
       837.046
       833.796
       830.654
       827.595
        824.55
       821.678
       819.145
       816.902
       814.805
        812.86
       811.083
       809.437
       807.885
       806.133
       804.374
        802.71
       801.146
       799.631
       798.121
       796.581
       795.013
       793.751
       792.555
       791.272
       789.907
       788.637
       787.616
       786.893
       786.584
        786.48
       786.425
        786.41
       786.422
       786.452
       786.449
         786.3
       786.167
       786.051
       785.943
        785.84
       785.876
       786.177
       786.493
       786.745
       786.669
        786.61
       786.551
       786.484
       786.405
        786.31
       786.193
       786.244
       786.277
        786.28
       786.234
       785.751
       785.215
       784.611
       783.932
       783.171
       782.185
       780.485
       779.052
       777.528
       775.927
       774.259
       772.535
       770.768
       769.093
       767.383
       765.608
       763.782
       761.917
       760.026
       758.314
       756.905
       755.556
       754.266
       752.986
       751.788
       750.678
       749.661
       748.744
       747.938
       747.241
       746.662
       746.191
       745.827
         754.9
       754.745
       745.366
       740.599
       740.637
       740.744
       740.903
       741.103
       741.338
       741.603
       741.895
       742.212
       742.555
       742.923
       743.316
       743.735
        744.18
       744.653
       745.155
       745.686
       746.248
       746.833
       747.434
       748.067
       748.732
        749.43
        750.16
       750.922
       751.718
       752.546
       753.406
       754.299
       755.222
       756.177
        757.16
       758.174
       759.227
       760.304
       761.401
       762.516
       763.642
       764.776
       765.908
        767.12
       768.513
       770.095
       772.005
       774.385
       777.341
       780.627
       784.179
       787.954
       791.922
        796.06
       800.351
       804.781
       809.342
       813.901
       818.361
       822.759
       827.124
       831.478
       835.841
       840.113
       843.607
       846.361
       848.503
       850.054
       851.056
       851.529
       851.504
       851.018
       850.223
       849.045
       847.468
       845.437
       842.805
       839.866
       836.665
       833.274
        829.77
       826.054
       822.199
       818.287
       814.451
       810.798
       807.387
       804.142
       801.012
       797.971
       794.933
       792.004
       789.428
       787.154
       785.014
       783.025
       781.208
       779.526
       777.942
       776.103
       774.256
       772.519
       770.871
       769.261
       767.644
        765.98
       764.278
       762.943
       761.687
       760.331
       758.894
       757.635
       756.613
       755.897
       755.646
       755.624
       755.669
       755.753
       755.863
       755.989
       756.071
       755.975
       755.895
       755.829
       755.772
       755.718
       755.829
       756.262
       756.712
       757.082
       757.057
       757.053
       757.051
       757.042
       757.023
        756.99
       756.938
       757.096
       757.244
       757.365
       757.439
       756.999
       756.506
       755.948
       755.314
       754.595
       753.618
       751.795
       750.307
       748.724
       747.059
       745.325
       743.532
       741.694
       739.972
       738.211
       736.382
         734.5
       732.578
       730.629
       728.892
       727.507
       726.181
        724.91
       723.632
       722.436
       721.327
       720.309
       719.393
       718.585
       717.887
       717.307
       716.835
       716.471
       727.444
       727.289
       716.008
       711.245
       711.283
       711.388
       711.545
       711.742
       711.974
       712.235
       712.522
       712.836
       713.174
       713.536
       713.924
       714.338
       714.778
       715.245
       715.741
       716.266
       716.821
       717.399
       717.989
       718.611
       719.265
        719.95
       720.667
       721.417
       722.198
        723.01
       723.855
        724.73
       725.636
       726.571
       727.534
       728.527
        729.56
       730.616
       731.691
       732.782
       733.885
       734.993
       736.101
       737.313
       738.708
       740.306
       742.253
       744.668
       747.685
        751.03
       754.641
       758.478
        762.51
       766.717
       771.082
        775.59
       780.223
        784.79
       789.281
       793.729
       798.156
       802.581
       807.021
       811.238
       814.624
       817.258
       819.287
       820.735
       821.649
       822.041
       821.944
        821.39
       820.558
       819.354
       817.753
       815.683
       812.968
       809.952
       806.685
       803.252
       799.749
       796.054
       792.226
       788.354
       784.562
       780.909
       777.499
        774.26
        771.14
       768.116
       765.092
       762.112
       759.489
        757.18
       754.997
       752.961
       751.104
       749.385
       747.764
       745.827
       743.902
       742.094
       740.361
       738.654
       736.926
       735.133
       733.291
       731.877
       730.553
       729.104
       727.636
       726.378
       725.347
       724.628
       724.422
       724.466
       724.632
       724.826
       725.039
       725.265
       725.435
       725.395
       725.368
       725.354
       725.349
       725.345
       725.535
       726.101
       726.687
       727.179
       727.207
        727.26
       727.317
        727.37
       727.414
       727.447
       727.463
       727.736
       728.003
       728.249
        728.45
       728.057
       727.616
        727.11
       726.527
       725.858
       724.897
       722.954
       721.417
        719.78
       718.057
       716.261
       714.404
       712.499
       710.734
       708.926
       707.048
       705.115
       703.141
        701.14
       699.378
       698.018
       696.715
       695.463
       694.189
       692.995
       691.887
       690.868
       689.951
       689.141
        688.44
       687.858
       687.385
       687.018
       699.905
       699.748
       686.553
       681.833
        681.87
       681.974
       682.128
       682.322
       682.549
       682.806
       683.088
       683.396
       683.729
       684.086
       684.468
       684.875
       685.308
       685.768
       686.257
       686.775
       687.323
       687.891
       688.469
       689.078
       689.718
        690.39
       691.092
       691.826
        692.59
       693.385
       694.211
       695.067
       695.952
       696.865
       697.804
       698.773
       699.783
       700.815
       701.865
        702.93
       704.006
       705.089
       706.174
       707.377
       708.775
       710.394
       712.377
       714.824
       717.901
       721.304
       724.974
       728.872
        732.97
       737.246
       741.687
       746.284
        750.95
       755.532
        760.06
       764.561
       769.052
       773.546
       778.047
       782.175
       785.451
       787.964
       789.878
       791.225
       792.046
       792.354
       792.181
       791.553
       790.684
        789.45
        787.82
       785.704
       782.903
       779.809
       776.476
       773.001
       769.491
        765.81
       762.005
       758.175
        754.43
       750.797
       747.389
       744.154
       741.045
       738.038
       735.025
       732.022
        729.34
       726.992
       724.764
        722.68
       720.783
       719.028
       717.374
       715.353
       713.344
       711.454
       709.633
       707.825
       705.983
       704.059
       702.072
       700.577
       699.188
       697.662
       696.174
       694.899
       693.847
       693.112
       692.917
       693.056
       693.351
       693.658
       693.978
       694.306
       694.568
       694.584
       694.611
        694.65
       694.697
       694.745
       695.013
       695.715
       696.437
       697.054
       697.135
       697.247
       697.366
       697.482
       697.592
       697.694
       697.783
       698.172
       698.564
       698.941
       699.273
       698.934
       698.549
       698.101
       697.575
       696.961
       696.022
       693.965
       692.383
       690.697
       688.921
       687.068
       685.152
       683.186
       681.382
       679.532
        677.61
        675.63
       673.609
        671.56
       669.775
       668.441
       667.162
        665.93
        664.66
       663.468
       662.359
       661.338
        660.42
       659.607
       658.901
       658.317
        657.84
       657.469
        672.28
       672.122
           657
       652.373
        652.41
       652.511
       652.662
       652.852
       653.074
       653.326
       653.603
       653.905
       654.231
       654.581
       654.955
       655.355
        655.78
       656.232
       656.712
       657.221
        657.76
       658.317
       658.881
       659.476
       660.101
       660.757
       661.442
       662.158
       662.903
       663.678
       664.483
       665.316
       666.177
       667.065
       667.977
       668.919
       669.903
       670.907
       671.928
       672.963
       674.009
       675.063
       676.124
       677.321
       678.716
       680.357
       682.374
        684.85
       687.983
       691.442
       695.171
       699.129
       703.291
       707.635
       712.148
       716.815
       721.501
       726.112
       730.684
       735.243
       739.805
       744.376
       748.935
       752.925
       756.076
       758.461
       760.261
       761.506
       762.232
       762.452
       762.202
       761.499
       760.587
       759.323
       757.664
       755.501
        752.61
       749.431
        746.03
       742.511
       738.999
       735.336
       731.552
        727.77
       724.088
       720.489
       717.064
       713.829
        710.73
       707.747
       704.771
       701.727
       698.983
       696.596
       694.323
       692.193
       690.257
       688.469
       686.785
       684.682
        682.59
       680.615
       678.701
       676.792
       674.834
       672.776
       670.642
       669.063
       667.608
       666.015
       664.516
       663.224
        662.15
       661.405
        661.25
       661.462
       661.863
       662.279
       662.705
       663.138
       663.492
       663.564
       663.647
       663.739
       663.838
       663.936
       664.284
       665.122
       665.983
       666.723
       666.859
        667.03
       667.211
       667.392
        667.57
       667.743
       667.906
       668.416
       668.937
       669.447
       669.916
       669.634
        669.31
       668.925
       668.462
       667.908
       666.997
       664.829
       663.208
       661.478
       659.653
       657.749
       655.778
       653.756
       651.922
       650.032
       648.069
       646.048
       643.985
       641.891
        640.09
        638.78
       637.525
       636.314
       635.048
       633.858
       632.747
       631.724
       630.803
       629.984
       629.272
       628.682
       628.199
       627.823
       644.569
       644.409
       627.346
       622.875
        622.91
       623.009
       623.156
       623.341
       623.559
       623.804
       624.075
        624.37
       624.688
        625.03
       625.396
       625.787
       626.203
       626.646
       627.116
       627.615
       628.143
       628.687
       629.236
       629.814
       630.422
       631.059
       631.725
        632.42
       633.144
       633.896
       634.677
       635.484
       636.318
       637.178
       638.061
       638.972
       639.925
       640.897
       641.885
       642.886
       643.896
       644.909
       645.947
       647.139
       648.534
       650.182
       652.234
       654.738
       657.926
       661.439
       665.222
       669.239
       673.464
       677.876
       682.458
       687.186
       691.878
       696.518
       701.138
        705.76
       710.403
       715.087
       719.598
       723.456
       726.477
       728.735
       730.419
        731.56
       732.189
       732.321
       731.993
       731.214
       730.259
       728.963
       727.274
       725.065
       722.081
       718.816
       715.343
       711.782
       708.273
       704.628
       700.867
       697.132
       693.513
       689.935
       686.512
       683.282
       680.193
       677.228
       674.266
       671.201
       668.417
       665.998
       663.683
       661.509
       659.536
       657.716
       656.006
       653.824
       651.649
       649.589
       647.583
       645.571
       643.496
       641.303
        639.02
       637.352
       635.818
       634.171
       632.681
       631.376
       630.278
       629.523
        629.41
        629.67
       630.183
       630.711
       631.245
       631.783
       632.231
       632.359
       632.495
       632.641
       632.791
        632.94
       633.367
        634.34
        635.34
       636.204
       636.394
       636.624
       636.867
       637.113
       637.359
       637.604
       637.843
       638.477
       639.128
       639.775
       640.385
       640.163
       639.904
       639.586
        639.19
       638.702
       637.822
       635.547
       633.892
       632.122
       630.255
       628.303
       626.284
       624.211
       622.351
       620.426
       618.429
       616.372
       614.273
       612.139
       610.317
       609.037
       607.808
       606.619
       605.358
       604.168
       603.056
       602.029
       601.101
       600.275
       599.552
       598.953
       598.461
       598.078
        616.77
       616.607
       597.589
       593.347
       593.381
       593.477
        593.62
         593.8
       594.011
        594.25
       594.513
         594.8
        595.11
       595.443
         595.8
        596.18
       596.586
       597.018
       597.476
       597.963
       598.479
       599.009
       599.539
       600.099
       600.687
       601.304
       601.948
       602.621
        603.32
       604.047
         604.8
       605.579
       606.383
        607.21
       608.059
       608.935
       609.855
       610.791
       611.741
       612.704
       613.674
       614.647
       615.656
       616.829
       618.212
       619.875
       621.958
       624.485
       627.723
       631.284
       635.119
       639.191
       643.476
       647.958
       652.624
       657.364
       662.061
       666.732
         671.4
       676.084
       680.797
        685.55
       689.979
       693.732
       696.633
       698.764
       700.329
       701.363
       701.895
       701.939
        701.53
       700.676
       699.679
       698.348
       696.631
       694.376
       691.301
       687.952
       684.407
       680.804
       677.298
       673.675
       669.942
       666.253
        662.69
       659.161
        655.74
       652.515
       649.437
       646.491
       643.544
       640.482
       637.657
       635.208
       632.852
       630.637
       628.629
       626.782
       625.048
        622.79
       620.534
        618.39
       616.294
        614.18
       611.989
       609.661
       607.229
       605.473
        603.86
       602.209
       600.711
       599.387
       598.264
       597.502
       597.422
       597.714
        598.33
       598.974
       599.619
       600.264
       600.804
       600.988
       601.179
       601.376
       601.576
       601.775
       602.279
       603.386
       604.523
       605.511
       605.753
       606.042
       606.347
       606.657
       606.971
       607.287
       607.603
       608.361
       609.145
       609.932
       610.684
       610.526
       610.335
       610.086
       609.761
       609.343
         608.5
       606.122
       604.435
       602.632
       600.726
       598.733
       596.669
        594.55
       592.668
       590.717
       588.691
       586.603
       584.472
       582.297
       580.461
       579.215
       578.016
       576.849
       575.594
       574.405
       573.289
       572.256
       571.319
        570.48
       569.744
       569.131
       568.626
       568.231
       588.882
       588.715
       567.725
       563.797
       563.831
       563.924
       564.062
       564.236
        564.44
       564.671
       564.926
       565.204
       565.504
       565.827
       566.173
       566.542
       566.936
       567.355
         567.8
       568.273
       568.775
       569.289
       569.799
       570.338
       570.905
       571.499
       572.119
       572.765
       573.438
       574.136
       574.859
       575.606
       576.376
       577.167
       577.979
       578.816
       579.697
       580.592
         581.5
       582.418
       583.342
       584.268
       585.247
       586.403
        587.78
       589.453
       591.547
       594.083
       597.363
       600.967
       604.846
       608.968
       613.309
       617.852
       622.574
       627.313
       632.026
       636.732
       641.452
       646.198
       650.977
       655.771
       660.091
       663.738
        666.52
       668.522
       669.969
       670.898
       671.332
        671.29
         670.8
        669.87
        668.83
       667.472
       665.723
       663.419
       660.252
        656.82
       653.203
       649.554
       646.063
       642.469
       638.767
        635.13
       631.627
       628.159
        624.75
       621.529
       618.463
       615.538
       612.612
       609.563
       606.706
       604.232
        601.84
       599.585
       597.548
       595.675
       593.922
       591.589
       589.257
       587.034
        584.85
       582.638
       580.333
       577.872
       575.292
       573.453
       571.781
        570.14
       568.633
       567.291
       566.142
       565.369
       565.314
       565.625
       566.306
        567.09
       567.852
       568.603
       569.234
       569.473
       569.716
       569.963
       570.212
       570.457
       571.036
       572.276
       573.548
       574.658
       574.951
       575.296
       575.661
       576.035
       576.416
       576.803
       577.195
       578.077
       578.994
       579.922
       580.819
       580.725
       580.604
       580.428
       580.178
       579.833
       579.031
       576.553
        574.84
       573.007
       571.068
        569.04
       566.938
       564.778
        562.88
       560.908
       558.859
       556.746
       554.585
       552.374
       550.531
       549.322
       548.155
       547.013
       545.762
       544.573
       543.451
        542.41
       541.459
       540.603
       539.847
       539.215
       538.691
       538.279
       560.901
       560.728
       537.749
       534.234
       534.266
       534.356
       534.489
       534.656
       534.853
       535.075
        535.32
       535.587
       535.877
       536.188
       536.522
       536.878
       537.259
       537.664
       538.094
       538.552
       539.037
       539.533
       540.021
       540.538
        541.08
       541.648
       542.242
        542.86
       543.502
       544.168
       544.858
       545.569
       546.301
       547.053
       547.823
       548.617
       549.454
       550.304
       551.165
       552.033
       552.906
       553.777
       554.725
       555.851
        557.22
       558.895
        560.99
       563.526
       566.837
       570.473
       574.388
       578.552
       582.944
       587.554
       592.283
        597.02
       601.752
       606.495
        611.27
       616.088
       620.958
       625.757
        629.92
       633.449
       636.108
        637.98
       639.311
       640.136
       640.473
       640.343
       639.774
       638.771
       637.695
       636.308
       634.533
       632.185
       628.925
       625.408
       621.724
       618.041
       614.563
       610.996
       607.332
       603.762
       600.319
       596.924
       593.555
       590.325
        587.27
       584.372
       581.472
       578.437
       575.576
        573.08
       570.654
       568.364
         566.3
       564.408
       562.637
        560.23
       557.833
       555.537
       553.271
       550.964
       548.549
       545.958
       543.233
       541.303
        539.62
       537.991
       536.476
       535.115
       533.939
       533.155
       533.126
       533.456
       534.215
       535.105
       535.973
       536.825
       537.546
       537.836
       538.129
       538.424
       538.718
       539.006
       539.657
       541.027
       542.431
        543.66
       544.001
       544.401
       544.824
       545.258
       545.703
       546.159
       546.625
       547.631
       548.682
        549.75
       550.793
       550.765
       550.715
       550.614
       550.441
       550.174
       549.415
       546.841
       545.107
       543.248
       541.282
       539.224
       537.091
       534.898
       532.989
       531.004
       528.938
       526.805
       524.624
        522.38
       520.536
       519.366
       518.232
       517.115
       515.869
       514.679
       513.549
       512.495
       511.526
       510.646
       509.863
       509.205
       508.654
       508.218
       532.824
       532.641
       507.653
       504.662
       504.693
       504.778
       504.905
       505.065
       505.253
       505.465
         505.7
       505.956
       506.233
       506.532
       506.852
       507.194
       507.559
       507.949
       508.363
       508.803
        509.27
       509.745
        510.21
       510.701
       511.217
       511.757
        512.32
       512.907
       513.516
       514.147
         514.8
       515.472
       516.163
       516.871
       517.595
       518.341
        519.13
       519.929
       520.737
       521.549
       522.364
       523.179
       524.079
       525.167
       526.515
       528.186
       530.276
         532.8
       536.131
       539.787
       543.726
        547.92
       552.348
       556.993
       561.717
       566.458
        571.21
       575.991
        580.82
        585.71
       590.675
       595.363
       599.402
        602.82
       605.357
       607.102
       608.319
        609.04
       609.283
       609.069
       608.422
       607.348
       606.235
       604.826
       603.029
       600.641
       597.294
       593.698
       589.952
       586.236
       582.771
       579.233
       575.613
       572.122
       568.746
       565.428
       562.095
       558.884
       555.854
       552.991
        550.13
       547.136
       544.295
       541.763
       539.301
       536.981
       534.897
        532.99
        531.21
       528.736
       526.282
       523.917
       521.574
       519.178
       516.658
       513.943
        511.08
       509.083
       507.415
       505.792
       504.267
       502.888
       501.688
       500.893
        500.89
       501.247
       502.043
       503.035
       504.004
       504.955
       505.761
         506.1
        506.44
       506.778
       507.114
       507.441
        508.16
       509.655
       511.189
       512.533
       512.918
       513.369
       513.845
       514.337
       514.843
       515.366
       515.904
       517.031
       518.213
       519.422
        520.61
       520.647
       520.669
       520.645
       520.551
       520.365
       519.654
       516.987
       515.235
       513.357
        511.37
       509.289
       507.131
       504.913
       503.004
       501.009
       498.933
       496.788
       494.592
       492.327
       490.485
       489.355
       488.257
       487.166
       485.925
       484.731
       483.591
       482.519
       481.525
       480.614
       479.795
         479.1
       478.512
       478.042
       504.645
        504.45
       477.427
       475.083
       475.113
       475.194
       475.314
       475.466
       475.645
       475.846
       476.069
       476.313
       476.576
       476.861
       477.165
       477.492
        477.84
       478.212
       478.608
       479.028
       479.475
       479.928
       480.366
       480.829
       481.316
       481.825
       482.357
       482.909
       483.482
       484.074
       484.686
       485.315
       485.961
       486.621
       487.294
       487.987
       488.724
       489.467
       490.215
       490.965
       491.712
       492.467
       493.315
       494.359
       495.672
       497.322
       499.396
       501.895
       505.229
       508.891
        512.84
        517.05
       521.506
       526.148
       530.861
       535.603
        540.37
       545.185
       550.065
       555.015
       560.021
       564.584
       568.499
       571.804
       574.222
       575.844
       576.947
       577.567
       577.719
       577.426
       576.705
       575.564
       574.424
       572.997
        571.18
       568.757
       565.325
       561.654
        557.85
       554.107
       550.667
       547.168
       543.597
       540.185
        536.89
       533.649
       530.383
       527.205
       524.208
        521.39
       518.576
       515.626
       512.798
       510.266
       507.785
       505.443
       503.346
       501.434
       499.654
       497.129
        494.62
       492.191
       489.778
       487.301
       484.684
        481.85
       478.848
         476.8
       475.176
       473.567
       472.036
       470.637
       469.412
       468.609
       468.631
       469.011
       469.822
         470.9
       471.969
       473.017
       473.904
       474.288
        474.67
       475.048
       475.421
       475.782
       476.564
        478.18
       479.837
       481.292
       481.717
       482.213
        482.74
       483.284
       483.848
       484.432
       485.038
       486.284
       487.595
       488.942
       490.275
       490.375
       490.469
       490.522
        490.51
       490.406
       489.748
        486.99
       485.226
       483.333
       481.331
       479.234
       477.061
       474.829
       472.922
       470.927
       468.849
         466.7
       464.495
        462.21
       460.378
       459.296
       458.237
       457.175
       455.939
        454.74
       453.586
       452.491
       451.464
       450.512
       449.645
       448.899
       448.261
       447.743
       476.357
       476.146
       447.057
         445.5
       445.528
       445.604
       445.718
        445.86
       446.028
       446.218
       446.428
       446.657
       446.906
       447.174
       447.462
       447.771
       448.101
       448.453
       448.829
       449.228
       449.652
        450.08
       450.489
       450.922
       451.377
       451.853
       452.349
       452.864
       453.397
       453.948
       454.515
       455.098
       455.694
       456.302
        456.92
       457.556
       458.234
       458.916
         459.6
       460.281
       460.955
       461.634
       462.425
       463.418
       464.686
       466.305
       468.343
       470.797
       474.118
       477.767
       481.706
       485.912
       490.366
       494.985
       499.681
       504.414
        509.19
       514.035
       518.968
       524.002
       529.003
       533.389
       537.165
       540.357
       542.655
       544.149
       545.144
       545.668
       545.733
       545.365
       544.575
       543.377
       542.218
       540.783
       538.957
       536.507
       532.997
       529.257
       525.402
       521.639
       518.239
       514.789
       511.278
       507.948
       504.745
       501.593
       498.415
       495.284
       492.328
       489.563
       486.802
       483.894
       481.105
       478.596
       476.109
       473.756
       471.657
       469.749
        467.98
       465.413
       462.858
       460.377
       457.905
       455.356
       452.651
       449.709
       446.583
       444.543
       442.949
       441.351
       439.817
       438.399
       437.153
       436.338
       436.387
       436.786
       437.583
       438.703
        439.89
       441.034
           442
       442.424
       442.844
       443.256
       443.659
        444.05
       444.889
       446.619
       448.394
       449.954
       450.413
        450.95
        451.52
       452.112
       452.727
       453.368
       454.037
       455.397
       456.833
       458.314
       459.789
       459.952
       460.116
       460.246
       460.316
       460.298
       459.694
       456.849
       455.078
       453.176
       451.166
       449.061
       446.879
       444.638
       442.746
       440.762
       438.692
       436.551
       434.341
       432.042
       430.225
         429.2
       428.186
       427.155
       425.925
        424.72
       423.548
       422.423
       421.353
       420.347
       419.416
       418.603
       417.896
       417.313
        447.95
       447.718
       416.526
       415.909
       415.935
       416.006
       416.112
       416.244
         416.4
       416.577
       416.773
       416.987
       417.219
        417.47
       417.739
       418.029
       418.338
       418.669
       419.022
       419.397
       419.797
       420.198
       420.576
       420.976
       421.396
       421.835
       422.293
       422.767
       423.257
       423.763
       424.282
       424.814
       425.357
       425.908
       426.467
        427.04
       427.655
       428.271
       428.885
       429.494
        430.09
       430.699
       431.419
       432.346
       433.562
       435.132
       437.109
       439.495
       442.781
       446.395
       450.304
       454.486
       458.903
        463.48
       468.139
       472.851
       477.623
       482.486
       487.464
        492.58
       497.455
       501.697
       505.341
       508.417
       510.594
       511.963
        512.85
       513.279
       513.261
       512.824
       511.975
       510.727
       509.556
       508.124
       506.305
       503.841
       500.265
        496.47
       492.577
       488.812
        485.46
       482.072
       478.632
       475.399
       472.301
       469.248
       466.175
       463.118
       460.209
       457.505
       454.808
       451.957
       449.237
       446.762
       444.284
        441.93
       439.839
       437.946
       436.194
       433.593
        431.01
       428.492
       425.973
       423.365
       420.584
       417.548
       414.327
        412.32
       410.762
       409.179
       407.642
       406.207
       404.938
       404.109
       404.179
       404.583
       405.373
       406.545
       407.814
        409.04
       410.076
       410.534
       410.985
       411.425
       411.853
       412.267
       413.156
       414.993
        416.88
       418.537
       419.024
       419.594
       420.202
       420.834
       421.495
       422.186
       422.911
       424.378
       425.934
       427.545
       429.158
       429.379
       429.611
       429.818
        429.97
       430.039
       429.493
       426.565
       424.791
       422.887
       420.876
       418.771
        416.59
       414.349
       412.481
       410.519
       408.468
       406.341
       404.137
       401.835
       400.043
       399.081
       398.117
       397.121
       395.899
       394.685
       393.492
        392.33
       391.206
       390.131
       389.117
       388.214
       387.412
       386.738
       419.412
        419.15
       385.807
       386.303
       386.328
       386.393
       386.489
       386.611
       386.754
       386.916
       387.096
       387.293
       387.507
       387.739
       387.988
       388.256
       388.543
        388.85
       389.178
       389.528
       389.901
       390.272
       390.616
        390.98
       391.363
       391.763
       392.179
       392.609
       393.053
       393.509
       393.977
       394.455
        394.94
       395.431
       395.925
       396.431
       396.978
       397.524
       398.063
       398.596
       399.123
       399.671
       400.321
       401.169
       402.304
       403.797
       405.686
       407.978
       411.203
       414.758
       418.611
       422.738
       427.095
       431.602
         436.2
       440.868
       445.615
       450.474
       455.467
       460.607
       465.343
       469.441
       472.951
       475.912
       477.965
       479.208
       479.986
       480.321
       480.228
       479.729
        478.83
       477.543
        476.38
       474.968
       473.166
       470.705
       467.076
       463.238
       459.323
       455.576
       452.293
       448.983
       445.633
       442.524
       439.553
       436.598
       433.638
       430.673
       427.839
       425.213
       422.594
       419.813
       417.181
       414.761
       412.313
       409.975
       407.903
       406.035
       404.306
       401.692
       399.097
       396.557
       394.005
        391.35
       388.504
       385.374
       382.121
       380.158
       378.645
       377.081
       375.543
       374.093
       372.801
       371.951
       372.032
       372.444
       373.236
       374.417
       375.761
       377.061
        378.16
       378.646
        379.12
        379.58
       380.026
       380.456
       381.388
       383.325
       385.314
       387.061
       387.568
       388.164
       388.801
       389.467
       390.164
       390.898
       391.671
       393.238
       394.906
       396.641
       398.386
        398.66
       398.957
       399.237
       399.472
       399.629
       399.144
       396.134
       394.364
       392.465
       390.461
       388.367
       386.197
       383.969
       382.136
       380.207
       378.187
       376.086
       373.899
       371.607
       369.851
       368.958
       368.049
       367.091
       365.877
       364.655
       363.436
       362.229
       361.039
       359.877
       358.758
       357.736
       356.806
       356.005
       390.724
       390.425
       354.869
        356.67
       356.693
       356.752
       356.839
       356.948
       357.077
       357.223
       357.386
       357.564
       357.758
       357.968
       358.195
        358.44
       358.702
       358.983
       359.284
       359.606
       359.949
       360.288
       360.595
       360.921
       361.263
       361.621
       361.992
       362.375
       362.769
       363.173
       363.585
       364.005
       364.429
       364.855
        365.28
       365.715
       366.187
       366.659
       367.125
       367.593
       368.055
       368.527
       369.096
       369.867
       370.908
       372.294
       374.067
       376.234
       379.369
       382.838
       386.604
       390.644
       394.903
       399.311
       403.821
       408.415
       413.108
       417.939
       422.924
       428.039
       432.602
       436.541
       439.908
       442.748
       444.673
       445.787
       446.459
       446.708
        446.55
           446
       445.067
        443.76
       442.623
       441.252
       439.492
       437.051
       433.385
       429.522
       425.603
       421.891
       418.695
       415.483
       412.241
       409.273
       406.436
       403.613
       400.787
       397.952
       395.214
        392.68
       390.154
       387.457
       384.922
       382.592
       380.199
       377.896
       375.861
       374.035
       372.354
        369.74
       367.143
       364.595
       362.025
       359.339
       356.447
       353.263
       350.006
        348.09
       346.631
       345.094
       343.562
       342.098
       340.785
       339.912
       339.998
       340.409
       341.191
       342.359
       343.757
       345.127
       346.282
       346.787
       347.276
       347.749
       348.206
       348.644
       349.612
       351.639
       353.721
       355.549
       356.067
        356.68
       357.338
       358.028
       358.753
       359.519
        360.33
       361.988
       363.759
       365.608
       367.477
       367.798
       368.154
       368.505
        368.82
       369.067
       368.644
       365.557
       363.797
        361.91
       359.924
       357.851
       355.706
       353.503
       351.717
       349.834
       347.858
       345.797
       343.638
       341.372
       339.666
       338.851
       337.998
       337.083
        335.88
       334.651
       333.405
       332.145
       330.876
       329.607
       328.355
       327.178
       326.076
       325.099
       361.863
       361.516
       323.669
       326.991
       327.012
       327.064
       327.141
       327.237
        327.35
       327.479
       327.622
        327.78
       327.952
       328.139
       328.341
        328.56
       328.795
       329.048
       329.319
        329.61
       329.921
       330.224
       330.492
       330.777
       331.075
       331.387
        331.71
       332.043
       332.385
       332.731
       333.084
       333.442
       333.802
        334.16
       334.512
       334.869
       335.275
       335.685
       336.088
       336.488
       336.884
       337.281
       337.769
       338.431
       339.353
       340.612
       342.243
       344.262
       347.279
       350.628
        354.27
        358.18
       362.301
       366.576
       370.959
       375.437
       380.035
       384.807
       389.808
       394.784
       399.131
       402.888
       406.097
       408.804
       410.594
       411.578
       412.149
       412.324
       412.112
        411.53
       410.582
       409.274
       408.188
       406.887
       405.199
       402.807
       399.128
       395.264
       391.362
       387.709
       384.623
       381.529
       378.415
         375.6
       372.932
       370.273
       367.609
       364.931
       362.325
       359.904
       357.486
       354.891
        352.47
       350.259
       347.947
       345.703
       343.724
       341.959
       340.346
       337.749
       335.165
       332.625
       330.054
       327.354
       324.425
       321.251
       318.009
       316.155
       314.757
       313.256
       311.738
       310.268
       308.934
       308.036
        308.12
       308.519
       309.281
       310.412
       311.818
       313.268
       314.473
       314.989
       315.486
       315.963
       316.422
        316.86
       317.853
        319.96
       322.125
       324.023
       324.544
       325.165
       325.834
       326.538
        327.28
       328.067
       328.906
       330.641
       332.503
       334.455
       336.439
       336.798
       337.205
       337.621
       338.014
        338.35
       337.993
       334.832
       333.088
       331.224
       329.266
       327.227
       325.119
       322.955
       321.231
        319.41
       317.494
       315.485
       313.368
       311.137
       309.493
       308.765
       307.983
       307.118
       305.932
         304.7
       303.425
       302.107
       300.747
       299.351
       297.934
       296.558
       295.228
       294.006
       332.798
       332.392
       292.157
        297.24
       297.258
       297.303
       297.368
       297.449
       297.545
       297.655
       297.777
       297.912
        298.06
       298.221
       298.397
       298.587
       298.793
       299.014
       299.253
       299.509
       299.786
       300.052
       300.277
       300.517
       300.767
        301.03
       301.302
       301.583
       301.869
       302.152
       302.441
       302.734
       303.029
       303.325
       303.621
       303.921
       304.274
       304.623
       304.967
       305.303
       305.632
       305.956
       306.332
       306.864
       307.651
       308.755
       310.227
       312.068
       314.931
       318.116
       321.589
       325.323
       329.267
       333.367
       337.574
       341.877
        346.31
       350.942
       355.851
       360.625
       364.773
       368.343
       371.381
       373.947
       375.594
       376.442
       376.917
       377.026
        376.78
       376.185
        375.25
       373.971
       372.973
       371.776
       370.196
       367.886
       364.224
       360.389
       356.539
       352.976
       350.026
       347.079
       344.118
        341.49
       339.032
       336.562
       334.087
       331.597
       329.151
       326.874
       324.588
       322.115
       319.829
       317.761
       315.558
       313.401
       311.501
       309.815
       308.287
       305.733
       303.179
       300.669
       298.118
       295.424
       292.504
       289.381
       286.168
       284.389
       283.066
       281.611
       280.112
       278.643
       277.291
       276.367
       276.442
       276.823
        277.56
       278.646
       280.059
       281.544
       282.777
       283.291
       283.784
       284.257
       284.708
       285.136
       286.144
       288.319
       290.555
       292.512
       293.025
       293.644
       294.314
        295.02
       295.767
       296.563
       297.415
       299.215
       301.152
       303.193
       305.278
       305.663
       306.112
       306.586
       307.052
       307.476
       307.186
       303.955
       302.237
       300.405
       298.488
       296.498
       294.445
       292.333
       290.687
       288.945
       287.104
        285.16
         283.1
       280.918
       279.346
       278.722
       278.024
        277.22
       276.061
       274.832
       273.532
       272.154
       270.694
       269.151
       267.536
       265.909
       264.279
       262.719
       303.488
        303.01
       260.276
       267.377
       267.394
        267.43
       267.482
       267.547
       267.625
       267.713
       267.812
       267.923
       268.044
       268.177
       268.322
       268.481
       268.654
       268.842
       269.045
       269.263
       269.501
       269.727
       269.908
       270.101
       270.297
       270.505
       270.723
        270.95
       271.185
       271.415
       271.659
       271.909
       272.159
       272.407
       272.652
       272.904
         273.2
       273.487
       273.763
       274.023
       274.271
       274.504
       274.764
       275.158
       275.788
       276.727
       278.015
       279.649
       282.318
       285.294
       288.553
       292.063
       295.779
       299.662
       303.634
       307.692
       311.867
       316.233
       320.872
         325.4
       329.357
       332.732
       335.587
       338.001
       339.496
       340.209
       340.599
       340.664
       340.404
        339.83
       338.945
        337.74
       336.873
       335.825
       334.395
       332.212
       328.604
       324.837
       321.075
       317.634
       314.862
         312.1
       309.333
       306.928
       304.708
       302.458
       300.204
       297.928
       295.682
       293.585
       291.457
       289.126
       286.994
       285.097
       283.029
       280.988
       279.194
        277.61
       276.191
       273.698
         271.2
       268.743
       266.239
       263.584
       260.742
       257.683
        254.52
       252.834
         251.6
       250.204
       248.737
       247.278
       245.916
        244.97
       245.032
       245.396
       246.096
        247.13
       248.495
       249.994
       251.237
       251.733
       252.211
       252.668
       253.102
        253.51
       254.522
       256.751
       259.045
       261.049
       261.543
       262.148
       262.807
       263.503
       264.243
       265.034
       265.884
       267.729
       269.724
       271.836
       274.005
       274.399
       274.877
       275.399
       275.932
       276.443
       276.222
       272.926
       271.242
       269.456
       267.595
       265.669
       263.686
       261.643
       260.095
       258.449
       256.701
       254.839
       252.853
       250.736
        249.25
       248.745
       248.145
       247.417
       246.297
       245.081
       243.763
       242.331
       240.768
       239.065
       237.219
       235.286
       233.269
        231.25
       273.882
       273.321
       227.972
       237.352
       237.366
       237.394
       237.432
        237.48
       237.536
       237.601
       237.675
       237.758
       237.851
       237.952
       238.063
       238.188
       238.327
       238.478
       238.641
       238.811
       239.011
       239.193
       239.328
       239.479
       239.631
       239.804
       239.988
       240.178
       240.375
       240.574
       240.777
       240.982
       241.185
        241.38
       241.569
       241.766
       242.002
       242.223
       242.428
       242.611
       242.777
       242.918
       243.062
       243.314
       243.775
       244.525
       245.602
       247.003
       249.453
        252.19
       255.188
       258.422
       261.863
       265.454
       269.127
       272.867
       276.693
       280.648
       284.749
       288.848
       292.671
       295.835
       298.481
       300.723
       302.055
        302.64
       302.983
       303.045
       302.804
        302.29
       301.506
        300.43
       299.752
       298.908
       297.685
       295.682
       292.179
       288.529
       284.908
       281.647
       279.104
       276.567
       274.026
       271.874
       269.922
       267.934
        265.93
       263.904
       261.899
       260.024
       258.087
       255.923
        253.97
       252.274
       250.367
       248.466
       246.804
       245.349
       244.067
       241.655
       239.237
        236.86
        234.43
       231.876
       229.147
        226.18
       223.094
       221.523
       220.398
        219.08
       217.662
       216.231
        214.87
       213.909
       213.959
       214.302
       214.953
       215.912
       217.188
       218.665
       219.896
        220.36
        220.81
       221.241
       221.647
       222.025
        223.03
         225.3
       227.635
        229.67
       230.133
       230.713
       231.348
       232.022
       232.741
       233.511
       234.341
       236.212
       238.241
         240.4
        242.63
       243.016
       243.505
       244.061
       244.653
       245.246
       245.097
       241.741
       240.102
       238.378
        236.59
       234.749
       232.854
       230.899
       229.469
        227.94
         226.3
        224.54
       222.647
       220.611
       219.228
        218.86
       218.372
       217.737
       216.669
       215.481
       214.162
       212.689
       211.034
       209.168
       207.072
       204.779
       202.277
       199.646
       243.917
       243.268
       195.214
       207.095
       207.107
       207.125
       207.148
       207.177
        207.21
       207.248
       207.295
       207.349
        207.41
       207.477
       207.545
       207.636
       207.736
       207.848
       207.975
        208.12
       208.291
       208.448
       208.554
       208.674
       208.803
       208.944
       209.093
       209.244
         209.4
       209.561
        209.72
       209.877
       210.033
       210.178
       210.319
       210.463
       210.647
       210.808
       210.944
       211.059
       211.143
       211.182
        211.21
       211.324
       211.615
       212.164
       213.009
       214.152
       216.358
       218.829
        221.54
       224.469
       227.585
       230.821
       234.128
       237.481
       240.879
       244.324
       247.789
       251.253
       254.553
       257.386
       259.753
       261.783
       262.932
       263.393
       263.788
       263.927
       263.731
       263.328
       262.722
       261.869
        261.45
       260.876
       259.925
       258.168
       254.833
       251.374
       247.968
       244.957
       242.697
        240.43
       238.151
       236.284
        234.64
        232.95
       231.232
         229.5
       227.781
       226.173
       224.466
       222.499
       220.764
       219.293
       217.569
       215.829
       214.328
       213.034
       211.913
       209.606
       207.292
        205.03
        202.74
       200.331
       197.739
       194.894
       191.915
       190.486
       189.496
       188.281
       186.938
       185.553
       184.211
       183.247
       183.298
       183.618
        184.21
        185.07
       186.214
       187.595
       188.804
       189.221
       189.633
       190.029
       190.398
       190.734
       191.718
       194.013
       196.371
       198.419
       198.838
       199.379
       199.976
       200.616
         201.3
       202.034
       202.825
       204.696
       206.731
       208.907
        211.17
        211.52
       211.999
       212.572
       213.209
        213.88
       213.804
       210.395
       208.818
       207.174
       205.482
       203.747
       201.962
       200.118
       198.824
       197.429
       195.919
       194.279
       192.497
       190.561
       189.302
        189.08
       188.723
       188.197
       187.202
       186.064
       184.772
       183.288
       181.569
       179.562
       177.216
       174.528
       171.445
        168.02
       213.524
        212.79
       162.045
       176.516
       176.524
       176.531
       176.538
       176.547
       176.555
       176.558
       176.578
       176.601
       176.631
       176.667
       176.714
        176.78
        176.86
       176.955
       177.064
       177.192
       177.338
       177.465
       177.538
       177.627
       177.724
        177.83
       177.944
       178.058
       178.179
       178.303
       178.423
       178.536
        178.65
       178.757
       178.849
       178.942
       179.077
       179.184
       179.262
       179.314
       179.329
       179.291
       179.215
       179.192
       179.312
       179.651
       180.249
       181.111
       183.046
        185.22
       187.611
       190.201
       192.944
       195.782
       198.676
        201.59
       204.509
       207.414
       210.259
       212.998
       215.537
       217.805
       219.807
       221.581
       222.511
       222.792
       223.105
       223.074
       222.852
       222.621
       222.316
       221.888
       221.795
       221.565
       220.971
       219.539
       216.457
       213.272
       210.166
       207.492
        205.59
       203.638
       201.651
       200.097
       198.784
       197.434
       196.064
       194.685
       193.304
       192.012
       190.584
       188.852
       187.373
       186.144
       184.626
       183.075
       181.757
       180.639
       179.702
       177.541
       175.383
       173.291
       171.181
        168.95
       166.523
       163.839
       161.007
       159.756
       158.931
       157.853
       156.615
       155.307
        154.01
       153.072
       153.136
       153.435
       153.961
       154.705
       155.689
       156.928
       158.027
       158.371
        158.74
       159.093
       159.415
       159.697
       160.641
       162.953
       165.306
       167.344
       167.705
       168.193
       168.738
       169.333
       169.971
       170.653
       171.384
       173.226
       175.231
       177.383
       179.641
       179.923
       180.364
       180.931
       181.597
       182.336
       182.335
       178.884
        177.39
       175.852
       174.281
       172.676
       171.026
       169.317
       168.182
       166.941
       165.579
        164.08
       162.431
       160.613
       159.486
       159.426
       159.211
       158.808
        157.91
       156.857
       155.631
       154.186
       152.458
       150.367
       147.816
       144.742
       141.014
       136.604
       182.635
       181.834
       128.666
       145.494
       145.496
       145.488
       145.478
       145.471
       145.459
       145.449
       145.453
       145.465
       145.484
       145.511
       145.546
        145.59
       145.647
       145.718
       145.804
       145.907
       146.029
       146.127
       146.173
       146.232
       146.297
       146.375
       146.459
       146.543
       146.628
       146.715
       146.796
       146.874
       146.952
        147.02
       147.075
        147.13
       147.224
       147.289
       147.321
       147.324
       147.283
       147.181
       147.021
       146.877
       146.837
       146.975
       147.325
       147.897
        149.54
       151.383
       153.413
       155.613
       157.936
       160.338
       162.781
       165.218
       167.637
        170.01
       172.289
       174.432
       176.408
       178.224
       179.881
       181.395
       182.086
       182.093
       182.026
       181.798
       181.471
       181.115
       180.811
       180.379
       180.512
       180.702
       180.583
       179.567
       176.835
       174.033
        171.34
        169.16
       167.726
        166.13
       164.461
       163.237
       162.274
       161.298
       160.341
       159.411
       158.431
       157.514
       156.429
       154.999
       153.794
       152.829
       151.539
       150.186
       149.059
       148.137
       147.429
       145.463
       143.502
       141.624
       139.734
       137.718
       135.502
       133.037
       130.403
       129.368
       128.748
       127.843
       126.754
       125.567
       124.358
       123.482
       123.584
       123.866
       124.317
       124.935
       125.751
       126.788
       127.746
       128.019
       128.349
       128.649
       128.914
       129.125
       129.993
       132.216
       134.498
       136.492
       136.788
       137.212
       137.679
       138.227
       138.815
       139.428
        140.08
       141.862
       143.788
       145.862
       148.063
       148.238
       148.607
       149.138
       149.808
       150.599
       150.676
       147.203
       145.824
       144.426
       143.007
       141.562
       140.074
       138.523
       137.566
       136.496
       135.302
       133.966
       132.473
       130.795
       129.814
       129.918
       129.848
       129.581
       128.808
       127.877
        126.77
       125.433
       123.785
       121.715
       119.075
       115.713
       111.365
       105.828
       151.209
        150.38
        95.607
       113.907
       113.916
       113.912
       113.901
       113.889
       113.875
       113.859
       113.852
       113.853
       113.858
        113.87
       113.891
       113.916
       113.954
           114
       114.065
       114.148
       114.245
       114.321
       114.339
        114.37
        114.41
       114.461
       114.516
       114.574
       114.632
       114.687
       114.734
       114.782
       114.826
        114.86
       114.881
       114.902
       114.963
       114.995
       114.998
        114.97
       114.896
       114.759
        114.54
       114.305
       114.139
       114.112
       114.242
       114.531
       115.859
       117.342
       118.971
       120.733
       122.588
       124.516
       126.468
       128.397
       130.293
        132.14
       133.893
        135.52
       137.022
       138.426
       139.754
        141.02
       141.497
       141.303
       141.055
       140.721
       140.311
       139.856
       139.368
       138.794
       139.003
       139.301
       139.399
       138.775
       136.471
        134.14
       131.911
       130.187
       129.071
       127.805
       126.462
       125.577
       124.968
       124.377
       123.919
       123.598
       123.075
       122.617
       121.983
       120.909
       120.003
       119.319
       118.273
       117.138
       116.232
       115.542
       115.077
       113.322
       111.603
       109.983
        108.36
       106.625
       104.705
       102.519
       100.144
       99.3694
       98.9855
       98.2945
       97.4052
       96.3965
       95.3398
       94.5828
       94.7512
       95.0306
       95.4109
       95.9096
       96.5817
       97.4699
       98.3172
       98.5212
       98.8141
       99.0663
       99.2811
       99.4002
       100.117
       102.159
       104.275
       106.123
       106.287
       106.583
       106.968
       107.434
        107.91
       108.431
       108.989
       110.687
       112.468
       114.382
       116.453
       116.475
       116.738
       117.197
       117.832
       118.646
         118.8
       115.344
       114.132
       112.918
       111.688
       110.432
       109.132
       107.763
       106.999
       106.116
       105.108
       103.961
        102.65
       101.136
       100.312
        100.57
       100.643
       100.517
       99.8913
       99.1249
       98.1993
       97.0591
       95.6143
       93.7321
       91.2157
       87.8142
       83.0675
       76.4452
       119.271
       118.481
       64.0391
       81.6619
       81.6714
       81.6674
       81.6542
       81.6382
       81.6214
       81.5978
       81.5846
       81.5802
       81.5771
       81.5792
         81.59
        81.605
        81.625
       81.6536
       81.6972
       81.7549
       81.8322
       81.8883
       81.8817
       81.8902
       81.9097
       81.9343
       81.9601
       81.9886
       82.0189
       82.0445
        82.065
       82.0805
        82.094
       82.1037
       82.1005
        82.096
       82.1343
       82.1443
       82.1301
       82.0908
       82.0113
       81.8715
        81.653
       81.3958
       81.1659
       81.0303
       80.9941
       81.0283
       82.0281
       83.1139
       84.2976
       85.5749
       86.9217
       88.3255
       89.7361
       91.1258
       92.4771
        93.789
       95.0268
       96.1667
       97.2226
       98.2264
       99.2258
       100.247
       100.553
       100.257
       99.9438
       99.5919
       99.1891
       98.7425
       98.2532
       97.6778
       97.9268
       98.3193
       98.6247
       98.3636
        96.541
       94.7412
       92.9785
       91.5255
       90.7492
       89.8443
       88.8529
       88.2972
       87.9929
       87.6818
       87.4637
       87.3043
       87.1274
       87.2017
        87.203
       86.5161
       85.9281
       85.5555
        84.798
        83.922
       83.2467
       82.7743
       82.5501
       81.0582
        79.643
       78.3372
       77.0391
       75.6579
       74.1133
        72.301
       70.2774
       69.8111
       69.6898
       69.2516
       68.6232
        67.873
       67.0632
       66.4966
       66.7633
       67.0646
       67.4046
         67.83
       68.3992
       69.1513
       69.8849
       70.0443
       70.2877
       70.5099
       70.6665
       70.6839
       71.2321
       73.0053
       74.8478
       76.4719
       76.4795
       76.6738
       76.9501
       77.2678
       77.6072
       77.9707
       78.3634
       79.8454
       81.3622
       82.9855
       84.8139
       84.6448
       84.7758
       85.1239
        85.657
       86.4262
       86.6485
       83.3077
       82.3508
       81.3691
       80.3605
        79.324
       78.2404
        77.078
       76.5136
       75.8211
       75.0119
        74.077
       72.9886
       71.6849
       71.0308
       71.4173
       71.5966
       71.5982
       71.1366
       70.5761
       69.8996
       69.0554
       67.9609
        66.487
       64.4228
       61.4495
       56.9008
        49.718
       87.0008
       86.3454
       36.3125
       48.5022
       48.5123
       48.5076
       48.4973
        48.487
        48.475
       48.4586
       48.4506
       48.4469
       48.4446
       48.4457
       48.4494
       48.4521
       48.4619
       48.4765
       48.4947
       48.5169
       48.5637
       48.5956
       48.5701
       48.5612
       48.5587
       48.5556
       48.5542
       48.5578
       48.5623
       48.5649
       48.5634
       48.5537
        48.548
       48.5392
       48.5199
       48.4993
       48.5199
       48.5224
         48.51
       48.4807
       48.4265
        48.334
       48.1801
       47.9879
       47.7973
       47.6527
       47.5417
       47.4089
       48.0483
       48.6971
       49.3864
         50.13
       50.9159
       51.7316
       52.5515
       53.3547
       54.1344
       54.8838
       55.5929
       56.2448
       56.8486
        57.445
       58.0726
       58.7889
       58.9639
       58.6748
       58.4262
       58.1729
       57.8866
       57.5783
       57.2284
       56.7732
       57.0188
        57.396
       57.7826
       57.8321
       56.6415
       55.5377
       54.4283
       53.5011
       53.1385
       52.6537
       52.0761
       51.8387
       51.7808
        51.673
       51.5656
       51.5135
       51.5478
       51.9009
        52.162
       51.7206
       51.4325
        51.403
       51.0195
       50.4524
        50.022
       49.7365
       49.6986
       48.5565
        47.538
       46.6164
       45.7055
       44.7487
       43.6832
       42.4088
        40.929
        40.784
       40.8973
        40.748
       40.4629
       40.0976
       39.6721
       39.4022
       39.7747
       40.1086
       40.4458
       40.8408
       41.3228
       41.9339
       42.5455
       42.6536
       42.8573
       43.0615
       43.1935
       43.1776
       43.5325
       44.8707
       46.2617
       47.5283
       47.4421
       47.5579
        47.738
       47.9432
       48.1602
       48.3699
       48.5191
       49.5637
       50.5916
        51.709
       53.0776
       52.7564
       52.7672
       52.9726
       53.2852
       53.8361
       54.0527
       51.1692
       50.5679
       49.8394
       49.0701
        48.277
       47.4447
       46.5274
       46.1316
       45.6096
       45.0058
       44.3201
       43.5248
       42.5317
       42.0699
       42.4714
        42.674
       42.7607
       42.4825
       42.1739
         41.81
       41.3539
        40.754
       39.9264
       38.7204
       36.8778
       33.7253
       27.7154
       54.8842
       54.4893
       16.8792
       14.1535
       14.1535
       14.1535
       14.1535
       14.1535
       14.1535
       14.1535
       14.1535
       14.1535
       14.1535
       14.1535
       14.1535
       14.1535
       14.1535
       14.1535
       14.1535
       14.1535
       14.1535
       14.1459
       14.1237
       14.1014
       14.0791
       14.0568
       14.0346
       14.0123
         13.99
       13.9678
       13.9455
       13.9232
       13.9009
       13.8787
       13.8564
       13.8375
       13.8308
       13.8241
       13.8174
       13.8107
        13.804
       13.7973
       13.7905
       13.7838
       13.7771
       13.7704
       13.7637
       13.7572
       13.9106
        14.064
       14.2174
       14.3708
       14.5242
       14.6776
        14.831
       14.9844
       15.1378
       15.2912
       15.4446
        15.598
       15.7514
       15.9048
       16.0582
       16.2116
       16.2599
       16.2224
        16.185
       16.1476
       16.1101
       16.0727
       16.0352
       15.9978
       16.0925
       16.2219
       16.3514
       16.4096
       16.2495
       16.0895
       15.9294
       15.8144
       15.8233
       15.8322
       15.8411
       15.9265
       16.0588
        16.191
        16.328
       16.4745
        16.621
       16.7675
       16.8596
        16.857
       16.8545
       16.8519
       16.7436
       16.5779
       16.4123
       16.2467
        16.081
       15.6415
       15.1777
       14.7138
         14.25
       13.7861
       13.3223
       12.8584
       12.4366
       12.4324
       12.5948
       12.7571
       12.9195
       13.0819
       13.2442
       13.4615
       13.8494
       14.2374
       14.6253
       15.0132
       15.4011
        15.789
       16.1283
       16.3018
       16.4753
       16.6488
       16.8223
       16.9957
       17.3119
       17.9033
       18.4948
       18.9911
       19.1125
       19.2339
       19.3553
       19.4767
       19.5981
       19.7195
       19.8409
       20.1671
        20.504
        20.841
        21.161
       21.0571
       20.9532
       20.8492
       20.7453
       20.6414
       20.3872
        19.461
       18.9259
       18.3907
       17.8556
       17.3205
       16.7853
       16.2505
       15.8504
       15.4504
       15.0503
       14.6502
       14.2513
       13.8551
       13.6523
       13.7259
       13.7995
       13.8628
       13.8532
       13.8437
       13.8341
       13.8245
        13.815
       13.8054
        13.796
        13.796
        13.796
        13.796
            24
            24
        13.796
