160                           4.9501                        
31                            4.9501                        
30                            6.1892                        
29                            7.4147                        
28                            8.6224                        
27                            9.8092                        
26                            10.975                        
25                            12.122                        
24                            13.245                        
23                            14.342                        
22                            15.412                        
21                            16.452                        
20                            17.473                        
19                            18.477                        
18                            19.49                         
17                            20.493                        
16                            21.478                        
15                            22.815                        
14                            22.395                        
13                            25.094                        
12                            27.762                        
11                            26.943                        
10                            91.66                         
9                             109.98                        
8                             108.54                        
7                             82.887                        
6                             55.924                        
5                             51.11                         
4                             46.578                        
3                             41.162                        
2                             38.412                        
1                             29.513                        
0                             19.321                        
