160                           6.2101                        
32                            6.2101                        
31                            11.213                        
30                            17.477                        
29                            23.721                        
28                            29.996                        
27                            36.325                        
26                            42.793                        
25                            49.306                        
24                            55.854                        
23                            62.471                        
22                            69.131                        
21                            75.497                        
20                            81.909                        
19                            88.435                        
18                            94.949                        
17                            101.55                        
16                            108.24                        
15                            109.85                        
14                            106.75                        
13                            105.85                        
12                            112.18                        
11                            113.69                        
10                            91.201                        
9                             89.443                        
8                             71.988                        
7                             45.472                        
6                             33.485                        
5                             30.647                        
4                             28.412                        
3                             25.356                        
2                             22.499                        
1                             19.967                        
0                             18.791                        
