2                             
0                             3.2876                        
1                             3.2876                        
2                             3.2876                        
3                             3.2876                        
4                             3.2876                        
5                             3.2876                        
6                             3.2876                        
7                             3.2876                        
8                             3.2876                        
9                             3.2876                        
10                            3.2876                        
11                            3.2876                        
12                            3.2876                        
13                            3.2876                        
14                            3.2876                        
15                            3.2876                        
16                            3.2876                        
17                            3.2876                        
18                            3.2876                        
19                            3.2876                        
20                            3.2876                        
21                            3.2876                        
22                            3.2876                        
23                            3.2876                        
24                            3.2876                        
25                            3.2876                        
26                            3.2876                        
27                            3.2876                        
28                            3.2876                        
29                            3.2876                        
30                            3.2876                        
31                            3.2876                        
32                            3.2876                        
33                            3.2876                        
34                            3.2876                        
35                            3.2876                        
36                            3.2876                        
37                            3.2876                        
38                            3.2876                        
39                            3.2876                        
40                            3.2876                        
41                            3.2876                        
42                            3.2876                        
43                            3.2876                        
44                            3.2876                        
45                            3.2876                        
46                            3.2876                        
47                            3.2876                        
48                            3.2876                        
49                            3.2876                        
50                            3.2876                        
51                            3.2876                        
52                            3.2876                        
53                            3.2876                        
54                            3.2876                        
55                            3.2876                        
56                            3.2876                        
57                            3.2876                        
58                            3.2876                        
59                            3.2876                        
60                            3.2876                        
61                            3.2876                        
62                            3.2788                        
63                            3.27                          
64                            3.2612                        
65                            3.2553                        
66                            3.2493                        
67                            3.2433                        
68                            3.2375                        
69                            3.2317                        
70                            3.2259                        
71                            3.2217                        
72                            3.2175                        
73                            3.2134                        
74                            3.2079                        
75                            3.2025                        
76                            3.2033                        
77                            3.2032                        
78                            3.2032                        
79                            3.2032                        
80                            3.2028                        
81                            3.2024                        
82                            3.2023                        
83                            3.2086                        
84                            3.2149                        
85                            3.2214                        
86                            3.2361                        
87                            3.2507                        
88                            3.2652                        
89                            3.2764                        
90                            3.2876                        
91                            3.2975                        
92                            3.3017                        
93                            3.3058                        
94                            3.309                         
95                            3.3108                        
96                            3.3126                        
97                            3.3144                        
98                            3.3188                        
99                            3.3239                        
100                           3.3593                        
101                           3.4093                        
102                           3.4701                        
103                           3.5671                        
104                           3.6651                        
105                           3.7611                        
106                           3.8583                        
107                           3.9561                        
108                           4.0108                        
109                           4.0431                        
110                           4.075                         
111                           4.1069                        
112                           4.0942                        
113                           4.0738                        
114                           4.0535                        
115                           4.0318                        
116                           4.008                         
117                           3.9662                        
118                           3.9264                        
119                           3.8865                        
120                           3.8443                        
121                           3.8137                        
122                           3.7898                        
123                           3.7965                        
124                           3.8072                        
125                           3.7236                        
126                           3.5548                        
127                           2.905                         
128                           2.4715                        
129                           2.2419                        
130                           2.213                         
131                           2.1965                        
132                           2.1813                        
133                           2.1686                        
134                           2.1649                        
135                           2.1612                        
136                           2.1568                        
137                           2.148                         
138                           2.1217                        
139                           2.088                         
140                           2.0639                        
141                           2.0489                        
142                           2.0342                        
143                           2.0197                        
144                           2.0202                        
145                           2.0253                        
146                           2.0304                        
147                           2.013                         
148                           1.9991                        
149                           1.9872                        
150                           1.9762                        
151                           1.9629                        
152                           1.9543                        
153                           1.9457                        
154                           1.9372                        
155                           1.9336                        
156                           1.9304                        
157                           1.9594                        
158                           1.9953                        
159                           2.0313                        
160                           2.0668                        
161                           2.1015                        
162                           2.1362                        
163                           2.1708                        
164                           2.189                         
165                           2.1996                        
166                           2.2102                        
167                           2.2212                        
168                           2.2446                        
169                           2.268                         
170                           2.2893                        
171                           0                             
172                           0                             
173                           2.2927                        
