160                           90.57                         
35                            90.57                         
34                            89.219                        
33                            86.884                        
32                            83.745                        
31                            80.409                        
30                            77.16                         
29                            73.969                        
28                            70.675                        
27                            67.431                        
26                            64.193                        
25                            60.872                        
24                            57.502                        
23                            54.243                        
22                            51.134                        
21                            48.058                        
20                            44.995                        
19                            41.993                        
18                            39.061                        
17                            36.2                          
16                            33.416                        
15                            36.083                        
14                            33.994                        
13                            37.523                        
12                            41.792                        
11                            40.284                        
10                            92.13                         
9                             98.823                        
8                             74.364                        
7                             54.568                        
6                             45.164                        
5                             40.186                        
4                             35.939                        
3                             31.946                        
2                             27.988                        
1                             23.793                        
0                             19.531                        
