160                           18.872                        
35                            18.872                        
34                            24.969                        
33                            31.347                        
32                            38.027                        
31                            44.853                        
30                            49.697                        
29                            54.555                        
28                            59.561                        
27                            64.678                        
26                            69.892                        
25                            75.171                        
24                            80.562                        
23                            86.01                         
22                            91.527                        
21                            97.088                        
20                            102.73                        
19                            108.39                        
18                            114.11                        
17                            119.9                         
16                            125.7                         
15                            120.65                        
14                            117.83                        
13                            113.89                        
12                            117.62                        
11                            121.67                        
10                            70.029                        
9                             55.894                        
8                             36.383                        
7                             45.895                        
6                             36.604                        
5                             35.678                        
4                             34.372                        
3                             32.246                        
2                             28.841                        
1                             25.392                        
0                             20.588                        
