17                            
0                             4.315                         
1                             4.315                         
2                             4.315                         
3                             4.315                         
4                             4.315                         
5                             4.315                         
6                             4.315                         
7                             4.315                         
8                             4.315                         
9                             4.315                         
10                            4.315                         
11                            4.315                         
12                            4.315                         
13                            4.315                         
14                            4.315                         
15                            4.315                         
16                            4.315                         
17                            4.315                         
18                            4.315                         
19                            4.315                         
20                            4.315                         
21                            4.315                         
22                            4.315                         
23                            4.315                         
24                            4.315                         
25                            4.315                         
26                            4.315                         
27                            4.315                         
28                            4.315                         
29                            4.315                         
30                            4.315                         
31                            4.315                         
32                            4.315                         
33                            4.315                         
34                            4.315                         
35                            4.315                         
36                            4.315                         
37                            4.315                         
38                            4.315                         
39                            4.315                         
40                            4.315                         
41                            4.315                         
42                            4.315                         
43                            4.315                         
44                            4.315                         
45                            4.315                         
46                            4.315                         
47                            4.315                         
48                            4.315                         
49                            4.315                         
50                            4.315                         
51                            4.315                         
52                            4.315                         
53                            4.315                         
54                            4.315                         
55                            4.315                         
56                            4.315                         
57                            4.315                         
58                            4.315                         
59                            4.315                         
60                            4.315                         
61                            4.315                         
62                            4.2414                        
63                            4.1671                        
64                            4.0929                        
65                            4.0425                        
66                            3.9922                        
67                            3.9419                        
68                            3.8927                        
69                            3.8435                        
70                            3.7945                        
71                            3.7594                        
72                            3.7242                        
73                            3.689                         
74                            3.6433                        
75                            3.5977                        
76                            3.5527                        
77                            3.5016                        
78                            3.4505                        
79                            3.3993                        
80                            3.3451                        
81                            3.291                         
82                            3.2384                        
83                            3.2406                        
84                            3.2429                        
85                            3.2473                        
86                            3.3197                        
87                            3.3921                        
88                            3.4632                        
89                            3.5069                        
90                            3.5506                        
91                            3.5833                        
92                            3.5672                        
93                            3.5512                        
94                            3.5276                        
95                            3.4916                        
96                            3.4557                        
97                            3.4198                        
98                            3.4059                        
99                            3.3977                        
100                           3.3944                        
101                           3.4056                        
102                           3.418                         
103                           3.4356                        
104                           3.4628                        
105                           3.4897                        
106                           3.5309                        
107                           3.5767                        
108                           3.6174                        
109                           3.6541                        
110                           3.6871                        
111                           3.7202                        
112                           3.7521                        
113                           3.7894                        
114                           3.8268                        
115                           3.8529                        
116                           3.8614                        
117                           3.8719                        
118                           3.9                           
119                           3.9281                        
120                           3.9357                        
121                           3.9322                        
122                           3.9294                        
123                           3.9557                        
124                           3.9934                        
125                           4.0125                        
126                           3.9913                        
127                           3.9139                        
128                           3.8618                        
129                           3.8335                        
130                           3.6211                        
131                           3.5134                        
132                           3.4165                        
133                           3.3412                        
134                           3.3411                        
135                           3.3411                        
136                           3.3358                        
137                           3.2931                        
138                           3.103                         
139                           2.8498                        
140                           2.5977                        
141                           2.3468                        
142                           2.0977                        
143                           1.8508                        
144                           1.7301                        
145                           1.6485                        
146                           1.567                         
147                           1.4828                        
148                           1.4705                        
149                           1.4748                        
150                           1.4868                        
151                           1.4711                        
152                           1.3988                        
153                           1.3266                        
154                           1.2543                        
155                           1.2243                        
156                           1.1956                        
157                           1.2404                        
158                           1.3438                        
159                           1.4473                        
160                           1.5469                        
161                           1.64                          
162                           1.7331                        
163                           1.8257                        
164                           1.9156                        
165                           2.0046                        
166                           2.0939                        
167                           2.1837                        
168                           2.2749                        
169                           2.3662                        
170                           2.4399                        
171                           0                             
172                           0                             
173                           2.4486                        
