160                           62.438                        
35                            62.438                        
34                            59.005                        
33                            54.925                        
32                            50.586                        
31                            46.162                        
30                            41.633                        
29                            36.83                         
28                            32.02                         
27                            27.281                        
26                            22.468                        
25                            17.731                        
24                            12.953                        
23                            14.149                        
22                            9.2723                        
21                            4.341                         
10                            55.932                        
9                             88.87                         
8                             89.009                        
7                             61.342                        
6                             39.713                        
5                             33.111                        
4                             27.774                        
3                             23.832                        
2                             24.894                        
1                             25.163                        
0                             17.525                        
