160                           74.551                        
35                            74.551                        
34                            74.085                        
33                            73.998                        
32                            74.039                        
31                            74.14                         
30                            74.273                        
29                            74.438                        
28                            74.628                        
27                            74.828                        
26                            75.034                        
25                            75.245                        
24                            75.459                        
23                            75.676                        
22                            75.894                        
21                            76.137                        
20                            76.403                        
19                            76.675                        
18                            76.952                        
17                            77.234                        
16                            77.52                         
15                            75.458                        
14                            64.875                        
13                            55.788                        
12                            53.265                        
11                            51.351                        
10                            46.846                        
9                             46.877                        
8                             42.936                        
7                             24.631                        
6                             21.982                        
5                             21.801                        
4                             21.545                        
3                             21.257                        
2                             20.948                        
1                             20.621                        
0                             20.277                        
