       934.121
       934.146
       934.171
       934.204
       934.247
         934.3
       934.365
       934.441
       934.531
       934.633
       934.749
        934.88
       935.027
        935.19
        935.37
       935.568
       935.786
       936.025
       936.286
       936.571
       936.882
       937.226
       937.607
       938.043
       938.602
       939.284
       940.094
       941.035
       942.104
       943.302
       944.616
       946.032
       947.538
       949.129
       950.799
        952.54
       954.347
       956.215
       958.139
       960.116
       962.139
       964.205
       966.308
       968.444
       970.608
       972.794
       974.995
       977.203
       979.411
       981.606
       983.772
       985.786
       987.575
       989.147
       990.503
       991.645
       992.574
       993.284
       993.773
       994.038
       994.075
       993.882
       993.458
       992.806
       991.929
       990.838
       989.547
       988.069
       986.411
       984.578
       982.583
       980.427
       978.105
       975.624
       973.036
       970.383
       967.672
       964.907
       962.093
       959.235
       956.334
       953.396
       950.424
       947.423
       944.395
       941.344
       938.275
       935.191
       932.102
       929.046
       926.023
       923.033
       920.078
       917.157
       914.273
       911.425
       908.613
       905.839
       903.191
        900.74
       898.477
       896.399
       894.506
         892.8
        891.28
       889.945
       888.792
       887.783
       886.893
       886.124
       885.476
       884.949
       884.542
       884.246
       884.043
       883.929
       883.902
       883.943
       883.997
       884.059
       884.121
       884.178
       884.227
       884.264
       884.287
       884.293
       884.281
       884.247
       884.191
        884.11
       884.001
       883.863
       883.693
        883.49
       883.254
       882.982
       882.677
       882.344
       881.988
       881.611
       881.218
       880.811
       880.391
       879.959
       879.513
       879.053
       878.578
       878.091
        877.59
       877.077
       876.553
       876.022
       875.486
       874.958
        874.44
       873.935
       873.446
       872.976
       872.534
       872.119
        871.72
       871.335
       870.969
       870.623
         870.3
       870.002
       869.737
       869.517
       869.342
       869.212
       869.125
       869.079
       869.058
       869.055
       905.855
       905.865
       905.886
       905.917
       905.959
       906.011
       906.075
       906.151
       906.239
        906.34
       906.455
       906.584
       906.729
        906.89
       907.069
       907.265
       907.481
       907.717
       907.976
       908.258
       908.567
       908.907
       909.327
       909.814
       910.439
       911.135
       912.027
       912.982
       914.078
       915.289
       916.589
       918.064
        919.59
       921.113
       922.862
       924.572
       926.316
       928.164
       930.006
       931.956
       933.956
       936.122
       938.218
       940.339
       942.489
       944.578
       946.955
       948.839
       951.192
       953.642
       955.722
       957.608
       959.062
       960.793
       962.279
       963.293
       964.284
       965.244
       965.527
       965.528
       965.513
       965.453
       965.232
       964.741
       963.889
       962.893
       961.548
        960.06
       958.494
       956.584
       954.418
       952.137
       949.851
       947.265
       944.636
       942.066
       939.312
       936.748
       933.746
       930.984
       928.192
       925.197
       922.264
       919.364
       916.358
        913.33
         910.3
       907.251
       904.168
       901.084
       898.081
       895.072
       892.099
       889.125
       886.276
       883.412
       880.575
       877.765
       875.084
       872.525
       870.196
       868.247
       866.497
       864.903
        863.41
       862.092
       860.907
       859.871
       859.104
       858.473
       857.934
       857.379
       856.901
       856.549
       856.353
       856.233
        856.18
       856.228
       856.305
        856.39
       856.454
       856.509
       856.582
       856.619
       856.627
       856.629
       856.636
       856.605
       856.545
       856.465
       856.363
        856.23
       856.066
       855.857
       855.609
       855.355
       855.047
       854.711
        854.34
       853.892
       853.428
       852.989
        852.56
        852.11
       851.653
       851.209
       850.744
       850.237
       849.728
       849.235
       848.736
       848.237
       847.749
       847.244
       846.726
       846.219
       845.724
       845.245
       844.781
       844.298
       843.921
       843.577
       843.228
       842.887
       842.562
       842.263
       841.999
       841.777
       841.601
        841.47
       841.384
       842.039
       842.016
       841.309
       877.321
       877.327
       877.345
       877.374
       877.413
       877.463
       877.523
       877.596
        877.68
       877.778
       877.889
       878.014
       878.154
        878.31
       878.483
       878.674
       878.884
       879.114
       879.365
       879.639
        879.94
       880.272
       880.729
       881.259
       881.946
       882.651
        883.62
       884.585
       885.704
       886.925
       888.209
       889.742
       891.286
       892.739
       894.567
       896.246
       897.927
       899.755
       901.515
       903.438
       905.417
       907.687
       909.779
       911.889
       914.028
       916.024
       918.587
       920.149
        922.66
       925.391
       927.367
        929.12
       930.228
       932.119
       933.737
       934.621
       935.675
       936.891
       936.965
       936.699
       936.634
       936.712
       936.698
       936.372
       935.546
       934.649
        933.25
       931.757
        930.29
       928.307
       925.974
       923.573
       921.329
       918.652
       915.983
       913.499
       910.702
       908.343
       905.151
       902.489
        899.81
       896.757
       893.866
       891.071
       888.088
       885.084
       882.096
       879.088
       876.011
       872.901
       869.922
       866.895
       863.907
       860.882
        858.07
       855.193
       852.335
       849.497
       846.784
       844.124
       841.734
       839.922
       838.321
       836.843
       835.382
       834.085
       832.869
       831.808
       831.166
       830.676
       830.248
       829.668
       829.119
       828.713
       828.527
       828.401
       828.323
       828.381
       828.483
       828.592
        828.66
       828.714
       828.812
       828.851
       828.845
       828.844
       828.871
       828.845
       828.781
       828.703
       828.608
       828.483
       828.325
       828.111
       827.852
       827.617
       827.308
       826.971
       826.587
       826.068
       825.533
       825.065
       824.627
       824.161
       823.695
       823.269
       822.815
        822.29
       821.774
       821.302
       820.828
       820.362
       819.922
       819.439
       818.922
       818.411
        817.91
       817.425
       816.937
       816.385
        816.03
       815.728
       815.395
       815.058
       814.731
       814.431
       814.168
       813.945
       813.768
       813.639
       813.557
       814.916
       814.891
        813.48
       848.534
       848.539
       848.555
        848.58
       848.615
       848.661
       848.717
       848.785
       848.864
       848.955
        849.06
       849.178
        849.31
       849.458
       849.622
       849.804
       850.004
       850.223
       850.463
       850.725
       851.014
       851.332
       851.821
        852.39
       853.135
       853.844
       854.888
        855.86
       856.998
       858.225
       859.489
        861.08
       862.641
        864.02
       865.929
       867.575
       869.191
           871
       872.675
       874.574
       876.531
       878.911
       881.001
       883.102
       885.234
       887.139
       889.898
       891.135
       893.812
       896.824
       898.688
       900.313
       901.071
       903.124
       904.877
       905.628
       906.746
       908.225
       908.089
       907.551
       907.437
       907.657
       907.856
       907.698
       906.899
       906.105
       904.655
       903.159
       901.798
       899.747
       897.249
       894.733
        892.54
       889.776
       887.073
       884.679
       881.841
       879.692
       876.309
        873.75
       871.187
        868.08
       865.232
       862.546
       859.588
       856.612
       853.669
       850.705
       847.637
       844.503
        841.55
       838.508
       835.507
       832.433
       829.662
       826.774
       823.898
       821.036
       818.297
       815.541
       813.096
       811.428
       809.982
       808.627
       807.201
       805.926
       804.682
       803.599
       803.085
       802.739
       802.425
       801.819
       801.201
       800.742
       800.568
       800.438
       800.336
       800.406
       800.533
       800.669
       800.742
       800.796
       800.921
       800.962
       800.942
        800.94
       800.989
       800.967
       800.901
       800.827
        800.74
       800.624
       800.473
       800.255
       799.988
       799.773
       799.465
       799.126
       798.731
       798.142
       797.537
        797.04
       796.595
       796.115
       795.641
       795.235
       794.793
       794.252
       793.729
       793.279
       792.831
       792.398
       792.006
       791.547
       791.029
       790.516
       790.009
       789.516
       789.005
       788.383
       788.051
       787.789
       787.473
        787.14
       786.811
       786.511
       786.247
       786.024
       785.847
        785.72
       785.641
       787.711
       787.686
       785.567
       819.505
       819.509
       819.522
       819.544
       819.575
       819.615
       819.665
       819.726
       819.798
       819.881
       819.976
       820.085
       820.207
       820.344
       820.496
       820.665
       820.851
       821.056
       821.281
       821.527
       821.798
       822.099
       822.616
        823.22
        824.02
       824.728
       825.844
       826.819
       827.974
       829.203
       830.445
       832.091
       833.667
       834.969
        836.96
       838.572
       840.121
        841.91
       843.499
       845.373
        847.31
       849.802
       851.891
       853.986
       856.113
       857.928
       860.891
       861.801
       864.651
       867.947
       869.693
       871.188
       871.587
       873.809
       875.698
       876.313
       877.499
       879.248
       878.897
       878.083
        877.92
       878.286
       878.704
       878.719
       877.951
       877.263
       875.763
       874.269
        873.02
       870.903
       868.244
       865.616
       863.479
       860.632
       857.907
       855.606
       852.729
       850.796
       847.221
        844.77
       842.327
       839.165
       836.364
        833.79
       830.862
       827.916
       825.023
       822.107
       819.053
       815.896
       812.972
       809.917
       806.906
       803.785
       801.058
        798.16
       795.265
       792.381
       789.629
       786.783
       784.289
       782.771
       781.485
       780.257
        778.87
       777.622
       776.351
       775.248
       774.866
       774.666
       774.468
       773.839
       773.152
       772.642
        772.48
       772.349
       772.223
       772.306
       772.461
       772.624
       772.703
       772.758
       772.912
       772.956
       772.924
       772.921
       772.992
       772.977
       772.909
       772.839
       772.762
       772.655
       772.513
       772.292
       772.017
       771.824
       771.517
       771.178
       770.773
       770.116
       769.442
       768.918
       768.468
       767.975
       767.494
        767.11
       766.681
       766.125
       765.596
       765.169
       764.748
       764.349
       764.005
       763.569
       763.052
       762.536
       762.023
       761.522
       760.987
       760.296
       759.987
       759.766
       759.466
       759.136
       758.805
       758.504
       758.242
       758.018
       757.842
       757.717
       757.643
       760.426
       760.403
       757.572
       790.242
       790.245
       790.255
       790.273
       790.298
       790.333
       790.376
       790.428
       790.491
       790.564
       790.648
       790.745
       790.854
       790.977
       791.115
       791.268
       791.437
       791.624
       791.829
       792.055
       792.305
       792.583
       793.126
       793.762
       794.614
       795.317
       796.503
       797.477
       798.645
       799.875
       801.091
       802.791
       804.379
       805.601
       807.673
       809.249
       810.729
       812.497
       813.999
       815.846
       817.763
       820.371
        822.46
       824.548
       826.672
       828.398
       831.572
       832.153
        835.19
       838.768
       840.384
       841.745
       841.779
       844.172
       846.202
       846.679
       847.934
       849.958
       849.389
       848.296
       848.084
       848.601
       849.244
       849.438
       848.703
       848.126
       846.577
       845.088
       843.955
       841.777
       838.957
        836.22
       834.148
       831.226
       828.479
       826.279
       823.365
       821.655
       817.887
       815.548
        813.23
       810.016
       807.265
       804.809
       801.912
           799
       796.162
       793.301
       790.261
       787.083
       784.191
       781.128
        778.11
       774.946
       772.266
        769.36
        766.44
       763.548
        760.79
       757.859
       755.319
       753.957
       752.838
       751.741
       750.396
       749.177
       747.882
       746.761
       746.513
       746.463
       746.384
       745.732
       744.979
       744.417
        744.27
       744.137
       743.989
       744.086
        744.27
       744.462
       744.547
       744.605
       744.788
       744.836
       744.793
        744.79
       744.885
       744.876
       744.808
       744.743
       744.677
        744.58
       744.448
       744.225
       743.943
       743.773
       743.469
       743.132
       742.717
       741.993
       741.252
       740.702
       740.247
       739.743
       739.256
       738.896
       738.482
       737.911
       737.378
       736.974
        736.58
       736.216
       735.922
        735.51
       734.993
       734.474
       733.955
       733.447
       732.888
       732.128
       731.841
       731.662
       731.377
       731.051
       730.716
       730.416
       730.155
       729.932
       729.757
       729.635
       729.566
       733.066
       733.044
       729.498
       760.753
       760.755
       760.763
       760.776
       760.796
       760.823
       760.857
         760.9
       760.952
       761.014
       761.085
       761.168
       761.262
       761.369
       761.489
       761.623
       761.772
       761.938
       762.121
       762.322
       762.548
         762.8
       763.364
       764.029
        764.93
       765.625
       766.879
       767.849
       769.029
       770.256
       771.442
       773.194
       774.792
        775.93
       778.083
        779.62
       781.029
       782.774
       784.186
       786.006
       787.901
       790.625
       792.714
       794.797
       796.918
       798.554
       801.944
       802.191
        805.42
       809.261
       810.754
       811.982
       811.645
       814.213
       816.388
       816.724
       818.051
       820.358
       819.568
       818.189
       817.928
       818.601
       819.474
       819.854
       819.154
       818.693
       817.097
       815.615
       814.605
       812.366
       809.387
       806.543
        804.54
       801.541
       798.785
       796.695
        793.75
        792.27
        788.31
       786.087
       783.899
       780.634
       777.937
       775.603
       772.743
       769.868
       767.087
       764.283
       761.262
       758.068
       755.214
       752.146
       749.126
       745.922
       743.296
        740.39
       737.462
       734.562
       731.794
       728.778
       726.196
       724.994
       724.046
       723.085
       721.786
       720.599
       719.282
       718.144
       718.033
       718.135
       718.178
       717.505
       716.687
       716.074
       715.943
        715.81
        715.64
       715.752
       715.966
       716.187
        716.28
       716.342
       716.555
       716.607
       716.553
       716.551
       716.671
        716.67
       716.601
       716.543
       716.488
       716.403
       716.282
       716.057
       715.769
       715.624
       715.323
        714.99
       714.568
       713.777
       712.969
       712.394
       711.937
       711.422
       710.932
       710.596
       710.198
       709.614
       709.077
       708.698
       708.333
       708.003
       707.759
       707.372
       706.856
       706.334
        705.81
       705.295
       704.712
       703.882
       703.619
       703.481
       703.212
        702.89
       702.553
       702.252
       701.992
       701.769
       701.596
       701.477
       701.413
       705.633
       705.612
       701.348
       731.049
        731.05
       731.054
       731.063
       731.076
       731.095
        731.12
       731.153
       731.193
       731.241
       731.298
       731.365
       731.442
        731.53
        731.63
       731.743
        731.87
       732.011
       732.168
       732.342
       732.539
       732.761
       733.344
       734.036
       734.984
       735.668
       736.987
       737.951
       739.139
       740.362
       741.514
       743.316
       744.921
       745.971
       748.203
       749.699
       751.032
       752.753
       754.071
       755.862
       757.734
       760.576
       762.664
       764.739
       766.857
         768.4
       772.009
       771.915
       775.328
       779.436
       780.807
       781.901
       781.186
       783.935
       786.258
       786.452
       787.852
       790.447
       789.432
       787.764
       787.455
       788.287
       789.397
       789.966
       789.305
       788.964
       787.323
       785.851
       784.969
       782.673
       779.534
       776.585
       774.655
       771.584
       768.825
       766.857
       763.883
       762.641
        758.49
       756.388
       754.335
       751.023
       748.384
       746.177
       743.357
       740.524
       737.804
        735.06
       732.063
       728.859
       726.047
       722.979
       719.961
       716.722
       714.155
       711.256
       708.329
       705.425
       702.647
       699.549
       696.926
        695.89
       695.117
       694.297
       693.047
       691.894
       690.557
       689.404
       689.433
        689.69
       689.855
       689.163
       688.279
       687.618
       687.504
       687.372
       687.183
        687.31
       687.554
       687.805
       687.907
       687.972
       688.215
       688.273
       688.209
       688.208
       688.354
       688.361
       688.294
       688.242
       688.199
       688.126
       688.017
       687.793
       687.499
        687.38
       687.084
       686.756
       686.327
        685.47
       684.597
       683.999
        683.54
       683.017
       682.524
       682.213
       681.833
       681.237
       680.698
       680.344
       680.008
       679.714
       679.522
        679.16
       678.645
       678.122
       677.592
        677.07
       676.464
       675.564
       675.324
       675.227
       674.975
       674.656
       674.316
       674.016
       673.757
       673.534
       673.363
       673.248
       673.186
        678.13
        678.11
       673.124
       701.139
       701.139
        701.14
       701.143
        701.15
        701.16
       701.175
       701.196
       701.222
       701.256
       701.297
       701.347
       701.405
       701.473
       701.551
        701.64
       701.742
       701.856
       701.984
       702.128
       702.293
        702.48
       703.077
       703.796
       704.789
       705.459
       706.842
       707.796
       708.991
       710.205
        711.32
        713.17
       714.779
       715.737
       718.047
       719.499
       720.754
       722.447
       723.668
       725.427
       727.273
       730.233
       732.317
       734.383
       736.495
       737.941
       741.774
       741.335
       744.927
       749.297
       750.543
       751.503
       750.405
       753.339
       755.813
       755.863
       757.338
       760.228
       758.984
       757.021
       756.663
       757.659
       759.011
       759.776
       759.156
       758.939
       757.254
       755.795
       755.047
       752.695
       749.397
       746.345
       744.494
       741.353
         738.6
        736.76
       733.763
        732.77
       728.429
       726.455
       724.542
       721.185
       718.609
       716.535
       713.759
       710.972
       708.318
       705.639
       702.671
       699.461
       696.697
       693.633
       690.623
       687.353
       684.852
       681.966
       679.044
       676.142
       673.358
       670.179
       667.519
       666.652
        666.06
       665.384
       664.186
        663.07
       661.715
       660.548
       660.719
       661.133
       661.424
       660.713
       659.764
       659.054
       658.959
       658.831
       658.625
       658.766
        659.04
       659.321
       659.432
       659.501
       659.776
        659.84
       659.766
       659.766
       659.939
       659.955
       659.889
       659.845
       659.815
       659.755
       659.659
       659.435
       659.138
       659.045
       658.756
       658.433
       657.999
       657.078
        656.14
        655.52
       655.061
       654.531
       654.037
       653.753
       653.392
       652.784
       652.243
       651.917
       651.611
       651.355
       651.214
       650.878
       650.365
        649.84
       649.306
       648.776
       648.148
       647.178
       646.961
       646.906
       646.671
       646.355
       646.012
       645.712
       645.454
       645.231
        645.06
       644.949
        644.89
        650.56
       650.541
       644.832
       671.034
       671.032
        671.03
       671.028
       671.027
       671.028
       671.032
        671.04
       671.053
       671.071
       671.095
       671.126
       671.163
       671.209
       671.264
       671.328
       671.402
       671.487
       671.584
       671.695
       671.825
       671.975
       672.582
       673.326
       674.362
       675.016
        676.46
       677.401
       678.597
       679.799
       680.875
        682.77
       684.382
       685.244
        687.63
       689.034
       690.207
       691.869
        692.99
       694.713
        696.53
       699.606
       701.684
       703.737
       705.839
       707.183
       711.236
       710.438
        714.19
       718.841
       719.965
        720.79
       719.303
       722.427
       725.056
       724.959
        726.51
         729.7
       728.224
       725.961
       725.555
       726.718
       728.319
       729.283
       728.707
       728.619
       726.891
       725.447
       724.839
       722.432
       718.977
       715.824
       714.057
       710.846
       708.099
       706.403
       703.392
       702.657
        698.13
       696.289
       694.523
       691.124
       688.616
       686.681
       683.953
       681.217
       678.635
       676.027
       673.093
       669.881
       667.171
       664.116
       661.118
       657.822
       655.393
       652.524
       649.614
       646.718
       643.932
       640.677
       637.983
       637.291
       636.883
       636.355
       635.211
       634.136
       632.764
       631.585
         631.9
       632.473
       632.891
       632.162
       631.148
       630.391
       630.316
       630.192
       629.969
       630.125
       630.429
       630.741
       630.861
       630.935
       631.241
       631.312
       631.228
       631.231
        631.43
       631.456
       631.391
       631.355
       631.339
       631.294
       631.211
       630.989
       630.689
       630.624
       630.343
       630.027
       629.589
       628.604
       627.603
       626.961
       626.505
       625.968
       625.474
       625.219
       624.877
       624.259
       623.718
        623.42
       623.145
       622.928
        622.84
        622.53
       622.019
       621.493
       620.955
        620.42
       619.769
       618.729
       618.535
       618.523
       618.303
       617.991
       617.646
       617.346
       617.088
       616.864
       616.694
       616.586
       616.528
       622.927
        622.91
       616.473
       640.744
       640.741
       640.735
       640.727
       640.718
        640.71
       640.703
       640.698
       640.696
       640.698
       640.704
       640.714
       640.731
       640.753
       640.783
       640.819
       640.864
       640.918
       640.982
       641.057
        641.15
       641.262
       641.882
       642.645
       643.721
       644.355
       645.857
       646.781
       647.976
       649.163
       650.195
       652.133
       653.744
       654.506
       656.966
       658.319
       659.406
       661.034
       662.049
       663.733
       665.516
       668.707
       670.774
        672.81
       674.897
       676.131
         680.4
       679.218
       683.132
       688.073
       689.077
       689.767
       687.886
       691.203
        693.99
       693.743
       695.373
       698.868
       697.155
       694.588
       694.131
       695.466
        697.32
       698.489
       697.959
       698.003
       696.234
       694.809
       694.344
       691.886
       688.273
        685.02
       683.342
       680.067
       677.328
       675.787
       672.771
       672.304
       667.593
       665.894
        664.28
       660.844
       658.409
       656.619
       653.945
       651.265
        648.76
       646.229
       643.337
       640.127
       637.475
       634.434
       631.453
       628.137
       625.785
       622.938
       620.043
        617.16
       614.378
       611.051
       608.328
       607.814
       607.595
       607.219
       606.133
       605.099
       603.711
       602.523
       602.984
       603.717
       604.264
       603.517
       602.439
       601.635
        601.58
       601.459
       601.218
       601.391
       601.728
       602.071
         602.2
       602.278
       602.617
       602.694
         602.6
       602.606
       602.832
       602.868
       602.806
       602.779
       602.777
       602.747
       602.678
       602.458
       602.156
        602.12
       601.847
        601.54
         601.1
       600.052
       598.989
       598.328
       597.874
       597.332
       596.839
       596.615
       596.295
       595.668
       595.127
       594.858
       594.616
       594.438
       594.403
       594.121
       593.613
       593.086
       592.545
       592.005
       591.332
       590.223
       590.052
       590.081
       589.878
       589.569
        589.22
       588.921
       588.663
       588.438
       588.269
       588.162
       588.105
       595.235
       595.218
       588.053
        610.28
       610.276
       610.266
       610.252
       610.236
       610.218
       610.199
       610.181
       610.164
       610.148
       610.136
       610.126
        610.12
       610.118
       610.121
        610.13
       610.144
       610.165
       610.193
       610.232
       610.286
       610.357
       610.987
       611.768
       612.882
       613.493
       615.051
       615.955
       617.145
       618.313
       619.298
       621.276
       622.883
       623.541
       626.072
       627.369
       628.366
       629.955
       630.859
       632.501
       634.246
       637.547
         639.6
       641.613
       643.679
       644.795
       649.273
       647.684
       651.759
           657
       657.885
        658.44
       656.159
       659.673
       662.619
       662.219
       663.928
       667.734
        665.78
       662.902
       662.395
       663.904
       666.017
       667.395
       666.912
       667.093
       665.284
        663.88
       663.564
       661.057
       657.287
       653.937
       652.353
       649.015
       646.292
       644.913
       641.903
       641.712
       636.821
       635.272
       633.819
        630.35
       627.993
       626.353
       623.739
       621.121
         618.7
       616.251
       613.406
       610.205
       607.616
       604.596
       601.638
       598.307
       596.036
       593.216
       590.336
       587.477
       584.706
       581.312
       578.564
       578.233
       578.207
       577.985
       576.959
       575.969
       574.568
        573.37
       573.979
       574.874
        575.55
       574.786
       573.644
       572.793
       572.758
       572.641
       572.381
       572.572
       572.941
       573.316
       573.454
       573.537
       573.909
       573.992
       573.889
       573.897
       574.151
       574.197
       574.138
        574.12
       574.133
       574.118
       574.064
       573.847
       573.543
       573.538
       573.275
       572.977
       572.536
       571.426
       570.303
       569.624
       569.174
       568.629
       568.139
       567.946
       567.648
       567.014
       566.475
       566.237
       566.028
        565.89
       565.911
       565.656
       565.153
       564.626
       564.083
       563.538
       562.843
       561.664
       561.517
       561.588
         561.4
       561.093
       560.743
       560.443
       560.185
       559.958
       559.788
       559.682
       559.625
       567.487
       567.471
       559.574
       579.655
        579.65
       579.636
       579.616
       579.592
       579.564
       579.533
       579.502
       579.469
       579.437
       579.405
       579.375
       579.346
       579.319
       579.295
       579.274
       579.256
       579.243
       579.235
       579.234
       579.247
       579.275
       579.914
       580.712
       581.863
       582.447
       584.058
        584.94
       586.122
       587.267
       588.201
       590.217
       591.816
       592.364
       594.963
       596.201
       597.102
       598.649
       599.437
        601.03
       602.732
       606.141
       608.173
       610.158
       612.197
       613.188
       617.863
       615.843
       620.074
       625.631
       626.398
       626.816
       624.129
       627.841
       630.949
       630.393
        632.18
       636.301
         634.1
       630.906
       630.348
       632.034
       634.411
       636.002
       635.569
       635.889
       634.042
       632.661
         632.5
       629.945
        626.02
       622.575
       621.091
       617.694
        614.99
       613.781
       610.785
       610.884
       605.817
       604.425
       603.142
       599.644
       597.371
        595.89
       593.341
       590.791
       588.459
       586.099
       583.306
       580.121
       577.603
       574.609
       571.681
       568.339
       566.158
        563.37
        560.51
       557.682
       554.927
        551.47
       548.701
       548.558
       548.727
       548.663
         547.7
       546.756
       545.342
       544.136
       544.894
       545.952
       546.758
       545.978
       544.771
       543.874
       543.858
       543.745
       543.465
       543.675
       544.076
       544.483
        544.63
       544.718
       545.122
       545.212
         545.1
        545.11
       545.392
       545.448
       545.391
       545.383
       545.411
       545.412
       545.374
       545.161
       544.857
       544.882
        544.63
       544.343
       543.902
       542.733
        541.55
       540.854
        540.41
       539.863
       539.377
       539.216
       538.943
       538.302
       537.767
        537.56
       537.385
       537.289
       537.366
       537.141
       536.642
       536.117
       535.572
       535.023
       534.307
       533.058
       532.935
       533.048
       532.877
       532.572
       532.219
       531.918
       531.659
       531.429
       531.259
       531.151
       531.091
       539.687
       539.671
       531.041
       548.881
       548.874
       548.857
       548.831
       548.799
       548.761
       548.719
       548.674
       548.626
       548.577
       548.526
       548.475
       548.423
       548.371
       548.319
       548.268
       548.218
        548.17
       548.123
       548.083
       548.052
       548.031
       548.677
       549.494
        550.68
       551.236
       552.899
       553.754
       554.926
       556.045
       556.924
       558.973
        560.56
       560.995
       563.657
       564.831
       565.631
        567.13
       567.796
       569.336
        570.99
       574.501
       576.507
       578.457
       580.464
       581.319
       586.184
       583.729
       588.125
       593.986
       594.629
       594.905
       591.804
       595.715
       598.985
       598.268
       600.134
       604.572
       602.121
       598.604
       597.992
       599.859
       602.503
       604.311
       603.929
       604.394
       602.509
       601.154
       601.153
       598.554
       594.473
       590.935
       589.556
       586.103
       583.423
       582.391
       579.417
       579.822
       574.583
       573.358
       572.252
       568.733
       566.551
       565.234
       562.757
       560.281
       558.044
        555.78
       553.046
       549.883
       547.443
       544.481
       541.589
       538.245
       536.159
       533.411
       530.586
       527.788
       525.053
       521.537
       518.751
       518.799
       519.167
       519.264
       518.366
       517.469
       516.044
        514.83
       515.738
        516.96
       517.897
         517.1
        515.83
       514.885
       514.889
       514.779
       514.479
       514.707
       515.141
        515.58
       515.735
       515.827
       516.264
        516.36
       516.237
        516.25
       516.559
       516.626
       516.572
       516.573
       516.616
       516.634
       516.612
       516.404
         516.1
       516.157
       515.918
       515.643
       515.204
       513.976
       512.735
       512.023
       511.587
       511.039
       510.559
       510.432
       510.185
       509.538
       509.007
       508.833
       508.694
       508.641
       508.775
        508.58
       508.087
       507.565
       507.019
       506.465
       505.728
       504.411
       504.313
       504.468
       504.313
        504.01
       503.654
       503.351
       503.089
       502.855
       502.682
        502.57
       502.509
       511.838
       511.822
       502.457
        517.97
       517.962
       517.942
        517.91
        517.87
       517.823
        517.77
       517.711
       517.649
       517.583
       517.513
       517.441
       517.367
        517.29
        517.21
       517.129
       517.047
       516.962
       516.878
       516.795
        516.72
        516.65
       517.304
       518.136
       519.354
        519.88
        521.59
       522.418
       523.576
       524.666
       525.486
       527.563
       529.133
       529.449
       532.171
       533.275
        533.97
       535.416
       535.955
       537.435
       539.035
       542.643
       544.617
       546.527
       548.495
       549.202
       554.256
       551.367
       555.919
       562.078
       562.589
       562.717
       559.193
       563.301
       566.733
       565.852
       567.794
       572.552
       569.844
       565.999
       565.332
        567.38
       570.295
       572.324
       571.995
       572.607
       570.686
        569.36
       569.524
       566.882
       562.648
        559.02
       557.752
       554.247
       551.595
       550.746
       547.801
       548.524
       543.122
       542.074
       541.154
        537.62
       535.536
       534.391
       531.991
       529.596
       527.462
       525.301
       522.631
       519.499
       517.144
       514.223
       511.373
       508.032
       506.049
       503.348
       500.565
       497.803
       495.094
       491.524
       488.725
       488.968
       489.539
       489.799
       488.967
        488.12
       486.684
       485.463
        486.52
       487.907
       488.976
       488.162
       486.828
       485.836
       485.859
        485.75
       485.431
       485.676
       486.142
       486.612
       486.776
       486.872
       487.339
       487.441
       487.308
       487.323
       487.659
       487.736
       487.685
       487.695
       487.754
       487.788
       487.783
        487.58
       487.277
       487.369
       487.143
       486.881
       486.444
       485.159
       483.862
       483.137
        482.71
       482.163
        481.69
       481.599
       481.379
       480.728
       480.203
       480.062
        479.96
        479.95
       480.143
        479.98
       479.494
       478.975
       478.429
       477.872
       477.115
        475.73
       475.657
       475.854
       475.715
       475.414
       475.054
       474.748
       474.481
       474.242
       474.064
       473.946
        473.88
       483.943
       483.926
       473.824
       486.937
       486.928
       486.904
       486.867
        486.82
       486.763
       486.699
       486.628
       486.552
       486.469
       486.382
        486.29
       486.193
       486.092
       485.986
       485.875
       485.759
        485.64
       485.516
       485.392
       485.271
       485.155
       485.815
       486.658
       487.906
       488.398
       490.154
        490.95
       492.091
       493.148
       493.904
       496.004
       497.553
       497.747
       500.524
       501.554
       502.138
       503.525
       503.931
       505.344
       506.883
       510.583
       512.518
       514.381
       516.301
       516.851
       522.091
       518.761
       523.465
       529.916
       530.288
        530.26
       526.303
       530.609
       534.201
       533.148
       535.166
       540.246
       537.276
       533.095
        532.37
       534.601
        537.79
       540.044
       539.768
        540.53
       538.573
       537.279
       537.614
       534.933
       530.547
       526.831
       525.682
       522.128
       519.511
       518.853
       515.941
       516.995
       511.439
       510.576
       509.852
        506.31
       504.332
       503.367
       501.051
       498.743
        496.72
       494.668
       492.073
       488.978
       486.717
       483.842
       481.042
       477.711
       475.837
       473.188
       470.451
       467.738
       465.062
       461.444
       458.638
       459.079
       459.855
        460.28
       459.515
       458.716
       457.271
       456.045
       457.252
       458.803
       460.002
       459.173
       457.776
       456.734
       456.775
       456.668
       456.328
       456.589
       457.087
       457.587
       457.759
       457.857
       458.356
       458.462
       458.318
       458.334
       458.697
       458.783
       458.735
       458.755
        458.83
        458.88
       458.892
       458.695
       458.395
        458.52
       458.309
       458.062
        457.63
       456.289
       454.937
       454.201
       453.785
       453.241
       452.776
       452.723
       452.531
       451.878
       451.359
       451.253
       451.188
       451.224
       451.476
       451.346
       450.868
       450.353
       449.809
        449.25
       448.473
        447.02
       446.973
       447.213
       447.089
        446.79
       446.425
       446.114
       445.842
       445.594
       445.409
       445.281
        445.21
       456.006
       455.987
       445.146
       455.795
       455.785
       455.758
       455.716
       455.662
       455.597
       455.523
        455.44
        455.35
       455.253
       455.149
       455.038
        454.92
       454.795
       454.663
       454.523
       454.375
        454.22
       454.058
       453.892
       453.726
       453.561
       454.229
       455.081
       456.356
       456.811
       458.608
       459.369
       460.488
       461.508
       462.197
       464.318
       465.841
       465.907
       468.735
       469.686
       470.153
       471.476
       471.741
       473.082
       474.553
       478.338
       480.226
       482.034
       483.894
       484.281
       489.701
       485.921
        490.77
        497.51
       497.734
       497.544
       493.145
       497.645
       501.395
       500.166
       502.257
       507.659
       504.421
       499.897
       499.111
       501.525
       504.991
        507.47
       507.249
       508.164
       506.173
       504.913
       505.424
       502.707
       498.171
       494.372
       493.347
       489.751
       487.174
       486.714
       483.844
       485.241
       479.535
       478.869
       478.351
       474.808
       472.944
       472.167
       469.942
       467.729
       465.824
       463.891
       461.376
       458.328
       456.167
       453.347
       450.606
       447.293
       445.534
       442.937
       440.263
        437.61
       434.973
       431.312
       428.502
       429.144
       430.127
       430.719
       430.023
       429.273
       427.817
       426.585
       427.941
       429.656
       430.987
       430.143
        428.68
       427.588
       427.647
       427.541
       427.178
       427.456
       427.983
       428.513
       428.691
       428.791
       429.319
       429.429
       429.274
        429.29
       429.679
       429.774
       429.727
       429.756
       429.847
       429.915
       429.944
       429.754
       429.456
       429.617
       429.421
       429.192
       428.766
       427.371
       425.966
       425.221
       424.818
       424.278
       423.824
        423.81
       423.647
       422.993
       422.481
       422.411
       422.386
       422.468
        422.78
       422.684
       422.214
       421.706
       421.164
       420.604
       419.809
        418.29
       418.269
       418.552
       418.443
       418.145
       417.775
       417.457
       417.177
       416.919
       416.722
       416.581
         416.5
       428.028
       428.006
       416.424
       424.559
       424.548
       424.518
       424.472
       424.411
       424.339
       424.256
       424.163
        424.06
       423.949
        423.83
       423.701
       423.564
       423.417
        423.26
       423.093
       422.914
       422.725
       422.524
       422.316
       422.104
        421.89
       422.564
       423.425
       424.724
        425.14
       426.975
       427.696
        428.79
       429.768
       430.387
       432.524
       434.018
       433.952
       436.824
        437.69
       438.035
       439.288
       439.406
       440.668
       442.063
       445.924
       447.758
         449.5
       451.292
       451.506
       457.101
        452.86
       457.847
       464.871
        464.94
        464.58
       459.728
       464.419
       468.323
       466.912
       469.072
       474.798
       471.284
        466.41
       465.558
       468.155
       471.899
       474.606
        474.44
        475.51
       473.484
       472.262
       472.956
       470.206
       465.523
       461.645
       460.752
       457.118
       454.589
       454.336
       451.513
        453.26
       447.414
       446.958
       446.655
       443.118
       441.376
       440.796
       438.671
        436.56
        434.78
       432.974
       430.551
       427.558
       425.506
       422.749
       420.075
        416.79
       415.157
        412.63
       410.026
       407.433
       404.841
       401.143
       398.333
       399.178
        400.37
       401.128
         400.5
         399.8
       398.332
       397.094
       398.599
       400.476
       401.937
       401.076
       399.547
       398.405
       398.482
       398.376
       397.991
       398.282
       398.839
       399.397
        399.58
        399.68
       400.236
       400.349
        400.18
       400.196
        400.61
       400.713
       400.668
       400.705
       400.811
       400.896
       400.943
        400.76
       400.466
       400.663
       400.485
       400.274
       399.856
        398.41
       396.955
       396.202
       395.813
       395.281
       394.839
       394.865
       394.734
       394.079
       393.577
       393.545
       393.559
       393.688
       394.062
           394
       393.541
       393.039
       392.502
       391.942
        391.13
       389.546
       389.551
       389.877
       389.783
       389.486
       389.109
       388.784
       388.492
        388.22
       388.006
       387.848
       387.753
       400.011
       399.983
       387.659
       393.245
       393.232
         393.2
       393.149
       393.084
       393.005
       392.914
       392.812
       392.699
       392.576
       392.443
       392.299
       392.144
       391.977
       391.797
       391.604
       391.396
       391.173
       390.935
       390.686
       390.426
       390.169
       390.848
       391.714
       393.035
       393.409
       395.277
       395.954
       397.019
       397.951
       398.495
       400.644
       402.104
       401.901
       404.812
       405.589
       405.806
       406.981
       406.947
       408.121
       409.433
       413.362
       415.131
       416.796
        418.51
       418.542
       424.304
        419.59
       424.708
       432.009
       431.914
       431.376
       426.063
        430.94
       434.995
       433.394
       435.621
       441.669
       437.872
       432.639
       431.716
       434.495
       438.518
       441.454
       441.341
       442.569
       440.509
       439.327
       440.209
       437.431
       432.605
       428.653
         427.9
       424.235
        421.76
       421.723
       418.953
       421.062
       415.079
       414.844
       414.769
       411.245
       409.634
       409.261
       407.243
       405.241
       403.595
       401.925
       399.602
       396.672
        394.74
       392.057
        389.46
       386.213
       384.716
       382.268
       379.746
       377.221
       374.681
       370.952
       368.147
       369.197
       370.598
       371.522
       370.962
       370.309
       368.829
       367.584
       369.236
       371.273
       372.861
       371.981
       370.386
       369.195
       369.288
       369.182
       368.773
       369.078
       369.662
       370.245
       370.432
       370.531
       371.114
       371.228
       371.044
       371.058
       371.496
       371.606
       371.561
       371.606
       371.727
       371.829
       371.895
       371.719
       371.428
       371.664
       371.504
       371.313
       370.906
       369.411
       367.908
        367.15
       366.779
       366.256
       365.828
       365.897
       365.798
       365.145
       364.653
       364.658
       364.714
       364.891
       365.326
         365.3
       364.853
        364.36
       363.828
       363.271
       362.443
       360.796
       360.829
       361.199
        361.12
       360.824
       360.438
       360.101
       359.794
       359.503
       359.265
       359.084
       358.971
       371.956
       371.921
       358.849
       361.866
       361.853
       361.819
       361.765
       361.695
       361.611
       361.513
       361.404
       361.282
       361.149
       361.005
       360.848
       360.678
       360.494
       360.294
       360.078
       359.844
        359.59
       359.316
       359.026
       358.722
       358.423
       359.104
       359.973
       361.311
       361.639
       363.536
       364.166
       365.196
       366.079
       366.544
       368.699
        370.12
       369.776
       372.721
       373.403
       373.487
       374.579
       374.385
       375.465
       376.685
       380.672
       382.365
       383.942
       385.568
       385.406
       391.324
       386.124
       391.364
       398.936
       398.668
       397.944
       392.159
       397.219
       401.419
       399.622
        401.91
       408.279
       404.191
       398.591
       397.592
        400.55
       404.851
       408.015
       407.954
       409.341
       407.247
       406.107
       407.184
       404.383
       399.419
         395.4
       394.798
       391.109
       388.696
       388.883
       386.173
       388.654
        382.54
       382.535
       382.696
       379.195
       377.724
       377.566
       375.663
       373.779
       372.275
       370.748
       368.533
       365.677
       363.877
       361.279
       358.771
       355.573
       354.225
       351.868
       349.441
       346.993
        344.51
       340.756
       337.961
       339.217
       340.826
       341.916
       341.422
       340.815
       339.322
       338.066
       339.861
       342.055
       343.768
       342.869
       341.207
       339.966
       340.076
       339.968
       339.535
       339.851
       340.459
       341.067
       341.255
        341.35
       341.958
       342.071
       341.872
       341.882
       342.342
       342.458
       342.413
       342.465
       342.601
       342.719
       342.802
       342.634
       342.349
       342.623
       342.484
       342.316
       341.922
        340.38
       338.832
       338.073
       337.723
       337.211
       336.799
       336.911
       336.846
       336.195
       335.715
       335.758
       335.855
       336.081
       336.579
        336.59
       336.155
       335.674
       335.149
       334.596
       333.755
       332.047
        332.11
       332.525
       332.462
       332.167
        331.77
       331.418
       331.092
       330.775
       330.506
       330.294
       330.154
       343.862
       343.815
        329.99
       330.441
       330.427
       330.391
       330.335
       330.262
       330.173
       330.071
       329.956
       329.828
       329.688
       329.535
       329.368
       329.186
       328.987
       328.771
       328.536
       328.278
       327.996
        327.69
       327.361
       327.018
       326.676
       327.357
       328.224
       329.576
       329.855
       331.776
       332.355
       333.347
       334.175
       334.556
       336.712
       338.089
       337.601
       340.573
       341.155
       341.101
       342.104
       341.744
       342.722
       343.842
       347.875
       349.483
        350.96
       352.485
       352.117
       358.177
       352.478
       357.827
       365.662
       365.212
       364.294
       358.028
       363.265
       367.607
       365.605
       367.949
       374.636
        370.25
       364.273
       363.192
       366.324
         370.9
        374.29
       374.278
       375.824
       373.696
       372.602
       373.882
       371.064
       365.968
        361.89
       361.449
       357.747
       355.406
       355.825
       353.183
       356.044
       349.805
       350.035
       350.443
       346.973
        345.65
       345.715
       343.937
       342.179
       340.826
       339.451
       337.353
       334.581
       332.925
       330.425
       328.018
       324.882
       323.694
       321.443
       319.122
       316.762
       314.345
       310.574
       307.793
       309.255
        311.07
       312.323
       311.894
       311.329
       309.821
       308.552
       310.485
       312.833
       314.668
       313.747
       312.017
       310.726
       310.852
       310.745
       310.287
       310.609
       311.239
       311.868
       312.055
       312.145
       312.776
       312.887
       312.669
       312.674
       313.155
       313.275
       313.228
       313.286
       313.435
       313.569
        313.67
        313.51
        313.23
       313.545
       313.428
       313.285
       312.907
       311.323
       309.733
       308.976
        308.65
       308.152
       307.759
       307.916
       307.886
       307.239
        306.77
       306.852
        306.99
       307.265
       307.826
       307.874
       307.454
       306.985
       306.471
       305.924
       305.073
       303.308
       303.403
       303.864
       303.819
       303.524
       303.115
       302.746
       302.395
       302.045
       301.734
       301.481
       301.302
       315.726
       315.663
       301.078
       298.985
       298.971
       298.933
       298.875
         298.8
       298.709
       298.604
       298.486
       298.354
        298.21
       298.051
       297.877
       297.687
       297.479
        297.25
       296.999
       296.723
       296.418
       296.082
        295.72
        295.34
       294.955
       295.633
       296.495
       297.857
       298.082
       300.021
       300.545
       301.494
       302.264
       302.556
       304.707
       306.034
       305.398
       308.392
       308.869
       308.672
        309.58
       309.049
       309.918
       310.929
       314.997
       316.505
        317.87
        319.28
       318.692
       324.879
       318.666
       324.108
       332.196
       331.557
       330.437
       323.681
        329.09
       333.567
       331.353
       333.746
       340.748
       336.056
       329.694
       328.523
       331.824
       336.669
       340.281
       340.311
       342.016
       339.853
       338.808
         340.3
       337.471
       332.253
       328.128
       327.863
       324.157
       321.898
       322.561
       319.993
       323.243
       316.883
       317.354
       318.017
       314.586
       313.418
       313.715
       312.068
       310.446
       309.252
       308.039
       306.068
       303.393
       301.894
       299.504
       297.211
        294.15
       293.131
       291.008
       288.806
       286.545
       284.206
       280.425
       277.664
        279.33
        281.35
       282.762
       282.393
       281.867
       280.338
        279.05
       281.118
       283.614
       285.568
       284.623
       282.825
       281.484
       281.626
       281.521
       281.032
       281.359
       282.009
       282.657
        282.84
       282.922
       283.574
       283.679
       283.441
       283.439
       283.939
       284.062
       284.011
       284.074
       284.235
       284.384
       284.502
       284.349
       284.076
       284.433
        284.34
       284.224
       283.866
       282.243
       280.618
       279.867
       279.568
       279.088
       278.716
        278.92
       278.927
       278.283
       277.825
       277.946
       278.125
       278.448
       279.072
       279.158
       278.755
       278.301
       277.799
       277.263
       276.405
       274.586
       274.717
       275.227
       275.201
       274.907
       274.485
       274.096
       273.716
       273.322
       272.957
       272.647
       272.413
       287.544
       287.457
         272.1
       267.514
         267.5
       267.462
       267.404
       267.327
       267.236
        267.13
       267.011
       266.879
       266.732
       266.572
       266.396
       266.202
       265.988
       265.752
       265.491
       265.202
       264.879
       264.521
       264.132
       263.718
       263.289
        263.96
       264.811
       266.176
       266.343
       268.294
        268.76
       269.661
       270.365
       270.565
       272.705
       273.979
       273.191
         276.2
       276.569
       276.226
       277.035
        276.33
       277.083
       277.972
       282.061
       283.455
       284.694
       285.975
       285.153
       291.448
       284.703
       290.214
       298.547
       297.711
       296.385
       289.131
       294.705
       299.311
       296.877
       299.313
       306.626
       301.621
       294.865
       293.596
       297.056
       302.161
       305.986
       306.051
       307.911
        305.71
       304.717
       306.432
       303.605
       298.275
       294.119
       294.047
       290.353
       288.188
       289.103
       286.616
       290.259
       283.783
         284.5
       285.424
       282.038
       281.034
       281.569
       280.061
       278.582
       277.557
       276.516
       274.683
       272.116
       270.788
       268.525
       266.362
       263.393
       262.564
       260.586
       258.515
       256.365
       254.113
       250.331
       247.595
       249.465
       251.683
       253.248
       252.935
       252.443
       250.888
       249.577
        251.77
       254.407
       256.474
       255.504
       253.636
       252.245
       252.403
       252.292
       251.774
       252.107
       252.775
        253.44
       253.617
       253.689
       254.357
       254.455
       254.194
       254.183
       254.699
       254.823
       254.767
       254.833
       255.004
       255.166
       255.301
       255.156
       254.889
       255.288
       255.222
       255.137
       254.803
       253.148
       251.492
       250.754
       250.487
       250.029
       249.681
       249.932
       249.976
       249.337
        248.89
       249.047
       249.266
       249.636
       250.322
       250.447
       250.061
       249.624
       249.139
       248.617
       247.758
        245.89
        246.06
       246.623
        246.62
       246.328
       245.894
       245.483
       245.068
       244.618
       244.185
       243.797
       243.485
       259.307
       259.185
       243.037
       236.047
       236.033
       235.995
       235.937
       235.861
       235.771
       235.667
        235.55
       235.419
       235.275
       235.117
       234.943
       234.751
       234.537
       234.301
       234.038
       233.744
       233.414
       233.041
       232.629
       232.182
       231.708
       232.367
       233.206
       234.567
       234.671
       236.627
       237.024
       237.867
       238.501
       238.603
       240.729
       241.944
       241.002
       244.022
        244.28
       243.791
       244.499
       243.617
       244.243
       245.001
       249.094
       250.359
       251.457
       252.592
       251.521
       257.905
       250.611
       256.167
       264.722
       263.687
       262.148
       254.391
       260.126
       264.852
       262.187
       264.659
       272.279
       266.954
         259.8
       258.427
       262.032
       267.382
       271.404
       271.491
         273.5
       271.256
        270.32
       272.271
        269.46
       264.036
       259.871
       260.014
       256.349
       254.292
       255.467
       253.067
       257.105
       250.518
       251.484
       252.671
       249.336
         248.5
       249.282
       247.919
       246.591
       245.743
       244.883
       243.201
       240.756
       239.615
       237.494
       235.478
       232.621
       232.001
       230.188
       228.263
        226.24
       224.089
       220.319
       217.614
       219.682
        222.09
         223.8
       223.536
       223.071
       221.485
       220.142
       222.449
       225.218
       227.391
       226.392
       224.455
       223.018
       223.195
       223.085
       222.531
       222.864
       223.547
       224.225
       224.393
        224.45
       225.133
       225.221
       224.935
       224.911
       225.442
       225.564
         225.5
       225.567
       225.747
       225.921
        226.07
       225.932
       225.672
       226.114
       226.077
       226.027
       225.723
       224.042
       222.364
       221.645
       221.417
       220.984
       220.663
       220.963
       221.044
       220.409
       219.972
       220.164
       220.421
       220.835
        221.58
       221.742
       221.376
       220.959
       220.494
       219.993
       219.138
       217.229
       217.443
       218.063
       218.086
         217.8
       217.356
       216.924
        216.47
       215.953
       215.432
        214.94
       214.513
       230.999
       230.828
       213.864
       204.601
       204.586
        204.55
       204.494
       204.421
       204.335
       204.236
       204.125
       204.001
       203.864
       203.713
       203.547
       203.363
       203.158
       202.929
       202.672
       202.381
        202.05
       201.671
       201.243
       200.769
       200.255
       200.905
       201.726
       203.077
       203.112
       205.062
       205.382
        206.16
       206.715
       206.713
        208.81
       209.959
        208.86
       211.885
       212.031
       211.395
       212.001
       210.938
       211.432
       212.047
       216.123
       217.243
       218.183
       219.158
       217.822
       224.272
       216.412
       221.978
       230.737
       229.493
        227.74
       219.481
       225.369
       230.205
       227.296
        229.79
       237.713
       232.068
       224.519
       223.038
       226.771
       232.338
       236.533
        236.62
       238.767
       236.474
       235.598
       237.804
       235.027
       229.536
       225.392
        225.78
       222.169
       220.235
       221.677
       219.365
       223.798
       217.098
       218.316
       219.768
       216.485
       215.823
       216.855
       215.642
        214.47
       213.808
       213.142
       211.622
       209.316
       208.379
       206.419
        204.57
        201.84
       201.459
       199.831
       198.072
       196.195
       194.163
       190.421
       187.755
       190.011
       192.596
       194.437
       194.212
       193.767
       192.144
       190.758
       193.164
        196.05
        198.32
       197.287
       195.287
       193.809
       194.012
       193.905
       193.309
       193.636
       194.331
       195.019
       195.174
       195.213
       195.906
       195.981
       195.667
       195.629
       196.172
        196.29
       196.216
       196.281
       196.467
        196.65
       196.812
       196.678
       196.424
        196.91
       196.904
       196.893
       196.626
       194.929
       193.239
        192.55
       192.368
       191.966
       191.674
       192.024
       192.142
        191.51
       191.081
       191.305
       191.594
       192.047
       192.848
       193.046
       192.699
       192.307
       191.869
       191.396
       190.554
       188.611
       188.875
       189.557
       189.611
       189.336
       188.888
        188.44
       187.941
       187.351
       186.724
       186.091
       185.497
         202.6
       202.357
       184.537
         173.2
       173.187
       173.153
       173.101
       173.035
       172.955
       172.864
       172.762
       172.648
       172.523
       172.384
       172.231
        172.06
       171.869
       171.655
       171.413
       171.136
       170.816
       170.444
       170.012
       169.521
       168.973
       169.612
        170.41
       171.742
       171.698
        173.63
       173.866
       174.572
       175.042
       174.928
       176.985
       178.057
       176.792
       179.812
       179.844
       179.065
       179.572
       178.331
       178.686
       179.143
       183.179
       184.134
         184.9
       185.699
       184.083
       190.577
       182.134
       187.683
       196.603
       195.136
       193.175
       184.425
       190.459
       195.385
       192.213
        194.71
       202.932
       196.973
       189.052
       187.474
       191.305
       197.041
       201.367
        201.42
       203.689
       201.335
       200.524
       203.005
       200.293
       194.773
       190.697
        191.37
       187.843
       186.049
       187.759
       185.532
       190.352
       183.541
       185.012
       186.727
       183.496
       183.009
       184.292
       183.231
       182.219
       181.749
       181.287
       179.945
       177.795
       177.082
       175.305
       173.645
       171.078
       170.959
       169.532
       167.961
       166.254
       164.367
       160.678
        158.06
       160.488
       163.223
       165.175
       164.978
       164.548
       162.884
       161.445
       163.926
       166.904
       169.255
       168.187
        166.13
       164.626
       164.869
       164.767
       164.124
       164.441
       165.138
        165.83
       165.968
       165.984
       166.683
       166.741
       166.397
       166.342
       166.895
       167.006
       166.919
       166.979
       167.168
       167.357
       167.527
       167.397
       167.146
       167.675
         167.7
       167.734
       167.514
       165.814
       164.129
       163.482
       163.355
       162.989
       162.728
       163.129
       163.281
       162.652
       162.229
       162.479
       162.793
       163.277
       164.127
       164.357
        164.03
       163.666
       163.263
       162.829
       162.013
       160.048
       160.369
       161.117
       161.207
       160.951
       160.509
       160.052
       159.516
       158.853
       158.104
       157.284
       156.442
       174.069
       173.729
       155.002
       141.867
       141.855
       141.825
       141.779
        141.72
        141.65
       141.569
       141.479
       141.379
       141.269
       141.147
       141.013
       140.862
       140.695
       140.506
        140.29
        140.04
       139.746
       139.396
       138.979
       138.486
       137.915
        138.54
       139.303
         140.6
       140.466
       142.363
       142.508
       143.134
       143.511
       143.273
       145.273
       146.253
       144.814
       147.818
       147.737
       146.825
       147.244
       145.837
       146.052
       146.334
       150.293
       151.059
       151.633
       152.244
       150.337
       156.849
       147.805
       153.287
       162.304
       160.598
       158.467
       149.268
       155.433
       160.416
        156.95
       159.412
       167.916
       161.674
        153.45
       151.815
       155.694
       161.509
       165.894
       165.862
       168.225
         165.8
       165.057
       167.836
        165.23
       159.746
       155.812
       156.823
       153.421
       151.785
       153.753
       151.596
       156.781
       149.858
       151.582
       153.558
        150.38
       150.065
       151.593
       150.681
       149.831
       149.559
        149.31
       148.164
        146.19
       145.724
       144.158
       142.724
        140.35
       140.507
       139.296
        137.94
       136.441
       134.739
       131.144
       128.594
       131.159
       133.999
       136.026
       135.842
       135.428
       133.728
       132.231
       134.749
       137.776
       140.185
       139.083
       136.983
       135.475
       135.777
       135.678
       135.008
       135.312
       136.002
       136.679
       136.783
       136.767
       137.466
       137.506
        137.13
       137.055
       137.616
       137.717
       137.614
       137.666
       137.853
       138.043
       138.219
       138.087
       137.836
       138.405
        138.46
       138.542
       138.381
         136.7
       135.044
        134.46
       134.398
       134.073
       133.843
       134.289
       134.475
       133.848
        133.43
         133.7
       134.027
       134.527
       135.412
       135.667
        135.36
       135.031
       134.674
       134.295
       133.522
       131.553
       131.941
       132.756
       132.884
       132.655
       132.232
       131.784
       131.234
       130.516
       129.642
       128.591
       127.382
       145.343
       144.882
       125.194
       110.619
       110.608
       110.583
       110.544
       110.495
       110.438
       110.371
       110.297
       110.216
       110.126
       110.028
       109.918
       109.795
       109.659
       109.504
       109.326
       109.117
       108.866
       108.561
       108.183
       107.715
       107.137
       107.743
       108.455
       109.694
       109.453
        111.29
       111.333
       111.874
       112.152
        111.78
       113.694
       114.565
       112.946
       115.907
       115.715
       114.692
        115.05
       113.511
       113.596
       113.674
        117.49
       118.033
       118.401
       118.823
       116.625
       123.109
       113.488
        118.82
       127.816
       125.872
       123.639
       114.113
       120.358
       125.326
       121.529
       123.874
       132.597
       126.155
       117.819
        116.23
       120.053
        125.77
       130.085
       129.895
       132.316
       129.814
       129.141
       132.225
        129.79
       124.459
       120.789
       122.196
       118.973
       117.516
       119.707
       117.587
       123.083
       116.066
       118.044
       120.268
       117.156
       117.007
       118.755
       117.986
       117.299
       117.225
       117.196
       116.262
       114.494
       114.306
       112.989
       111.819
       109.668
        110.11
       109.137
       108.034
        106.79
       105.335
       101.907
        99.458
       102.095
       104.949
       106.991
       106.805
       106.423
        104.72
        103.17
       105.657
        108.65
       111.072
       109.942
       107.844
       106.378
       106.748
       106.669
       105.999
       106.295
       106.955
       107.596
       107.651
       107.589
       108.272
       108.288
       107.881
       107.789
       108.345
       108.429
       108.306
       108.347
       108.528
       108.712
       108.886
       108.749
       108.494
       109.093
       109.171
         109.3
       109.213
       107.588
       106.003
       105.509
       105.522
       105.239
       105.036
       105.518
       105.732
       105.112
       104.701
       104.984
       105.307
       105.799
       106.696
       106.963
       106.677
       106.392
       106.096
       105.792
       105.093
       103.153
       103.611
       104.481
       104.644
        104.45
       104.067
        103.66
        103.14
       102.415
       101.453
       100.156
       98.4281
       116.302
        115.73
       95.0921
       79.4749
        79.467
       79.4479
         79.42
       79.3845
       79.3426
       79.2944
         79.24
       79.1814
       79.1169
       79.0458
       78.9674
       78.8801
       78.7829
       78.6727
       78.5449
       78.3931
       78.2077
       77.9749
       77.6728
       77.2705
       76.7194
        77.293
        77.922
       79.0628
        78.706
       80.4297
       80.3645
       80.8148
       80.9999
       80.4995
       82.2637
       83.0009
       81.2237
       84.0588
       83.7615
       82.6837
       83.0235
       81.4314
       81.4151
       81.2579
       84.7794
       85.0519
        85.213
       85.4684
       83.0259
       89.3518
       79.3778
       84.3745
       92.9923
       90.8508
       88.7327
       79.2353
        85.363
       90.1239
       86.0236
       88.0834
       96.7445
        90.359
       82.4116
       81.0805
       84.6105
       89.8565
       93.8658
       93.4411
       95.8473
       93.3253
       92.7261
        96.028
       93.8701
       88.9399
        85.745
       87.5632
       84.6118
       83.3669
       85.6805
       83.5571
       89.1911
       82.2277
       84.4327
       86.8371
        83.863
       83.8771
        85.765
       85.1389
       84.6231
       84.7317
       84.9114
       84.2242
       82.7187
       82.8239
       81.7953
       80.9363
        79.061
       79.7767
       79.0634
       78.2392
       77.3062
       76.1959
       73.0939
       70.8419
       73.4042
       76.0908
       78.0296
       77.8346
       77.5346
       75.9273
       74.3838
       76.7111
       79.4908
       81.8164
       80.7038
       78.7248
       77.3935
       77.8398
       77.8054
        77.146
       77.4164
       78.0133
       78.5875
       78.5883
       78.4774
       79.1228
       79.1122
       78.6971
       78.5885
       79.1183
       79.1775
       79.0375
       79.0599
       79.2184
       79.3813
       79.5437
       79.4029
       79.1414
       79.7409
       79.8139
        79.973
       79.9751
       78.4781
       77.0453
       76.6735
       76.7612
       76.5187
       76.3326
       76.8225
       77.0529
       76.4611
       76.0768
       76.3601
       76.6541
       77.0988
        77.958
       78.2171
       77.9589
       77.7322
       77.5152
       77.3126
       76.7384
       74.8985
       75.4179
       76.2994
       76.4777
       76.3284
       76.0155
       75.6953
       75.2717
       74.6359
       73.7102
       72.2671
       69.9187
       86.7203
       86.1574
       64.9643
       48.4588
       48.4549
        48.444
       48.4287
       48.4089
       48.3856
       48.3592
       48.3299
       48.2987
       48.2647
       48.2275
       48.1867
       48.1412
       48.0904
       48.0327
       47.9655
       47.8847
       47.7833
       47.6529
        47.475
       47.2144
        46.784
       47.2829
        47.772
       48.7165
       48.3143
       49.7546
       49.6207
       49.9711
        50.092
       49.5501
       50.9675
       51.5169
       49.7958
       52.1727
       51.8104
       50.8297
       51.1581
       49.7332
       49.6763
       49.2952
       52.0853
       52.0641
       52.0493
       52.1918
       49.7936
       55.2944
        46.214
       50.3184
       57.3704
        55.326
       53.8045
       45.5864
       50.7903
       54.7341
       50.8272
        52.265
        59.673
       54.2026
       47.9618
       47.1982
       49.8914
       53.8802
       57.0319
       56.4245
       58.5601
       56.3533
       55.8721
       58.8879
       57.2346
       53.3393
       51.0068
       52.9345
       50.5222
       49.5999
       51.7014
        49.706
       54.7714
       48.6654
       50.8602
       53.1189
       50.6297
       50.8047
       52.5563
       52.1196
       51.8219
       52.0657
       52.3921
       52.0041
       50.8993
         51.24
       50.5638
       50.0839
       48.6459
       49.4842
        49.031
       48.5245
       47.9604
       47.3156
       44.9193
       43.1501
       45.2835
       47.4155
       49.0004
       48.8317
       48.7089
       47.4688
        46.176
       48.0538
        50.231
       52.1648
       51.2277
       49.6617
       48.6488
        49.113
       49.1102
       48.5354
       48.7474
       49.1998
       49.6379
       49.5939
       49.4548
       49.9924
       49.9671
       49.6069
       49.5029
       49.9454
       49.9733
       49.8397
       49.8479
       49.9659
       50.0839
       50.2137
       50.0864
       49.8363
        50.332
       50.3575
       50.4949
       50.5681
       49.3708
       48.2609
       48.0334
       48.1497
       47.9472
        47.777
       48.1957
       48.4049
        47.917
       47.6171
       47.8742
       48.1033
       48.4413
       49.1533
       49.3708
       49.1741
       49.0335
       48.9105
       48.8229
       48.4512
       46.9282
       47.4378
       48.1937
       48.3472
        48.259
       48.0601
       47.8814
       47.6373
       47.2378
       46.6019
       45.4251
       42.8499
        56.174
       55.9391
       36.5963
        17.575
        17.575
        17.575
        17.575
        17.575
        17.575
        17.575
        17.575
        17.575
        17.575
        17.575
        17.575
        17.575
        17.575
        17.575
        17.575
        17.575
        17.575
        17.575
        17.575
        17.575
        17.575
        17.822
       18.1029
       18.4832
       18.5739
       19.0342
       19.1289
       19.2852
       19.3646
       19.3009
       19.6332
       19.7434
        19.374
       19.8081
         19.64
       19.2945
       19.1798
       18.7223
       18.5683
       18.4352
       18.9774
       18.9291
       18.8362
       18.7421
       18.1963
        19.142
       17.3364
       18.0955
       19.4485
       18.9083
         18.29
       16.4784
       17.3635
       18.0839
        17.384
       17.7216
        19.091
       17.9508
       16.4885
       16.2009
       16.9341
       18.0501
       18.9372
        19.075
       19.5921
        19.281
        19.219
       19.7146
        19.271
       18.3057
       17.5892
       17.7426
       17.1618
       16.9303
       17.3833
       17.1451
        18.245
       17.2042
       17.7321
       18.3288
       18.0084
       18.2192
       18.7781
       18.8934
       19.0125
       19.2258
       19.4266
         19.44
       19.2782
       19.3843
       19.2687
       19.1644
       18.8657
       19.0507
       18.9578
       18.8188
       18.6356
       18.4013
       17.7809
       17.3914
         18.09
       18.8658
       19.4727
       19.6137
       19.6933
       19.5019
       19.3541
       20.0308
       20.7948
       21.3949
       21.2364
       20.8328
       20.5188
       20.5548
       20.5086
       20.3513
       20.3946
       20.5187
       20.6427
       20.6516
       20.6373
        20.768
       20.7646
       20.6778
       20.6531
       20.7573
       20.7703
       20.7424
       20.7462
       20.7777
       20.8094
       20.8365
       20.7983
       20.7322
       20.8259
       20.8089
       20.7872
       20.7048
       20.3037
       19.9027
       19.7255
       19.6666
       19.5658
       19.4981
       19.5845
       19.6304
       19.5216
       19.4714
       19.5804
       19.7159
       19.8969
       20.1604
       20.2893
       20.2931
       20.2813
       20.2526
       20.2085
       20.0758
       19.6965
       19.8212
       20.0495
       20.1457
        20.175
         20.17
         20.17
       20.1671
       20.1543
       20.1427
        20.135
       20.1312
            24
            24
         20.13
