160                           42.585                        
35                            42.585                        
34                            41.026                        
33                            38.862                        
32                            36.528                        
31                            34.12                         
30                            31.766                        
29                            29.351                        
28                            26.849                        
27                            24.372                        
26                            21.882                        
25                            19.422                        
24                            16.962                        
23                            14.472                        
22                            11.958                        
21                            9.4213                        
15                            10.706                        
13                            14.182                        
12                            14.738                        
11                            14.503                        
10                            75.172                        
9                             78.649                        
8                             59.669                        
7                             48.114                        
6                             35.318                        
5                             32.434                        
4                             29.964                        
3                             27.225                        
2                             24.398                        
1                             21.75                         
0                             19.223                        
