16                            
0                             4.247                         
1                             4.247                         
2                             4.247                         
3                             4.247                         
4                             4.247                         
5                             4.247                         
6                             4.247                         
7                             4.247                         
8                             4.247                         
9                             4.247                         
10                            4.247                         
11                            4.247                         
12                            4.247                         
13                            4.247                         
14                            4.247                         
15                            4.247                         
16                            4.247                         
17                            4.247                         
18                            4.247                         
19                            4.247                         
20                            4.247                         
21                            4.247                         
22                            4.247                         
23                            4.247                         
24                            4.247                         
25                            4.247                         
26                            4.247                         
27                            4.247                         
28                            4.247                         
29                            4.247                         
30                            4.247                         
31                            4.247                         
32                            4.247                         
33                            4.247                         
34                            4.247                         
35                            4.247                         
36                            4.247                         
37                            4.247                         
38                            4.247                         
39                            4.247                         
40                            4.247                         
41                            4.247                         
42                            4.247                         
43                            4.247                         
44                            4.247                         
45                            4.247                         
46                            4.247                         
47                            4.247                         
48                            4.247                         
49                            4.247                         
50                            4.247                         
51                            4.247                         
52                            4.247                         
53                            4.247                         
54                            4.247                         
55                            4.247                         
56                            4.247                         
57                            4.247                         
58                            4.247                         
59                            4.247                         
60                            4.247                         
61                            4.247                         
62                            4.1776                        
63                            4.1077                        
64                            4.0378                        
65                            3.9904                        
66                            3.943                         
67                            3.8956                        
68                            3.8493                        
69                            3.803                         
70                            3.7569                        
71                            3.7238                        
72                            3.6907                        
73                            3.6575                        
74                            3.6145                        
75                            3.5716                        
76                            3.5296                        
77                            3.4818                        
78                            3.4341                        
79                            3.3863                        
80                            3.3357                        
81                            3.2851                        
82                            3.236                         
83                            3.2385                        
84                            3.241                         
85                            3.2456                        
86                            3.3142                        
87                            3.3827                        
88                            3.4501                        
89                            3.4917                        
90                            3.5332                        
91                            3.5643                        
92                            3.5496                        
93                            3.535                         
94                            3.5131                        
95                            3.4797                        
96                            3.4463                        
97                            3.4128                        
98                            3.4001                        
99                            3.3928                        
100                           3.392                         
101                           3.4058                        
102                           3.4215                        
103                           3.4443                        
104                           3.4762                        
105                           3.5076                        
106                           3.5526                        
107                           3.6018                        
108                           3.6434                        
109                           3.6798                        
110                           3.7128                        
111                           3.7458                        
112                           3.7747                        
113                           3.8083                        
114                           3.8418                        
115                           3.8648                        
116                           3.8711                        
117                           3.8782                        
118                           3.9017                        
119                           3.9253                        
120                           3.9296                        
121                           3.9243                        
122                           3.9202                        
123                           3.9451                        
124                           3.9811                        
125                           3.9934                        
126                           3.9624                        
127                           3.8471                        
128                           3.7698                        
129                           3.7281                        
130                           3.5279                        
131                           3.4262                        
132                           3.3347                        
133                           3.2636                        
134                           3.2633                        
135                           3.263                         
136                           3.2577                        
137                           3.2173                        
138                           3.038                         
139                           2.7994                        
140                           2.5624                        
141                           2.327                         
142                           2.0935                        
143                           1.8619                        
144                           1.7493                        
145                           1.6735                        
146                           1.5977                        
147                           1.5179                        
148                           1.5055                        
149                           1.5088                        
150                           1.5192                        
151                           1.5036                        
152                           1.4356                        
153                           1.3676                        
154                           1.2995                        
155                           1.2713                        
156                           1.2442                        
157                           1.288                         
158                           1.387                         
159                           1.4859                        
160                           1.5813                        
161                           1.6705                        
162                           1.7598                        
163                           1.8485                        
164                           1.9337                        
165                           2.0175                        
166                           2.1016                        
167                           2.1862                        
168                           2.2729                        
169                           2.3597                        
170                           2.4299                        
171                           0                             
172                           0                             
173                           2.4383                        
