160                           7.8502                        
34                            7.8502                        
33                            12.414                        
32                            17.28                         
31                            22.165                        
30                            27.359                        
29                            32.686                        
28                            38.197                        
27                            43.791                        
26                            49.581                        
25                            55.449                        
24                            61.427                        
23                            67.476                        
22                            73.608                        
21                            79.775                        
20                            86.017                        
19                            92.283                        
18                            98.572                        
17                            104.93                        
16                            111.33                        
15                            105.63                        
14                            106.22                        
13                            103.54                        
12                            107.11                        
11                            111.23                        
10                            53.528                        
9                             40.011                        
8                             25.198                        
7                             45.951                        
6                             33.947                        
5                             33.152                        
4                             31.172                        
3                             28.667                        
2                             25.186                        
1                             21.917                        
0                             19.816                        
