160                           51.947                        
35                            51.947                        
34                            53.282                        
33                            54.913                        
32                            56.543                        
31                            58.154                        
30                            59.705                        
29                            61.232                        
28                            62.727                        
27                            64.153                        
26                            65.584                        
25                            66.989                        
24                            68.352                        
23                            69.711                        
22                            71                            
21                            72.222                        
20                            73.381                        
19                            74.615                        
18                            75.763                        
17                            76.902                        
16                            78.02                         
15                            79.021                        
14                            75.007                        
13                            77.971                        
12                            84.469                        
11                            84.088                        
10                            99.967                        
9                             113.05                        
8                             100.02                        
7                             54.854                        
6                             38.733                        
5                             35.301                        
4                             30.925                        
3                             29.264                        
2                             28.748                        
1                             20.747                        
0                             19.638                        
