       925.327
       925.323
        925.32
       925.318
       925.316
       925.313
       925.309
       925.305
       925.301
       925.296
        925.29
       925.283
       925.276
       925.268
        925.26
        925.25
        925.24
       925.228
       925.216
       925.203
       925.188
       925.173
       925.156
       925.138
       925.119
       925.098
       925.075
       925.052
       925.026
       924.999
       924.971
        924.94
       924.908
       924.874
       924.838
         924.8
        924.76
       924.718
       924.675
       924.629
       924.582
       924.532
       924.482
       924.429
       924.375
        924.32
       924.265
       924.208
       924.151
       924.095
       924.038
       923.983
        923.93
       923.879
       923.831
       923.787
       923.748
       923.715
        923.69
       923.672
       923.665
        923.67
       923.688
       923.722
       923.774
       923.846
       923.942
       924.063
       924.213
       924.394
       924.608
       924.859
        925.15
       925.483
        925.86
       926.286
       926.762
       927.292
       927.879
       928.525
       929.235
        930.01
       930.837
       931.646
       932.432
       933.194
       933.933
        934.65
       935.346
       936.021
       936.676
       937.312
       937.926
       938.518
       939.088
       939.635
       940.163
       940.671
       941.159
       941.628
       942.076
       942.498
       942.891
       943.256
       943.595
       943.912
       944.204
       944.463
       944.686
       944.864
       944.994
       945.077
       945.145
        945.22
       945.313
       945.409
       945.414
       945.323
        945.13
       944.833
       944.426
       943.908
       943.273
       942.518
       941.638
        940.63
       939.493
       938.226
       936.833
       935.322
         933.7
       931.975
       930.148
       928.225
       926.212
       924.115
       921.935
       919.677
       917.345
       914.958
       912.538
       910.116
       907.704
       905.311
        902.95
       900.632
       898.368
       896.166
       894.038
       891.993
       890.031
       888.153
       886.359
       884.651
       883.029
       881.492
       880.042
       878.678
         877.4
       876.208
       875.101
       874.077
       873.136
       872.277
         871.5
       870.803
       870.187
       869.651
       869.194
       868.817
       868.518
         868.3
       868.164
       868.114
       894.408
       894.407
       894.405
       894.403
         894.4
       894.398
       894.394
        894.39
       894.386
       894.381
       894.375
       894.368
       894.361
       894.353
       894.345
       894.335
       894.325
       894.313
       894.301
       894.288
       894.273
       894.258
       894.241
       894.223
       894.204
       894.183
       894.161
       894.137
       894.111
       894.084
       894.056
       894.025
       893.993
       893.959
       893.923
       893.885
       893.845
       893.803
       893.759
       893.713
       893.666
       893.616
       893.565
       893.513
       893.459
       893.403
       893.347
        893.29
       893.233
       893.176
       893.119
       893.064
        893.01
       892.958
       892.909
       892.864
       892.825
       892.791
       892.764
       892.746
       892.737
        892.74
       892.827
        892.93
       893.051
       893.169
       893.311
       893.478
       893.672
       893.898
       894.157
       894.439
       894.761
       895.125
       895.544
       896.011
       896.528
       897.105
       897.739
       898.431
        899.19
       900.017
       900.887
       901.697
       902.481
        903.24
        903.91
       904.558
       905.186
        905.82
       906.433
       907.038
       907.667
       908.275
       908.866
       909.448
        910.01
       910.553
       911.055
       911.532
       911.985
       912.398
       912.781
       913.134
       913.453
       913.751
       914.008
       914.228
       914.415
       914.558
       914.656
       914.707
       914.746
       914.784
       914.843
       914.911
       914.909
       914.809
        914.59
       914.266
       913.852
       913.337
       912.706
       911.927
       911.014
       909.985
        908.86
       907.631
       906.265
       904.769
        903.35
       901.728
       899.993
       898.142
       896.129
        894.03
       891.855
       889.635
       887.483
       885.334
       883.154
        880.97
       878.795
       876.636
       874.389
       872.148
       869.962
       867.838
       865.721
        863.67
       861.695
       859.831
       858.106
       856.466
       854.912
       853.404
       851.981
       850.576
       849.201
       847.912
       846.711
         845.6
       844.572
       843.627
       842.764
       841.983
       841.282
        840.66
       840.117
       839.653
       839.284
       841.275
       841.137
        838.87
       863.547
       863.546
       863.545
       863.543
       863.541
       863.538
       863.535
       863.531
       863.527
       863.522
       863.516
       863.509
       863.502
       863.494
       863.486
       863.476
       863.466
       863.455
       863.442
       863.429
       863.414
       863.399
       863.382
       863.364
       863.345
       863.324
       863.301
       863.278
       863.252
       863.225
       863.196
       863.166
       863.133
       863.099
       863.062
       863.024
       862.984
       862.942
       862.898
       862.851
       862.803
       862.753
       862.702
       862.648
       862.594
       862.538
        862.48
       862.422
       862.364
       862.305
       862.247
        862.19
       862.134
        862.08
       862.029
       861.982
        861.94
       861.903
       861.873
       861.851
       861.839
       861.837
       861.989
       862.158
       862.344
       862.504
       862.688
       862.897
       863.133
       863.399
       863.698
       864.008
       864.357
       864.749
       865.205
       865.709
       866.263
       866.882
       867.557
       868.292
       869.093
       869.957
       870.877
       871.689
       872.472
       873.226
       873.826
       874.404
       874.963
       875.554
       876.126
       876.698
       877.342
       877.964
       878.577
       879.193
       879.788
       880.365
        880.88
       881.365
       881.822
       882.224
       882.597
       882.937
       883.237
       883.515
       883.737
       883.918
       884.066
        884.17
       884.235
       884.255
       884.263
       884.263
        884.28
       884.321
       884.328
       884.226
       883.987
        883.64
       883.223
       882.716
       882.092
       881.295
       880.351
       879.305
       878.198
       877.011
       875.675
       874.197
       872.984
       871.465
       869.823
       868.043
       866.029
       863.928
       861.755
       859.573
       857.597
       855.686
       853.743
       851.795
       849.852
       847.925
       845.789
       843.622
       841.511
       839.464
       837.354
       835.296
       833.308
       831.456
       829.799
       828.227
       826.741
       825.261
       823.865
       822.419
       820.947
       819.561
       818.267
       817.069
       815.953
       814.921
       813.974
       813.107
       812.321
       811.613
       810.983
       810.432
       809.992
       814.199
       814.059
       809.567
       832.737
       832.737
       832.736
       832.735
       832.733
        832.73
       832.727
       832.723
       832.719
       832.714
       832.708
       832.701
       832.694
       832.686
       832.678
       832.668
       832.658
       832.647
       832.634
       832.621
       832.606
       832.591
       832.574
       832.556
       832.536
       832.516
       832.493
       832.469
       832.444
       832.416
       832.387
       832.357
       832.324
       832.289
       832.253
       832.214
       832.173
        832.13
       832.086
       832.039
        831.99
       831.939
       831.886
       831.832
       831.776
       831.718
        831.66
         831.6
       831.539
       831.478
       831.418
       831.358
       831.299
       831.242
       831.187
       831.136
       831.089
       831.047
       831.012
       830.984
       830.965
       830.957
       831.171
       831.401
       831.649
       831.849
       832.071
       832.319
       832.591
       832.894
       833.231
       833.564
       833.936
       834.351
        834.84
       835.376
       835.963
       836.621
       837.334
       838.107
        838.95
       839.855
       840.819
       841.626
       842.405
       843.152
        843.68
       844.187
       844.676
       845.224
       845.752
       846.291
       846.949
       847.584
       848.219
       848.867
       849.497
       850.106
       850.634
       851.127
       851.586
       851.977
       852.338
       852.666
       852.946
       853.202
       853.388
        853.53
       853.636
       853.702
       853.729
       853.717
       853.699
       853.665
       853.643
       853.669
        853.68
       853.579
       853.321
       852.956
        852.54
       852.045
       851.431
       850.618
       849.649
       848.589
       847.502
       846.362
       845.059
       843.601
       842.595
       841.182
       839.633
       837.924
       835.908
       833.804
       831.632
       829.485
       827.686
        826.01
       824.301
       822.586
       820.873
       819.176
       817.149
       815.054
       813.015
       811.043
        808.94
       806.874
       804.869
        803.03
       801.439
       799.935
       798.517
       797.065
       795.696
       794.209
       792.639
       791.156
       789.769
       788.484
       787.281
       786.162
       785.129
       784.178
       783.306
       782.511
       781.793
       781.153
       780.642
       787.072
       786.931
       780.205
       801.974
       801.974
       801.974
       801.972
        801.97
       801.968
       801.964
       801.961
       801.956
       801.951
       801.946
       801.939
       801.932
       801.924
       801.916
       801.906
       801.896
       801.885
       801.872
       801.859
       801.844
       801.829
       801.812
       801.794
       801.774
       801.753
       801.731
       801.707
       801.681
       801.653
       801.624
       801.593
        801.56
       801.525
       801.488
       801.449
       801.407
       801.364
       801.318
        801.27
       801.221
       801.168
       801.114
       801.058
           801
       800.941
        800.88
       800.818
       800.754
        800.69
       800.626
       800.562
       800.499
       800.437
       800.377
       800.321
       800.267
       800.219
       800.176
        800.14
       800.112
       800.095
       800.368
       800.658
       800.964
         801.2
       801.457
       801.739
       802.045
       802.382
       802.751
       803.103
       803.495
       803.929
       804.447
       805.013
       805.628
       806.321
        807.07
       807.878
       808.759
       809.704
        810.71
       811.507
       812.279
       813.017
       813.472
       813.905
       814.323
       814.826
        815.31
       815.815
       816.486
       817.134
       817.789
       818.471
       819.133
       819.776
       820.316
       820.814
       821.275
       821.655
       822.005
        822.32
       822.579
       822.814
       822.964
       823.063
       823.128
       823.155
       823.147
       823.107
       823.062
       822.994
       822.941
       822.951
       822.967
       822.867
       822.594
       822.214
       821.802
       821.321
       820.722
       819.897
       818.904
       817.835
       816.771
       815.679
       814.413
       812.978
       812.181
       810.873
       809.418
        807.78
       805.762
       803.654
       801.482
       799.369
       797.743
       796.301
       794.825
       793.341
       791.858
        790.39
        788.47
       786.445
       784.477
       782.579
        780.48
       778.403
       776.383
       774.554
        773.03
       771.593
       770.243
       768.819
       767.478
       765.948
       764.281
       762.701
        761.22
       759.848
       758.558
       757.352
       756.233
       755.195
       754.237
       753.354
       752.547
       751.818
       751.233
       759.896
       759.753
       750.784
       771.252
       771.252
       771.252
        771.25
       771.249
       771.246
       771.243
       771.239
       771.235
        771.23
       771.224
       771.218
       771.211
       771.203
       771.195
       771.185
       771.175
       771.163
       771.151
       771.138
       771.123
       771.108
       771.091
       771.073
       771.053
       771.032
       771.009
       770.985
       770.959
       770.931
       770.902
        770.87
       770.837
       770.801
       770.764
       770.724
       770.682
       770.637
        770.59
       770.541
        770.49
       770.437
       770.381
       770.323
       770.262
         770.2
       770.136
       770.071
       770.004
       769.936
       769.868
       769.799
        769.73
       769.663
       769.596
       769.532
       769.471
       769.414
       769.362
       769.316
       769.277
       769.247
       769.576
       769.923
       770.285
       770.553
       770.842
       771.156
       771.492
       771.858
       772.257
       772.625
       773.032
       773.482
       774.026
       774.617
       775.257
       775.981
       776.761
       777.602
       778.519
       779.502
       780.546
       781.332
       782.093
        782.82
       783.199
       783.558
       783.903
        784.36
       784.798
       785.269
       785.952
       786.612
       787.287
       788.001
       788.696
       789.372
       789.924
       790.427
       790.889
       791.257
       791.596
         791.9
       792.137
       792.349
       792.463
        792.52
       792.543
       792.531
       792.491
       792.423
       792.351
       792.252
       792.169
       792.163
       792.186
       792.091
       791.806
       791.414
       791.008
       790.546
       789.964
        789.13
       788.117
       787.039
       786.002
       784.962
       783.733
       782.322
       781.736
       780.535
       779.174
       777.608
       775.587
       773.474
         771.3
       769.219
       767.767
       766.558
       765.312
       764.059
       762.804
       761.562
       759.749
       757.793
       755.895
        754.07
       751.974
       749.886
       747.848
       746.029
       744.573
       743.203
       741.921
       740.524
        739.21
        737.64
       735.875
       734.197
       732.623
       731.163
       729.785
       728.491
       727.285
       726.161
       725.114
       724.143
       723.246
       722.426
       721.766
       732.669
       732.524
       721.304
       740.567
       740.567
       740.566
       740.565
       740.563
        740.56
       740.557
       740.554
       740.549
       740.545
       740.539
       740.533
       740.526
       740.518
       740.509
         740.5
        740.49
       740.478
       740.466
       740.453
       740.438
       740.423
       740.406
       740.387
       740.368
       740.346
       740.324
       740.299
       740.273
       740.245
       740.215
       740.183
       740.149
       740.113
       740.075
       740.034
       739.991
       739.945
       739.898
       739.847
       739.794
       739.739
       739.681
        739.62
       739.557
       739.492
       739.425
       739.356
       739.285
       739.212
       739.138
       739.064
       738.989
       738.914
       738.839
       738.767
       738.696
       738.628
       738.565
       738.506
       738.454
       738.409
       738.793
       739.193
       739.608
       739.905
       740.224
       740.566
       740.929
       741.321
       741.746
       742.127
       742.546
       743.008
       743.573
       744.186
       744.848
       745.599
       746.408
       747.277
       748.227
       749.245
       750.324
       751.096
       751.844
       752.559
        752.86
       753.142
       753.413
       753.823
       754.214
       754.649
       755.344
       756.016
        756.71
       757.456
       758.183
       758.892
       759.455
       759.963
       760.426
       760.782
        761.11
       761.402
       761.618
       761.807
       761.883
       761.897
       761.879
       761.831
       761.758
       761.664
       761.567
       761.437
       761.325
         761.3
       761.337
       761.251
       760.957
       760.555
        760.16
       759.718
       759.157
       758.315
       757.284
       756.201
       755.192
       754.205
       753.016
       751.631
       751.257
       750.164
       748.899
       747.404
       745.379
       743.262
       741.084
       739.035
       737.754
       736.777
       735.762
       734.738
        733.71
       732.694
       730.985
       729.097
       727.268
       725.514
       723.421
       721.321
       719.266
       717.458
       716.068
       714.765
       713.551
       712.183
       710.897
       709.285
       707.423
       705.647
       703.978
        702.43
       700.964
       699.581
       698.288
       697.076
        695.94
       694.878
       693.889
       692.976
       692.241
       705.392
       705.246
       691.765
       709.912
       709.912
       709.911
        709.91
       709.908
       709.906
       709.903
       709.899
       709.895
        709.89
       709.885
       709.878
       709.871
       709.864
       709.855
       709.846
       709.835
       709.824
       709.812
       709.799
       709.784
       709.768
       709.751
       709.733
       709.713
       709.692
       709.669
       709.644
       709.618
        709.59
       709.559
       709.527
       709.492
       709.456
       709.416
       709.375
       709.331
       709.284
       709.235
       709.183
       709.128
        709.07
        709.01
       708.947
       708.881
       708.812
       708.741
       708.667
       708.591
       708.513
       708.433
       708.352
       708.269
       708.186
       708.103
        708.02
       707.938
       707.859
       707.782
       707.709
       707.641
        707.58
       708.015
       708.466
       708.931
       709.255
       709.599
       709.967
       710.353
       710.769
       711.216
       711.606
       712.034
       712.504
       713.087
       713.719
       714.399
       715.174
       716.007
       716.902
       717.882
        718.93
       720.042
       720.796
        721.53
       722.231
       722.453
       722.657
       722.851
       723.213
       723.556
       723.954
        724.66
       725.343
       726.056
       726.834
       727.593
       728.335
       728.909
        729.42
       729.884
       730.228
       730.546
       730.827
       731.019
       731.186
       731.226
       731.196
       731.138
       731.054
       730.949
       730.831
       730.707
       730.548
       730.411
        730.37
       730.421
       730.347
       730.047
       729.638
       729.255
       728.838
       728.298
       727.452
       726.405
       725.319
        724.34
       723.408
       722.261
       720.902
       720.742
       719.758
       718.588
       717.165
       715.137
       713.013
       710.832
       708.813
       707.704
       706.958
       706.174
       705.377
       704.576
       703.783
       702.177
       700.356
       698.595
       696.913
       694.823
       692.711
       690.638
        688.84
       687.517
       686.282
       685.137
       683.797
        682.54
       680.886
       678.926
       677.053
        675.29
       673.653
       672.097
       670.625
       669.243
       667.941
       666.714
        665.56
       664.477
        663.47
       662.657
       678.064
       677.916
       662.166
       679.283
       679.283
       679.282
       679.281
       679.279
       679.277
       679.274
        679.27
       679.266
       679.262
       679.256
        679.25
       679.243
       679.235
       679.227
       679.218
       679.207
       679.196
       679.184
       679.171
       679.156
       679.141
       679.124
       679.105
       679.085
       679.064
       679.041
       679.016
       678.989
        678.96
        678.93
       678.897
       678.862
       678.824
       678.784
       678.741
       678.696
       678.648
       678.597
       678.543
       678.486
       678.426
       678.363
       678.297
       678.228
       678.155
        678.08
       678.001
        677.92
       677.836
       677.749
        677.66
       677.569
       677.476
       677.383
       677.288
       677.194
       677.101
       677.009
        676.92
       676.835
       676.754
       677.239
       677.738
       678.251
       678.599
       678.966
       679.356
       679.763
       680.198
       680.665
        681.06
       681.494
       681.969
       682.568
       683.213
       683.908
       684.704
       685.558
       686.475
        687.48
       688.555
       689.691
        690.43
       691.149
       691.834
       691.974
       692.098
       692.215
       692.527
       692.821
       693.181
       693.897
        694.59
       695.323
       696.132
       696.923
       697.698
       698.281
       698.796
       699.261
       699.594
       699.904
       700.172
       700.342
       700.487
       700.489
       700.417
        700.32
       700.201
       700.069
       699.926
       699.777
       699.592
        699.43
       699.378
       699.442
        699.38
       699.076
       698.663
       698.295
       697.903
       697.389
        696.54
       695.479
        694.39
       693.444
       692.569
       691.463
       690.131
       690.187
       689.314
       688.239
       686.888
       684.856
       682.726
       680.541
       678.551
       677.613
         677.1
       676.546
       675.976
       675.399
        674.83
       673.326
       671.571
       669.878
       668.266
       666.179
       664.055
       661.964
       660.177
       658.921
       657.755
        656.68
       655.369
        654.14
       652.446
       650.388
       648.417
       646.559
       644.833
       643.188
       641.624
       640.151
       638.759
       637.439
        636.19
       635.011
       633.906
       633.014
       650.687
       650.536
       632.506
       648.675
       648.675
       648.674
       648.673
       648.672
       648.669
       648.666
       648.663
       648.659
       648.654
       648.649
       648.643
       648.636
       648.628
        648.62
       648.611
       648.601
       648.589
       648.577
       648.564
        648.55
       648.534
       648.517
       648.498
       648.478
       648.457
       648.433
       648.408
       648.381
       648.352
       648.321
       648.288
       648.252
       648.214
       648.173
       648.129
       648.082
       648.033
        647.98
       647.925
       647.865
       647.803
       647.737
       647.668
       647.594
       647.518
       647.437
       647.354
       647.266
       647.175
       647.081
       646.983
       646.883
        646.78
       646.675
       646.569
       646.461
       646.352
       646.244
       646.137
       646.032
        645.93
       646.461
       647.007
       647.565
       647.934
       648.322
       648.731
       649.156
       649.608
       650.091
       650.489
       650.924
       651.401
       652.011
       652.669
       653.375
       654.188
       655.059
       655.994
        657.02
       658.118
       659.275
       659.996
       660.698
       661.365
       661.422
       661.464
       661.502
       661.763
       662.006
       662.327
       663.052
       663.756
       664.507
       665.348
       666.171
       666.978
       667.571
       668.089
       668.555
       668.878
       669.179
       669.436
       669.584
       669.707
       669.672
       669.557
       669.423
       669.272
       669.113
       668.948
       668.778
       668.567
       668.382
       668.319
       668.395
       668.349
       668.045
        667.63
        667.28
       666.916
       666.428
       665.579
       664.504
       663.415
       662.501
       661.684
       660.621
       659.318
       659.591
       658.828
        657.85
       656.571
       654.534
       652.397
       650.207
       648.246
       647.478
       647.197
       646.873
        646.53
       646.178
       645.832
        644.43
        642.74
       641.115
       639.574
       637.489
       635.354
       633.245
       631.469
       630.282
       629.185
        628.18
       626.899
         625.7
       623.965
        621.81
       619.741
       617.789
       615.974
       614.237
       612.581
       611.016
        609.53
       608.114
       606.767
       605.489
       604.284
       603.311
       623.257
       623.104
       602.783
       618.083
       618.083
       618.083
       618.082
        618.08
       618.078
       618.075
       618.072
       618.068
       618.063
       618.058
       618.052
       618.045
       618.037
       618.029
        618.02
        618.01
       617.999
       617.987
       617.974
       617.959
       617.943
       617.926
       617.908
       617.888
       617.866
       617.843
       617.817
        617.79
       617.761
       617.729
       617.695
       617.659
       617.619
       617.578
       617.533
       617.485
       617.434
        617.38
       617.322
        617.26
       617.195
       617.126
       617.053
       616.976
       616.895
        616.81
        616.72
       616.626
       616.528
       616.425
       616.319
       616.209
       616.095
       615.977
       615.857
       615.734
       615.609
       615.483
       615.356
       615.229
       615.104
        615.68
        616.27
       616.871
       617.259
       617.664
        618.09
       618.529
       618.996
       619.492
       619.889
       620.323
       620.799
       621.417
       622.083
       622.796
       623.623
       624.509
       625.457
       626.502
       627.619
       628.797
       629.491
       630.173
       630.821
       630.793
       630.752
       630.708
       630.917
       631.109
       631.389
       632.124
       632.838
       633.607
       634.479
       635.334
       636.173
       636.775
       637.296
       637.764
       638.078
       638.371
       638.615
       638.742
       638.843
       638.771
       638.615
       638.445
       638.263
       638.081
       637.896
       637.707
       637.472
       637.263
       637.184
       637.272
       637.254
       636.953
       636.539
       636.209
       635.875
       635.415
       634.567
       633.481
       632.392
       631.512
       630.754
       629.735
       628.462
       628.952
       628.301
       627.419
       626.211
        624.17
       622.024
       619.828
       617.894
       617.296
       617.247
       617.151
       617.036
       616.909
       616.787
       615.487
       613.863
       612.305
       610.836
       608.753
       606.606
       604.481
       602.716
       601.598
       600.572
       599.639
        598.39
       597.221
       595.447
       593.195
       591.029
       588.982
       587.077
       585.248
       583.499
        581.84
       580.257
       578.742
       577.293
       575.911
       574.603
       573.546
       595.773
       595.616
       572.992
       587.503
       587.503
       587.502
       587.501
         587.5
       587.498
       587.495
       587.491
       587.488
       587.483
       587.478
       587.472
       587.465
       587.458
        587.45
       587.441
       587.431
        587.42
       587.408
       587.395
        587.38
       587.365
       587.348
       587.329
       587.309
       587.287
       587.264
       587.238
       587.211
       587.181
       587.149
       587.114
       587.077
       587.037
       586.994
       586.948
       586.899
       586.847
        586.79
        586.73
       586.667
       586.599
       586.527
        586.45
       586.369
       586.283
       586.192
       586.096
       585.996
        585.89
       585.779
       585.663
       585.542
       585.416
       585.285
        585.15
       585.011
       584.868
       584.722
       584.574
       584.424
       584.274
       584.893
       585.525
       586.166
        586.57
       586.991
       587.431
       587.882
        588.36
       588.866
        589.26
       589.689
        590.16
       590.784
       591.454
       592.172
       593.009
       593.905
       594.865
       595.923
       597.055
       598.248
       598.908
       599.572
       600.199
       600.085
       599.958
       599.832
       599.986
       600.125
       600.365
       601.108
       601.831
       602.619
       603.522
        604.41
       605.279
        605.89
       606.415
       606.886
       607.192
       607.476
       607.709
       607.814
       607.895
       607.785
        607.59
       607.384
        607.17
       606.965
       606.769
       606.565
        606.31
       606.079
       605.989
       606.098
       606.101
       605.804
       605.393
       605.083
       604.781
       604.351
       603.505
       602.409
       601.321
       600.476
       599.777
       598.803
        597.56
        598.27
        597.73
       596.944
       595.808
       593.761
       591.605
       589.401
       587.495
       587.068
       587.248
       587.381
       587.493
       587.592
       587.695
       586.498
       584.939
       583.449
        582.05
        579.97
       577.812
        575.67
       573.919
       572.872
       571.918
       571.059
       569.842
       568.706
       566.894
       564.547
       562.284
       560.142
       558.147
       556.226
       554.381
       552.625
       550.942
       549.323
       547.769
       546.277
       544.861
       543.714
       568.233
       568.071
       543.128
       556.929
       556.929
       556.928
       556.927
       556.926
       556.924
       556.921
       556.918
       556.914
       556.909
       556.904
       556.899
       556.892
       556.885
       556.877
       556.868
       556.858
       556.847
       556.835
       556.822
       556.808
       556.792
       556.775
       556.757
       556.737
       556.715
       556.691
       556.666
       556.638
       556.608
       556.575
        556.54
       556.502
       556.462
       556.418
       556.371
        556.32
       556.266
       556.208
       556.146
        556.08
       556.009
       555.934
       555.853
       555.768
       555.677
       555.581
       555.479
       555.371
       555.257
       555.138
       555.012
       554.879
       554.741
       554.596
       554.445
       554.289
       554.127
       553.961
        553.79
       553.615
       553.438
       554.098
        554.77
       555.449
       555.867
         556.3
       556.752
       557.212
       557.698
       558.212
       558.599
       559.021
       559.484
       560.109
       560.781
         561.5
       562.344
       563.247
       564.214
       565.283
       566.423
        567.62
       568.248
       568.892
       569.497
       569.293
       569.078
       568.868
       568.967
       569.052
        569.25
       570.001
       570.734
        571.54
       572.474
       573.394
       574.294
       574.914
       575.443
       575.918
       576.217
       576.493
       576.714
       576.798
       576.858
       576.712
       576.479
       576.241
       575.999
       575.778
       575.569
       575.352
        575.08
       574.834
        574.74
       574.869
       574.892
       574.599
       574.191
       573.904
       573.634
       573.236
       572.392
       571.287
       570.201
       569.391
       568.752
       567.825
       566.613
       567.542
       567.113
       566.424
       565.359
       563.305
        561.14
       558.928
       557.047
       556.789
       557.199
        557.56
       557.899
       558.224
       558.553
       557.458
       555.965
       554.543
       553.216
        551.14
       548.971
       546.813
       545.076
       544.102
       543.223
       542.439
       541.258
       540.157
       538.309
       535.867
       533.509
       531.273
       529.188
       527.173
       525.232
       523.375
       521.588
       519.861
       518.194
       516.587
       515.055
       513.812
       540.633
       540.463
       513.184
       526.356
       526.356
       526.356
       526.355
       526.353
       526.351
       526.349
       526.345
       526.342
       526.337
       526.332
       526.327
        526.32
       526.313
       526.305
       526.296
       526.287
       526.276
       526.264
       526.251
       526.237
       526.222
       526.205
       526.187
       526.166
       526.145
       526.121
       526.095
       526.067
       526.037
       526.004
       525.968
        525.93
       525.888
       525.844
       525.796
       525.744
       525.688
       525.628
       525.564
       525.495
       525.422
       525.343
       525.259
       525.169
       525.074
       524.972
       524.864
       524.749
       524.627
       524.498
       524.361
       524.218
       524.066
       523.907
        523.74
       523.565
       523.384
       523.195
           523
       522.799
       522.593
       523.292
       524.002
       524.718
       525.147
        525.59
        526.05
       526.518
       527.009
       527.527
       527.904
       528.316
       528.768
       529.392
       530.062
       530.779
       531.628
       532.534
       533.505
       534.581
       535.728
       536.931
       537.515
       538.132
       538.711
       538.415
        538.11
       537.813
       537.855
       537.885
       538.041
         538.8
       539.542
       540.365
       541.332
       542.283
       543.214
       543.843
       544.378
       544.858
       545.149
       545.417
       545.627
       545.691
        545.73
        545.55
       545.282
       545.015
        544.75
       544.515
       544.295
       544.069
       543.783
       543.524
       543.431
       543.581
       543.626
       543.338
       542.934
       542.671
       542.435
       542.069
       541.229
       540.116
       539.033
        538.26
       537.681
       536.801
       535.619
       536.768
        536.45
       535.857
       534.863
       532.802
       530.625
       528.404
       526.549
       526.459
       527.098
       527.687
       528.253
       528.803
       529.357
       528.364
       526.937
       525.584
       524.332
       522.259
        520.08
       517.908
       516.188
        515.29
       514.488
       513.783
       512.639
       511.575
       509.693
       507.159
       504.708
        502.38
       500.205
       498.096
       496.056
       494.096
         492.2
       490.359
       488.572
       486.841
       485.184
       483.835
       512.968
       512.788
       483.151
        495.78
        495.78
        495.78
       495.779
       495.777
       495.775
       495.773
        495.77
       495.766
       495.762
       495.757
       495.751
       495.745
       495.738
       495.731
       495.722
       495.712
       495.702
        495.69
       495.678
       495.664
       495.648
       495.632
       495.613
       495.593
       495.571
       495.548
       495.522
       495.494
       495.463
        495.43
       495.394
       495.355
       495.313
       495.267
       495.218
       495.165
       495.108
       495.046
        494.98
       494.909
       494.833
       494.751
       494.663
       494.569
       494.469
       494.361
       494.247
       494.125
       493.995
       493.856
       493.709
       493.554
       493.389
       493.214
       493.031
       492.838
       492.635
       492.423
       492.203
       491.974
       491.738
       492.475
        493.22
        493.97
       494.409
       494.859
       495.326
       495.797
       496.291
       496.811
       497.175
       497.574
       498.012
       498.631
       499.296
       500.009
       500.858
       501.766
       502.738
       503.818
       504.969
       506.175
       506.707
       507.289
       507.838
       507.445
       507.048
       506.662
       506.647
       506.621
       506.733
         507.5
       508.251
       509.093
       510.091
       511.073
       512.036
       512.674
       513.215
       513.702
       513.986
       514.245
       514.444
       514.489
       514.506
       514.295
       513.995
       513.703
       513.419
       513.172
       512.946
       512.713
       512.418
       512.151
        512.06
       512.227
       512.302
       512.021
       511.623
       511.385
       511.185
       510.852
       510.017
       508.895
       507.816
       507.081
       506.564
        505.73
       504.578
       505.946
        505.74
       505.243
       504.319
       502.249
        500.06
       497.829
       495.997
       496.074
       496.941
       497.758
       498.551
       499.326
       500.104
       499.212
       497.851
       496.567
        495.39
       493.324
       491.137
       488.954
       487.253
       486.433
       485.712
       485.089
       483.987
       482.964
       481.051
       478.428
       475.886
       473.468
       471.204
       469.001
        466.86
       464.795
       462.784
       460.821
       458.904
       457.038
       455.244
       453.775
       485.231
       485.037
       453.015
       465.196
       465.196
       465.195
       465.194
       465.193
       465.191
       465.189
       465.186
       465.182
       465.178
       465.173
       465.168
       465.162
       465.155
       465.148
       465.139
        465.13
        465.12
       465.108
       465.096
       465.082
       465.067
        465.05
       465.032
       465.012
       464.991
       464.967
       464.941
       464.913
       464.882
       464.848
       464.812
       464.773
        464.73
       464.684
       464.633
       464.579
       464.521
       464.457
       464.389
       464.316
       464.237
       464.152
       464.061
       463.963
       463.857
       463.745
       463.624
       463.495
       463.357
       463.209
       463.052
       462.884
       462.706
       462.517
       462.316
       462.103
       461.879
       461.644
       461.397
       461.139
        460.87
       461.643
       462.423
       463.204
        463.65
       464.106
       464.577
       465.049
       465.543
       466.062
        466.41
       466.792
       467.213
       467.825
       468.482
       469.186
       470.033
        470.94
       471.911
       472.993
       474.147
       475.351
       475.823
       476.354
       476.871
       476.379
       475.886
       475.409
       475.335
       475.254
       475.323
       476.098
       476.857
       477.717
       478.747
        479.76
       480.754
       481.403
       481.953
       482.445
       482.722
       482.973
       483.161
       483.185
       483.183
       482.942
       482.613
       482.299
       482.001
       481.748
       481.519
       481.286
       480.986
       480.714
       480.629
       480.817
       480.922
        480.65
        480.26
       480.047
       479.883
       479.584
       478.755
       477.626
       476.551
       475.854
         475.4
       474.612
        473.49
       475.078
       474.983
       474.581
       473.726
       471.646
       469.443
         467.2
       465.389
       465.631
       466.726
       467.768
       468.787
       469.787
        470.79
       469.999
       468.704
       467.491
        466.39
       464.331
       462.139
       459.947
       458.269
       457.531
       456.895
       456.358
       455.302
       454.324
       452.385
       449.678
       447.048
       444.543
       442.193
       439.897
       437.654
       435.478
       433.348
       431.253
       429.195
       427.179
       425.231
       423.625
       457.414
       457.202
       422.758
       434.598
       434.598
       434.598
       434.597
       434.595
       434.594
       434.591
       434.588
       434.585
       434.581
       434.577
       434.571
       434.566
       434.559
       434.552
       434.544
       434.534
       434.524
       434.513
       434.501
       434.488
       434.473
       434.456
       434.438
       434.419
       434.397
       434.373
       434.348
       434.319
       434.289
       434.255
       434.218
       434.178
       434.135
       434.088
       434.037
       433.982
       433.922
       433.857
       433.787
       433.712
        433.63
       433.542
       433.448
       433.346
       433.236
       433.119
       432.992
       432.856
        432.71
       432.554
       432.386
       432.207
       432.015
        431.81
       431.592
        431.36
       431.114
       430.854
        430.58
       430.292
        429.99
       430.797
       431.609
        432.42
       432.871
        433.33
       433.801
       434.272
       434.764
       435.278
       435.608
        435.97
        436.37
       436.971
       437.618
       438.311
       439.153
       440.055
       441.023
       442.107
       443.262
       444.464
       444.872
       445.341
       445.805
        445.21
       444.617
       444.047
       443.913
       443.779
       443.808
        444.59
       445.356
       446.233
       447.295
        448.34
       449.367
       450.028
       450.586
       451.086
       451.354
       451.596
       451.772
       451.774
       451.755
       451.486
        451.13
       450.798
        450.49
       450.237
       450.011
       449.784
       449.485
       449.214
       449.142
        449.36
       449.492
       449.229
       448.844
       448.658
        448.53
       448.266
       447.443
       446.307
       445.238
       444.579
       444.187
       443.446
       442.354
       444.162
       444.177
        443.87
       443.083
       440.992
       438.774
       436.516
       434.723
       435.129
       436.449
       437.715
       438.958
       440.183
        441.41
       440.721
       439.493
       438.351
       437.327
       435.278
       433.083
       430.886
       429.234
       428.584
       428.037
       427.592
       426.587
       425.659
         423.7
       420.913
       418.201
       415.613
       413.181
       410.793
       408.448
       406.159
       403.903
       401.666
       399.452
       397.268
       395.143
       393.374
       429.504
       429.268
       392.357
       403.982
       403.982
       403.982
       403.981
        403.98
       403.978
       403.976
       403.973
        403.97
       403.966
       403.962
       403.957
       403.951
       403.945
       403.938
        403.93
       403.921
       403.911
       403.901
       403.889
       403.875
       403.861
       403.845
       403.827
       403.808
       403.786
       403.763
       403.737
       403.709
       403.678
       403.644
       403.608
       403.567
       403.524
       403.476
       403.424
       403.368
       403.307
       403.241
       403.169
       403.092
       403.008
       402.918
        402.82
       402.715
       402.601
       402.479
       402.346
       402.204
       402.051
       401.886
       401.709
       401.518
       401.313
       401.094
       400.858
       400.607
       400.339
       400.053
       399.751
       399.431
       399.095
       399.934
       400.777
       401.616
       402.069
       402.529
       402.999
       403.465
       403.951
       404.459
       404.766
       405.105
       405.482
        406.07
       406.702
        407.38
       408.214
       409.108
       410.072
       411.157
       412.316
       413.521
       413.871
       414.276
       414.682
       413.971
       413.274
       412.608
       412.408
       412.212
       412.189
       412.973
       413.743
       414.635
       415.732
       416.808
       417.869
       418.543
       419.112
       419.619
       419.877
       420.108
       420.271
       420.251
       420.213
       419.919
        419.54
       419.195
       418.882
       418.635
        418.42
       418.205
       417.916
       417.654
       417.601
       417.854
       418.012
       417.756
       417.378
       417.217
       417.127
       416.898
       416.082
        414.94
       413.876
       413.256
       412.927
       412.232
        411.17
       413.198
       413.324
        413.11
       412.391
       410.287
        408.05
       405.774
       403.998
       404.566
       406.109
       407.597
       409.062
        410.51
       411.962
       411.374
       410.212
       409.142
       408.198
        406.16
       403.966
       401.767
       400.145
       399.588
       399.137
       398.789
       397.842
       396.971
       394.998
       392.138
       389.352
       386.688
       384.178
       381.702
       379.257
       376.853
       374.463
       372.074
       369.686
        367.31
       364.977
       363.013
       401.485
       401.219
       361.784
       373.343
       373.343
       373.343
       373.342
       373.341
        373.34
       373.337
       373.335
       373.332
       373.328
       373.324
       373.319
       373.314
       373.308
       373.301
       373.294
       373.285
       373.276
       373.265
       373.254
       373.241
       373.227
       373.211
       373.194
       373.175
       373.153
        373.13
       373.105
       373.077
       373.046
       373.012
       372.975
       372.935
       372.891
       372.843
        372.79
       372.733
       372.671
       372.604
       372.531
       372.452
       372.366
       372.273
       372.173
       372.065
       371.947
        371.82
       371.683
       371.535
       371.376
       371.203
       371.016
       370.815
       370.598
       370.364
       370.112
       369.841
       369.551
        369.24
       368.909
       368.557
       368.185
       369.055
       369.926
       370.791
       371.245
       371.702
       372.168
       372.627
       373.104
       373.602
       373.885
       374.198
       374.547
       375.117
       375.733
       376.394
       377.216
       378.095
       379.053
        380.14
       381.307
       382.526
       382.831
       383.188
       383.549
       382.729
       381.929
       381.162
       380.887
       380.608
       380.516
       381.285
       382.047
       382.946
       384.059
       385.161
       386.254
       386.945
       387.528
       388.041
       388.289
       388.506
       388.652
       388.607
       388.552
       388.232
       387.833
       387.479
        387.17
       386.937
       386.743
       386.549
       386.278
       386.033
       386.008
       386.305
       386.484
       386.232
        385.86
       385.726
       385.673
       385.481
       384.671
       383.525
       382.467
       381.886
        381.62
       380.971
       379.938
       382.187
       382.422
       382.302
       381.649
       379.531
       377.275
       374.978
       373.215
       373.941
       375.703
        377.41
       379.095
       380.764
        382.44
       381.952
       380.856
       379.859
       378.997
       376.973
       374.782
       372.585
           371
       370.541
       370.192
        369.95
       369.067
       368.261
       366.283
        363.36
       360.508
       357.777
       355.197
        352.64
       350.097
       347.578
        345.05
       342.496
       339.915
       337.319
        334.74
       332.533
       373.336
       373.034
       331.004
       342.677
       342.677
       342.676
       342.676
       342.675
       342.673
       342.671
       342.669
       342.666
       342.662
       342.659
       342.654
       342.649
       342.643
       342.637
        342.63
       342.622
       342.613
       342.602
       342.591
       342.579
       342.565
        342.55
       342.533
       342.514
       342.494
       342.471
       342.446
       342.418
       342.387
       342.353
       342.316
       342.276
       342.232
       342.183
        342.13
       342.073
        342.01
       341.942
       341.867
       341.787
         341.7
       341.605
       341.502
       341.391
       341.271
        341.14
       340.999
       340.846
        340.68
       340.501
       340.306
       340.095
       339.867
       339.619
       339.352
       339.062
        338.75
       338.415
       338.054
        337.67
        337.26
        338.16
       339.057
       339.945
       340.396
       340.849
       341.308
       341.756
       342.223
       342.708
       342.964
       343.247
       343.561
       344.113
       344.709
        345.35
       346.161
       347.037
       347.992
       349.083
       350.258
       351.486
       351.751
       352.072
       352.399
       351.479
       350.578
        349.71
       349.359
       349.001
       348.841
       349.591
       350.335
       351.225
       352.339
       353.447
       354.554
       355.249
       355.832
       356.354
       356.587
       356.783
       356.906
       356.833
       356.759
       356.414
       355.997
       355.641
       355.345
       355.139
       354.976
       354.816
       354.573
       354.355
       354.366
       354.709
       354.904
       354.655
       354.289
       354.182
       354.168
       354.014
       353.213
       352.062
       351.011
        350.47
       350.267
       349.665
        348.66
       351.129
       351.473
       351.447
        350.86
       348.726
       346.448
       344.129
       342.375
       343.253
       345.229
       347.152
       349.053
        350.94
       352.838
       352.449
       351.419
       350.496
       349.716
       347.709
       345.527
       343.337
       341.793
        341.44
         341.2
       341.071
       340.262
       339.532
       337.558
       334.584
       331.678
       328.892
       326.255
       323.626
       320.993
       318.361
       315.691
       312.961
       310.166
       307.315
       304.443
        301.93
       345.032
       344.686
        299.98
       311.977
       311.977
       311.977
       311.976
       311.975
       311.974
       311.972
        311.97
       311.967
       311.964
        311.96
       311.956
       311.951
       311.946
        311.94
       311.933
       311.925
       311.917
       311.907
       311.897
       311.885
       311.872
       311.857
        311.84
       311.822
       311.802
        311.78
       311.755
       311.727
       311.697
       311.663
       311.626
       311.586
       311.541
       311.493
       311.439
       311.381
       311.318
       311.249
       311.174
       311.092
       311.003
       310.907
       310.803
       310.689
       310.567
       310.433
       310.289
       310.132
       309.961
       309.776
       309.575
       309.356
       309.117
       308.858
       308.576
       308.269
       307.936
       307.575
       307.187
       306.769
       306.321
       307.247
       308.168
       309.077
       309.524
       309.971
        310.42
       310.851
       311.305
       311.775
       312.002
       312.258
       312.551
       313.092
       313.679
       314.313
       315.124
       316.001
       316.954
       318.044
        319.22
        320.45
       320.673
        320.96
       321.254
       320.235
       319.236
       318.271
       317.846
       317.411
       317.179
       317.902
       318.621
       319.491
       320.606
       321.722
       322.832
       323.503
       324.062
       324.565
       324.769
       324.933
       325.024
       324.916
       324.821
        324.45
       324.017
       323.665
       323.396
       323.236
       323.118
       323.006
       322.804
       322.623
       322.682
       323.052
       323.263
        323.02
       322.662
       322.585
       322.613
       322.497
       321.707
       320.553
       319.509
       319.009
        318.87
       318.313
       317.335
       320.024
       320.478
       320.545
       320.024
       317.874
       315.573
       313.228
       311.478
       312.503
       314.686
       316.816
       318.927
       321.028
       323.146
       322.853
       321.889
       321.041
       320.347
       318.361
       316.192
       314.015
        312.52
       312.279
       312.158
       312.151
       311.426
       310.782
       308.826
       305.814
       302.871
       300.046
       297.368
       294.682
       291.972
       289.236
       286.425
        283.51
       280.479
       277.335
       274.111
       271.212
        316.54
       316.144
       268.677
        281.24
        281.24
        281.24
       281.239
       281.238
       281.237
       281.235
       281.233
       281.231
       281.228
       281.224
        281.22
       281.216
       281.211
       281.205
       281.199
       281.192
       281.184
       281.175
       281.165
       281.153
       281.141
       281.127
       281.111
       281.093
       281.074
       281.052
       281.027
           281
        280.97
       280.937
         280.9
        280.86
       280.815
       280.766
       280.713
       280.655
       280.591
       280.521
       280.445
       280.363
       280.273
       280.176
        280.07
       279.955
        279.83
       279.695
       279.548
       279.388
       279.214
       279.025
       278.819
       278.593
       278.347
       278.077
       277.783
        277.46
       277.107
       276.723
       276.306
       275.856
        275.37
       276.319
        277.26
       278.186
       278.626
       279.068
        279.51
       279.937
       280.386
       280.854
       281.066
       281.307
       281.586
       282.116
       282.692
       283.314
        284.12
       284.992
       285.938
       287.027
       288.202
       289.433
       289.612
       289.861
       290.122
       289.007
       287.914
       286.855
       286.362
       285.854
       285.553
        286.25
       286.938
       287.782
       288.886
       289.994
       291.095
       291.731
       292.246
       292.697
       292.834
       292.946
       292.992
       292.839
       292.723
        292.32
       291.868
       291.529
       291.311
       291.217
       291.168
       291.119
       290.972
       290.838
       290.928
       291.314
        291.55
        291.32
       290.978
       290.936
       291.007
       290.933
       290.155
       288.999
       287.964
       287.504
       287.428
       286.916
       285.965
       288.874
       289.437
       289.598
       289.143
       286.978
       284.653
       282.281
       280.529
       281.692
       284.073
       286.399
       288.712
       291.019
       293.352
       293.153
       292.252
       291.482
       290.879
        288.92
       286.769
       284.612
       283.173
       283.055
        283.06
       283.186
       282.556
       282.011
       280.088
       277.055
       274.094
       271.253
       268.556
       265.836
       263.068
       260.242
         257.3
       254.197
       250.913
       247.435
       243.794
       240.409
       287.824
       287.372
       237.073
        250.46
        250.46
        250.46
       250.459
       250.458
       250.457
       250.456
       250.454
       250.452
       250.449
       250.446
       250.442
       250.438
       250.434
       250.429
       250.423
       250.416
       250.409
         250.4
       250.391
        250.38
       250.368
       250.355
        250.34
       250.323
       250.304
       250.282
       250.259
       250.232
       250.202
        250.17
       250.133
       250.093
       250.048
       249.999
       249.946
       249.887
       249.823
       249.753
       249.677
       249.594
       249.503
       249.405
       249.299
       249.183
       249.057
       248.921
       248.772
       248.611
       248.435
       248.244
       248.034
       247.804
       247.552
       247.276
       246.973
       246.637
       246.265
       245.857
       245.414
       244.934
       244.415
       245.395
       246.367
       247.323
       247.768
       248.211
       248.655
       249.085
       249.531
       249.995
       250.189
       250.412
        250.67
       251.188
       251.748
       252.354
       253.147
       254.006
       254.941
       256.022
       257.193
       258.425
       258.557
       258.769
       258.998
       257.792
       256.612
       255.468
       254.913
       254.336
       253.971
       254.645
       255.301
       256.114
       257.194
       258.272
       259.347
       259.941
         260.4
       260.781
       260.839
       260.871
       260.845
       260.621
       260.456
       260.048
       259.649
       259.368
       259.218
        259.21
        259.22
       259.217
       259.097
       258.981
       259.071
       259.482
       259.756
       259.554
       259.235
       259.233
       259.353
       259.324
        258.56
       257.404
       256.377
       255.958
       255.943
       255.475
        254.55
       257.678
       258.351
       258.606
       258.221
       256.042
       253.695
       251.293
       249.534
       250.825
       253.391
       255.899
       258.398
       260.901
       263.444
       263.334
       262.497
       261.805
       261.299
       259.373
       257.249
        255.12
       253.747
        253.76
       253.901
       254.169
       253.646
       253.215
       251.342
       248.311
       245.357
       242.527
       239.841
       237.117
       234.321
       231.432
       228.378
       225.097
       221.551
       217.706
       213.576
       209.585
       258.845
       258.332
        205.18
       219.632
       219.632
       219.632
       219.632
       219.631
        219.63
       219.629
       219.627
       219.625
       219.623
        219.62
       219.617
       219.613
       219.609
       219.604
       219.599
       219.593
       219.586
       219.578
        219.57
        219.56
       219.549
       219.536
       219.522
       219.506
       219.488
       219.467
       219.444
       219.418
       219.389
       219.356
        219.32
        219.28
       219.236
       219.187
       219.133
       219.074
        219.01
        218.94
       218.863
        218.78
       218.689
       218.591
       218.484
       218.367
       218.241
       218.105
       217.957
       217.795
       217.619
       217.427
       217.218
       216.987
       216.728
       216.451
       216.144
       215.804
       215.424
       215.014
       214.565
       214.072
       213.533
       214.556
       215.561
       216.543
        216.99
       217.431
       217.873
       218.299
        218.74
       219.198
       219.372
       219.572
       219.806
       220.305
       220.844
       221.425
       222.199
       223.038
       223.954
       225.022
       226.185
       227.413
       227.498
       227.675
       227.878
       226.588
       225.331
       224.112
       223.505
       222.867
       222.445
       223.098
       223.721
       224.495
       225.534
       226.567
       227.604
       228.137
       228.535
       228.846
        228.82
       228.767
       228.669
       228.394
       228.234
       227.856
       227.492
       227.254
       227.156
       227.201
       227.273
       227.305
       227.196
       227.067
       227.151
       227.585
       227.897
       227.725
       227.437
        227.48
       227.652
       227.671
       226.923
        225.77
       224.754
       224.376
       224.423
       223.996
       223.093
       226.436
       227.217
        227.57
       227.258
       225.074
       222.711
       220.281
       218.509
       219.915
       222.646
       225.314
       227.979
       230.661
       233.401
       233.374
       232.599
       231.992
       231.592
       229.708
       227.623
       225.533
       224.235
       224.388
       224.674
       225.093
       224.688
       224.387
       222.584
        219.58
       216.664
       213.881
       211.244
       208.558
       205.776
       202.866
       199.736
       196.305
       192.507
       188.277
       183.595
       178.865
       229.569
       228.993
       173.083
       188.752
       188.752
       188.752
       188.752
       188.751
        188.75
       188.749
       188.748
       188.746
       188.744
       188.741
       188.739
       188.735
       188.732
       188.728
       188.723
       188.718
       188.711
       188.705
       188.697
       188.688
       188.678
       188.666
       188.653
       188.637
        188.62
         188.6
       188.578
       188.553
       188.524
       188.492
       188.456
       188.416
       188.372
       188.323
       188.269
        188.21
       188.146
       188.075
       187.999
       187.915
       187.825
       187.727
        187.62
       187.502
       187.377
       187.242
       187.097
       186.934
       186.759
        186.57
       186.366
       186.143
       185.899
       185.637
       185.349
       185.027
       184.667
       184.266
       183.817
       183.315
       182.756
       183.815
       184.847
        185.85
       186.292
       186.727
       187.163
        187.58
       188.013
       188.461
       188.611
       188.785
        188.99
       189.466
       189.978
       190.528
       191.274
       192.082
       192.968
       194.014
       195.162
       196.384
       196.421
       196.566
       196.752
       195.391
       194.071
       192.793
       192.147
       191.462
       190.991
       191.625
       192.212
        192.94
       193.932
       194.907
       195.883
       196.335
       196.652
        196.89
       196.781
       196.649
       196.542
       196.287
       196.144
       195.781
       195.433
       195.211
       195.129
       195.206
       195.313
       195.383
         195.3
       195.177
       195.258
         195.7
       196.013
       195.855
       195.591
       195.678
       195.903
       195.973
       195.248
       194.102
       193.101
       192.766
       192.873
       192.482
       191.594
       195.146
       196.033
       196.486
       196.257
        194.08
       191.714
       189.268
       187.484
       188.987
       191.855
       194.651
       197.448
       200.282
       203.205
       203.251
       202.535
       202.019
       201.736
        199.91
       197.878
       195.844
       194.633
       194.933
       195.369
       195.946
       195.669
       195.514
       193.805
       190.858
       188.018
       185.327
       182.789
       180.193
       177.482
        174.61
       171.465
        167.94
       163.932
       159.333
       154.061
       148.469
       199.974
       199.336
       141.001
       157.814
       157.814
       157.814
       157.814
       157.814
       157.813
       157.812
       157.811
       157.809
       157.807
       157.805
       157.803
         157.8
       157.797
       157.794
        157.79
       157.785
        157.78
       157.774
       157.767
       157.759
        157.75
       157.739
       157.727
       157.713
       157.696
       157.678
       157.656
       157.631
       157.603
       157.572
       157.536
       157.497
       157.452
       157.403
       157.349
        157.29
       157.226
       157.155
       157.078
       156.995
       156.905
       156.809
       156.702
       156.581
       156.456
       156.326
        156.19
       156.039
       155.883
       155.718
       155.539
       155.345
       155.131
       154.897
       154.635
       154.339
       154.003
       153.619
       153.178
       152.672
       152.096
       153.183
       154.233
       155.248
       155.677
       156.098
        156.52
       156.923
       157.342
       157.778
       157.903
        158.05
       158.224
       158.672
        159.15
        159.66
       160.366
       161.132
       161.976
       162.987
       164.109
        165.32
       165.308
       165.427
       165.608
       164.191
        162.83
       161.515
       160.853
       160.138
       159.629
       160.245
       160.791
       161.465
       162.398
       163.305
       164.205
       164.563
       164.785
       164.953
       164.801
       164.675
       164.574
       164.332
       164.205
        163.84
       163.481
       163.273
       163.213
       163.322
       163.444
       163.525
       163.452
       163.334
       163.399
       163.832
       164.134
       163.955
       163.697
       163.829
       164.107
       164.231
       163.534
       162.405
       161.428
       161.141
       161.307
       160.945
       160.058
       163.805
       164.789
       165.344
       165.212
       163.063
       160.723
       158.285
       156.499
       158.082
       161.045
       163.919
       166.802
       169.749
       172.828
       172.932
       172.274
       171.854
       171.707
       169.959
       168.006
       166.048
       164.938
       165.391
       165.976
       166.712
       166.569
       166.575
       164.985
       162.132
       159.416
       156.872
       154.494
       152.055
       149.488
       146.735
       143.664
       140.142
       136.019
       131.124
       125.287
        118.75
       170.076
       169.377
       109.374
       126.814
       126.814
       126.814
       126.814
       126.813
       126.813
       126.812
       126.811
        126.81
       126.808
       126.807
       126.805
       126.803
         126.8
       126.797
       126.794
        126.79
       126.786
       126.781
       126.775
       126.768
        126.76
       126.751
        126.74
       126.727
       126.712
       126.694
       126.673
        126.65
       126.622
       126.591
       126.556
       126.516
       126.472
       126.423
       126.367
       126.307
       126.244
       126.175
       126.096
       126.012
       125.924
       125.831
       125.732
       125.627
       125.523
       125.415
       125.302
       125.181
       125.053
       124.916
       124.768
       124.605
       124.426
       124.226
           124
        123.74
       123.438
       123.084
       122.663
       122.161
       121.567
       122.672
       123.725
       124.735
       125.138
       125.536
       125.938
       126.323
       126.725
       127.147
       127.246
       127.366
       127.507
       127.924
       128.363
       128.825
       129.479
       130.188
       130.972
       131.928
       133.008
       134.196
       134.132
       134.231
       134.423
       132.977
       131.606
       130.289
       129.642
       128.921
       128.386
       128.986
       129.484
       130.089
       130.944
       131.765
       132.579
       132.842
       132.987
       133.117
       132.963
        132.87
        132.79
       132.563
        132.45
       132.071
       131.684
       131.468
       131.447
       131.581
       131.712
       131.789
       131.691
        131.56
       131.581
       131.974
       132.247
       132.036
       131.782
        131.94
       132.261
       132.439
        131.78
       130.683
       129.747
       129.517
       129.741
       129.399
       128.493
       132.402
       133.467
       134.124
       134.109
       132.029
       129.765
       127.381
       125.618
       127.257
       130.257
       133.137
       136.032
       139.028
       142.223
       142.368
       141.767
       141.461
       141.474
       139.838
       138.002
       136.152
        135.16
       135.764
       136.486
       137.368
       137.355
       137.534
       136.093
       133.381
       130.851
       128.522
       126.378
       124.175
        121.84
       119.308
       116.435
        113.06
        108.99
       103.974
       97.7137
       90.2581
       139.951
       139.195
       79.0125
       95.7457
       95.7459
       95.7459
       95.7458
       95.7456
       95.7451
       95.7445
       95.7438
       95.7429
       95.7418
       95.7405
       95.7391
       95.7374
       95.7354
       95.7332
       95.7307
       95.7277
       95.7244
       95.7205
       95.7159
       95.7106
       95.7042
       95.6965
       95.6871
       95.6755
       95.6614
       95.6446
        95.625
       95.6024
       95.5758
       95.5444
       95.5091
         95.47
       95.4266
       95.3768
       95.3158
       95.2552
       95.1939
       95.1321
       95.0608
       94.9932
       94.9248
       94.8539
       94.7796
       94.7022
       94.6227
       94.5403
       94.4537
       94.3618
       94.2639
       94.1588
       94.0445
       93.9187
       93.7788
       93.6211
       93.4402
       93.2281
       92.9751
       92.6671
       92.2844
       91.8022
       91.1935
       92.2995
       93.3283
         94.31
        94.673
       95.0374
       95.4105
       95.7704
       96.1525
       96.5587
       96.6356
       96.7333
       96.8461
       97.2328
       97.6284
       98.0325
       98.6215
       99.2534
       99.9522
       100.825
       101.831
       102.974
       102.852
       102.938
        103.16
       101.723
       100.396
       99.1293
       98.5406
       97.8467
       97.3049
       97.8854
       98.3207
       98.8348
       99.5786
       100.288
       101.013
       101.203
        101.31
       101.424
       101.267
       101.188
       101.131
       100.924
       100.829
        100.45
       100.053
       99.8288
       99.7754
       99.8734
       100.008
       100.069
       99.9472
       99.7366
       99.7115
       100.069
       100.329
         100.1
       99.8393
       99.9996
       100.351
       100.581
       99.9762
       98.9432
       98.0765
       97.9203
        98.206
       97.8775
       96.9216
       100.922
       102.026
       102.776
       102.908
       100.967
       98.8754
        96.639
       94.9513
       96.6122
       99.5601
       102.342
       105.137
       108.078
       111.319
       111.487
       110.954
       110.782
        110.99
       109.521
       107.864
       106.178
       105.329
       106.068
       106.894
       107.886
       107.982
       108.336
       107.079
       104.573
       102.311
       100.282
       98.4539
       96.5734
       94.5702
       92.3811
       89.8605
       86.8354
       83.0787
       78.2613
       71.9276
       63.8194
       109.782
        108.99
       51.2835
        64.605
       64.6052
       64.6053
       64.6052
        64.605
       64.6048
       64.6044
       64.6039
       64.6033
       64.6025
       64.6017
       64.6007
       64.5996
       64.5982
       64.5967
        64.595
        64.593
       64.5907
        64.588
       64.5849
       64.5811
       64.5765
       64.5707
       64.5633
       64.5535
       64.5404
       64.5244
        64.506
        64.485
       64.4601
       64.4266
       64.3904
        64.352
        64.311
        64.267
       64.2205
       64.1775
       64.1352
       64.0922
       64.0467
       64.0011
       63.9547
       63.9068
       63.8572
       63.8056
       63.7522
       63.6967
       63.6386
        63.577
       63.5114
       63.4409
       63.3638
       63.2784
       63.1827
       63.0736
       62.9458
       62.7934
       62.6066
       62.3701
       62.0596
        61.634
       61.0328
       62.0996
       63.0527
        63.963
       64.2665
       64.5876
       64.9262
       65.2561
       65.6129
       66.0036
       66.0699
       66.1597
       66.2546
       66.6113
       66.9594
       67.2989
       67.8067
       68.3396
       68.9221
       69.6665
       70.5472
       71.5998
       71.4115
       71.4844
       71.7567
       70.3986
       69.2022
       68.0684
       67.5948
       66.9729
       66.4491
       66.9958
       67.3473
        67.746
       68.3557
        68.942
        69.576
       69.6963
       69.7628
       69.8629
       69.7032
       69.6378
       69.6011
       69.4129
       69.3382
       68.9732
       68.5785
       68.3301
       68.2273
       68.2671
       68.3476
       68.3592
       68.1723
       67.9123
         67.86
       68.2032
       68.4283
         68.17
       67.8566
       67.9871
       68.3415
       68.6184
       68.0983
       67.1986
        66.454
       66.3947
       66.7461
       66.4431
       65.4153
       69.3349
       70.3928
       71.1987
       71.5119
       69.8352
       68.0896
       66.1808
       64.6874
       66.3185
       69.0757
       71.6078
        74.136
        76.845
       79.9944
       80.1783
        79.748
       79.7407
       80.1783
       78.9673
       77.6024
       76.1816
       75.5169
       76.3457
       77.1984
       78.2218
       78.3777
       78.8837
       77.8571
       75.6654
       73.7884
       72.1607
       70.7352
       69.2626
       67.6898
       65.9705
       63.9784
       61.5548
        58.475
       54.3736
       48.6573
       40.6389
       79.9224
       79.1573
       28.3722
       33.3865
       33.3867
       33.3868
       33.3868
       33.3867
       33.3866
       33.3864
       33.3861
       33.3858
       33.3854
        33.385
       33.3845
       33.3839
       33.3833
       33.3825
       33.3817
       33.3806
       33.3795
       33.3781
       33.3765
       33.3745
        33.372
       33.3688
       33.3643
       33.3572
        33.344
       33.3281
       33.3107
       33.2924
       33.2746
       33.2488
       33.2281
       33.2081
       33.1874
       33.1657
       33.1432
       33.1215
       33.0999
       33.0781
       33.0555
       33.0326
       33.0092
       32.9852
       32.9603
       32.9345
       32.9077
       32.8801
       32.8517
       32.8215
       32.7891
       32.7542
       32.7153
       32.6719
       32.6229
       32.5666
       32.5004
       32.4208
       32.3207
       32.1887
       32.0022
       31.7134
        31.208
       32.1278
       32.9004
       33.6555
       33.8957
       34.1755
       34.4776
       34.7735
       35.0941
       35.4572
       35.5405
       35.6515
       35.7547
       36.0759
       36.3734
       36.6476
       37.0555
        37.466
       37.8986
        38.452
       39.1121
        39.963
        39.733
       39.7846
       40.0795
       38.9562
       38.0492
       37.1775
       36.8675
       36.3799
       35.9278
       36.3803
       36.6142
       36.8702
       37.3156
        37.739
       38.2277
       38.2861
       38.3253
       38.4087
       38.2685
       38.2177
       38.1906
       38.0227
        37.961
       37.6394
       37.2893
       37.0448
       36.8875
       36.8437
        36.828
       36.7851
       36.5738
       36.2955
       36.1946
       36.4377
         36.58
       36.2971
       35.9698
       36.0403
       36.3054
       36.5502
       36.1615
       35.4856
       34.9569
       35.0122
       35.4044
       35.2066
       34.2267
       37.5744
       38.4432
       39.2068
        39.696
       38.5356
       37.4379
       36.1958
       35.1785
       36.6671
       38.9809
       41.0512
       43.0917
       45.2868
       48.0078
       48.2652
       48.0621
        48.255
       48.8893
       48.1066
       47.2394
       46.2842
       45.8859
       46.6785
       47.4117
        48.301
       48.4445
       48.9948
       48.2792
       46.6226
       45.3072
       44.1915
       43.2353
       42.2379
       41.1806
       40.0477
       38.7549
       37.1998
       35.2302
       32.5639
       28.6487
       22.4499
       50.9861
       50.4193
       13.5884
        2.0854
        2.0854
        2.0854
        2.0854
        2.0854
        2.0854
        2.0854
        2.0854
        2.0854
        2.0854
        2.0854
        2.0854
        2.0854
        2.0854
        2.0854
        2.0854
        2.0854
        2.0854
        2.0854
        2.0854
        2.0854
        2.0854
        2.0854
        2.0854
        2.0854
        2.0854
        2.0854
        2.0854
        2.0854
        2.0854
        2.0854
        2.0854
        2.0854
        2.0854
        2.0854
        2.0854
        2.0854
        2.0854
        2.0854
        2.0854
        2.0854
        2.0854
        2.0854
        2.0854
        2.0854
        2.0854
        2.0854
        2.0854
        2.0854
        2.0854
        2.0854
        2.0854
        2.0854
        2.0854
        2.0854
        2.0854
        2.0854
        2.0854
        2.0854
        2.0854
        2.0854
        2.0854
       2.47488
        2.8679
        3.2607
         3.527
       3.79329
       4.05955
        4.3198
       4.58004
       4.83948
        5.0254
       5.21132
       5.39797
       5.63935
       5.88073
       6.12089
       6.39333
       6.66578
       6.93859
       7.22722
       7.51586
        7.7962
       7.78634
       7.77649
       7.75505
       7.37386
       6.99268
       6.61826
       6.38906
       6.15986
       5.98922
       6.07603
       6.16285
       6.28992
       6.48196
         6.674
       6.86604
       6.94184
       6.98733
       7.01663
       6.97343
       6.92707
       6.86548
        6.7531
       6.64134
       6.45352
       6.24216
       6.04334
       5.85826
       5.69254
       5.52681
       5.35288
        5.1469
       4.94093
       4.79456
       4.74149
        4.6716
       4.50871
       4.34583
       4.29148
       4.30006
       4.30672
       4.16905
       3.97123
       3.84169
       3.89906
       4.09676
       4.23133
       4.30643
       5.42877
       5.99742
       6.50913
       6.90634
        6.9053
       6.90427
       6.93138
       7.15607
       8.16071
       9.49913
       10.8347
       12.1677
       13.4905
       14.8021
       15.4456
        15.882
       16.3183
       16.7612
       16.8221
       16.7952
       16.7279
       16.8073
       17.1896
       17.5719
       17.9542
       18.1128
        18.265
       18.0357
       17.4962
       16.9567
       16.4373
       15.9526
       15.4678
       14.9857
       14.5124
       14.0414
       13.5689
       13.0939
       12.6153
       12.1367
       11.7508
            24
            24
       11.7055
