160                           108.75                        
35                            108.75                        
34                            108.99                        
33                            109.92                        
32                            111.04                        
31                            112.28                        
30                            113.56                        
29                            114.85                        
28                            116.19                        
27                            117.53                        
26                            118.91                        
25                            120.32                        
24                            121.73                        
23                            123.2                         
22                            124.66                        
21                            126.16                        
20                            127.66                        
19                            129.18                        
18                            130.71                        
17                            132.25                        
16                            133.81                        
15                            129.05                        
14                            130.74                        
13                            128.02                        
12                            128.67                        
11                            132.73                        
10                            28.666                        
9                             21.635                        
7                             40.55                         
6                             26.173                        
5                             25.86                         
4                             24.519                        
3                             23.865                        
2                             21.514                        
1                             20.453                        
0                             19.626                        
