160                           5.3213                        
28                            5.3213                        
27                            6.6607                        
26                            7.8362                        
10                            69.119                        
9                             99.577                        
8                             99.036                        
7                             79.139                        
6                             53.824                        
5                             47.332                        
4                             41.941                        
3                             40.148                        
2                             39.158                        
1                             33.864                        
0                             21.305                        
