160                           55.81                         
35                            55.81                         
34                            57.322                        
33                            59.298                        
32                            61.335                        
31                            63.393                        
30                            65.365                        
29                            67.322                        
28                            69.261                        
27                            71.152                        
26                            73.047                        
25                            74.911                        
24                            76.728                        
23                            78.558                        
22                            80.314                        
21                            81.987                        
20                            83.627                        
19                            85.369                        
18                            87.021                        
17                            88.67                         
16                            90.334                        
15                            91.81                         
14                            88.28                         
13                            90.299                        
12                            97.594                        
11                            97.825                        
10                            99.51                         
9                             109.76                        
8                             93.978                        
7                             52.171                        
6                             37.516                        
5                             33.742                        
4                             32.215                        
3                             29.632                        
2                             26.552                        
1                             22.821                        
0                             19.166                        
