       919.854
        919.85
       919.848
       919.847
       919.845
       919.844
       919.843
       919.841
       919.839
       919.837
       919.835
       919.833
        919.83
       919.827
       919.823
       919.819
       919.815
        919.81
       919.805
       919.799
       919.793
       919.786
       919.778
        919.77
       919.761
       919.751
       919.741
       919.729
       919.717
       919.704
        919.69
       919.675
       919.658
       919.641
       919.622
       919.603
       919.582
        919.56
       919.537
       919.512
       919.487
       919.461
       919.433
       919.405
       919.375
       919.346
       919.316
       919.285
       919.255
       919.225
       919.196
       919.168
       919.142
       919.118
       919.098
       919.081
       919.069
       919.062
       919.062
        919.07
       919.087
       919.115
       919.155
        919.21
       919.282
       919.374
       919.486
       919.623
       919.787
       919.981
       920.207
       920.468
       920.766
       921.106
        921.49
        921.92
       922.401
       922.935
       923.525
       924.176
       924.889
       925.669
       926.464
       927.232
       927.978
       928.701
       929.404
       930.087
       930.751
       931.398
       932.027
        932.64
       933.237
       933.816
       934.377
        934.92
       935.446
       935.958
       936.455
       936.938
       937.407
       937.858
       938.287
       938.695
       939.083
       939.454
       939.808
        940.14
       940.445
       940.716
       940.945
       941.137
       941.292
        941.41
       941.465
       941.437
       941.324
       941.125
       940.836
       940.454
       939.976
       939.399
       938.718
       937.928
       937.028
       936.013
       934.881
       933.633
       932.268
       930.791
       929.212
       927.541
        925.78
       923.935
       922.011
       920.012
       917.941
       915.801
       913.597
       911.336
       909.038
       906.733
       904.443
       902.177
       899.944
       897.754
       895.617
       893.544
       891.545
       889.629
       887.796
       886.045
       884.377
       882.791
       881.288
       879.866
       878.526
       877.268
       876.091
       874.994
       873.975
       873.033
       872.168
       871.379
       870.664
       870.024
       869.457
       868.963
        868.54
        868.19
       867.912
       867.706
       867.576
       867.525
       889.178
       889.178
       889.177
       889.176
       889.174
       889.173
       889.172
        889.17
       889.168
       889.166
       889.164
       889.162
       889.159
       889.156
       889.152
       889.148
       889.144
       889.139
       889.134
       889.128
       889.122
       889.115
       889.107
       889.099
        889.09
        889.08
        889.07
       889.058
       889.046
       889.033
       889.019
       889.004
       888.987
        888.97
       888.951
       888.932
       888.911
       888.889
       888.865
       888.841
       888.815
       888.789
       888.761
       888.732
       888.703
       888.673
       888.643
       888.612
       888.581
       888.551
       888.522
       888.493
       888.467
       888.443
       888.421
       888.404
       888.391
       888.383
       888.382
       888.389
       888.405
       888.432
       888.525
       888.634
       888.759
       888.886
       889.034
       889.207
       889.405
       889.633
       889.893
       890.178
       890.501
       890.865
        891.28
       891.742
       892.252
       892.821
       893.446
       894.131
       894.881
         895.7
        896.53
       897.295
       898.037
       898.756
       899.404
       900.032
       900.642
       901.255
       901.851
       902.439
       903.046
       903.636
       904.213
       904.781
       905.332
       905.869
       906.376
       906.865
        907.33
       907.763
       908.171
       908.548
       908.898
       909.233
       909.541
       909.822
       910.088
       910.325
       910.524
       910.687
       910.823
       910.919
        910.95
       910.908
       910.795
       910.597
       910.296
       909.903
       909.429
       908.861
       908.188
        907.38
       906.452
        905.44
       904.356
       903.281
       902.033
       900.619
         899.2
        897.61
       895.922
       894.133
       892.209
        890.21
       888.143
       886.033
       883.969
       881.894
       879.781
       877.659
        875.55
       873.464
       871.316
       869.183
       867.103
       865.092
       863.104
       861.187
       859.347
        857.61
       855.995
       854.462
       853.012
       851.612
       850.294
       848.998
        847.74
       846.562
       845.465
        844.45
       843.512
        842.65
       841.867
        841.16
       840.527
       839.966
       839.473
       839.053
       838.717
       840.684
       840.553
       838.326
        858.56
        858.56
       858.559
       858.558
       858.557
       858.556
       858.555
       858.553
       858.551
       858.549
       858.547
       858.545
       858.542
       858.539
       858.535
       858.531
       858.527
       858.522
       858.517
       858.511
       858.505
       858.498
        858.49
       858.482
       858.473
       858.463
       858.453
       858.441
       858.429
       858.416
       858.402
       858.386
        858.37
       858.352
       858.334
       858.314
       858.293
        858.27
       858.247
       858.222
       858.196
       858.169
       858.141
       858.112
       858.082
       858.051
        858.02
       857.988
       857.957
       857.926
       857.895
       857.865
       857.837
       857.811
       857.788
       857.768
       857.753
       857.743
       857.739
       857.743
       857.755
       857.778
       857.922
        858.08
       858.256
       858.415
       858.595
       858.799
       859.029
       859.287
       859.578
       859.883
       860.225
       860.609
       861.051
        861.54
       862.076
       862.674
       863.329
       864.043
       864.824
       865.673
       866.541
       867.302
       868.041
       868.755
       869.348
        869.92
       870.476
       871.055
       871.617
        872.18
       872.797
       873.397
        873.99
       874.583
        875.16
       875.722
       876.238
       876.732
       877.192
       877.606
       877.993
       878.338
       878.651
       878.951
        879.21
       879.441
       879.667
       879.869
       880.038
       880.172
       880.288
       880.363
       880.374
       880.321
        880.21
       880.016
       879.707
       879.305
       878.838
       878.283
       877.621
       876.797
       875.844
       874.839
       873.805
        872.91
       871.782
       870.434
       869.175
       867.667
       866.052
       864.319
       862.395
       860.394
       858.328
       856.247
       854.318
       852.427
       850.498
       848.557
       846.626
       844.716
       842.652
       840.573
       838.548
       836.598
        834.62
         832.7
       830.852
       829.127
       827.565
       826.086
       824.688
       823.311
       822.013
        820.68
       819.341
       818.082
       816.907
       815.819
       814.808
       813.872
       813.021
       812.249
       811.549
        810.92
       810.357
       809.865
       809.471
       813.616
       813.484
       809.072
       827.991
       827.991
       827.991
        827.99
       827.989
       827.988
       827.987
       827.985
       827.984
       827.982
       827.979
       827.977
       827.974
       827.971
       827.967
       827.963
       827.959
       827.954
       827.949
       827.943
       827.937
        827.93
       827.922
       827.914
       827.905
       827.895
       827.885
       827.873
       827.861
       827.848
       827.833
       827.818
       827.801
       827.783
       827.764
       827.744
       827.723
         827.7
       827.676
       827.651
       827.625
       827.597
       827.568
       827.538
       827.507
       827.475
       827.443
        827.41
       827.377
       827.343
       827.311
       827.279
       827.248
       827.219
       827.193
        827.17
        827.15
       827.136
       827.128
       827.126
       827.133
       827.149
        827.34
       827.547
       827.769
       827.957
       828.166
       828.398
       828.655
       828.941
       829.258
       829.579
       829.937
       830.337
       830.802
       831.314
       831.871
       832.494
       833.173
       833.912
        834.72
       835.593
       836.498
       837.255
        837.99
       838.698
       839.235
       839.752
       840.253
       840.798
       841.326
       841.862
        842.49
       843.099
       843.707
       844.325
       844.927
       845.515
       846.039
       846.538
       846.993
       847.387
       847.751
       848.064
        848.34
       848.604
       848.816
       848.995
        849.18
       849.347
       849.486
       849.591
       849.689
       849.744
       849.736
       849.674
       849.568
       849.382
       849.067
        848.66
       848.203
       847.664
       847.015
       846.179
       845.204
       844.207
       843.228
       842.514
       841.509
       840.229
       839.132
       837.707
       836.166
       834.489
       832.563
       830.559
       828.493
       826.438
       824.645
       822.937
       821.188
       819.425
       817.671
       815.935
       813.951
       811.925
       809.953
       808.064
       806.094
        804.17
       802.313
       800.601
       799.091
       797.664
       796.319
       794.963
       793.687
       792.316
       790.896
       789.556
       788.303
       787.142
       786.057
       785.048
       784.129
        783.29
       782.523
       781.826
       781.191
       780.627
       780.173
       786.504
        786.37
       779.764
       797.466
       797.466
       797.466
       797.466
       797.465
       797.464
       797.463
       797.461
        797.46
       797.458
       797.456
       797.453
        797.45
       797.447
       797.444
        797.44
       797.435
       797.431
       797.425
        797.42
       797.413
       797.406
       797.399
        797.39
       797.381
       797.371
       797.361
       797.349
       797.337
       797.323
       797.309
       797.293
       797.276
       797.258
       797.239
       797.218
       797.197
       797.173
       797.149
       797.123
       797.096
       797.067
       797.037
       797.006
       796.974
        796.94
       796.906
       796.871
       796.836
         796.8
       796.764
       796.729
       796.695
       796.662
       796.632
       796.604
       796.579
       796.559
       796.544
       796.535
       796.534
       796.542
       796.778
       797.029
       797.295
       797.509
       797.743
       798.001
       798.281
       798.591
       798.931
       799.264
       799.635
       800.046
       800.531
       801.062
       801.636
        802.28
        802.98
       803.739
       804.569
       805.466
         806.4
       807.152
       807.882
       808.585
       809.065
       809.525
       809.971
       810.481
       810.974
       811.483
       812.121
        812.74
       813.363
       814.006
       814.632
       815.245
       815.779
       816.282
        816.73
       817.105
       817.447
       817.728
       817.966
       818.193
       818.356
       818.484
       818.626
       818.759
       818.869
       818.945
       819.023
       819.057
       819.035
       818.967
        818.87
       818.694
       818.377
       817.967
       817.522
       817.002
       816.369
       815.523
       814.529
       813.543
       812.621
        812.09
        811.21
       809.999
       809.068
       807.726
       806.258
       804.637
       802.709
       800.703
       798.635
       796.606
       794.947
       793.421
       791.851
       790.263
       788.683
        787.12
       785.215
        783.24
       781.321
        779.49
       777.527
       775.599
       773.733
       772.032
       770.574
       769.199
       767.907
       766.573
       765.318
        763.91
       762.408
       760.987
       759.655
        758.42
       757.262
       756.179
       755.191
       754.284
       753.449
       752.683
       751.975
       751.338
       750.823
       759.347
       759.212
       750.404
       766.981
       766.981
       766.981
       766.981
        766.98
       766.979
       766.978
       766.977
       766.975
       766.973
       766.971
       766.968
       766.966
       766.962
       766.959
       766.955
       766.951
       766.946
       766.941
       766.935
       766.929
       766.922
       766.914
       766.906
       766.897
       766.887
       766.876
       766.864
       766.852
       766.838
       766.823
       766.807
        766.79
       766.772
       766.752
       766.731
       766.709
       766.685
        766.66
       766.633
       766.605
       766.575
       766.544
       766.511
       766.477
       766.442
       766.405
       766.368
        766.33
       766.291
       766.252
       766.213
       766.174
       766.136
         766.1
       766.066
       766.035
       766.007
       765.984
       765.966
       765.955
       765.952
        766.23
       766.523
       766.831
       767.068
       767.324
       767.604
       767.905
       768.235
       768.595
       768.937
       769.317
       769.736
       770.236
       770.782
       771.369
       772.031
       772.747
       773.523
       774.371
       775.283
        776.24
       776.992
       777.718
       778.414
       778.836
       779.238
       779.628
       780.102
        780.56
       781.042
       781.689
       782.318
       782.956
       783.623
       784.274
       784.912
       785.455
       785.962
       786.403
       786.758
       787.077
       787.327
       787.529
       787.718
       787.832
       787.907
       788.007
       788.106
       788.185
       788.232
       788.291
       788.305
        788.27
       788.199
       788.113
        787.95
       787.634
       787.224
       786.795
       786.296
       785.682
       784.828
       783.817
       782.845
       781.981
       781.635
       780.883
       779.742
       778.977
        777.72
       776.326
       774.761
       772.831
        770.82
       768.751
       766.746
        765.22
       763.875
       762.482
       761.069
       759.661
        758.27
       756.443
       754.518
        752.65
       750.879
       748.922
       746.988
       745.112
       743.421
       742.016
       740.693
       739.455
       738.142
       736.908
       735.462
       733.879
       732.376
       730.966
       729.657
       728.424
       727.267
       726.209
       725.234
       724.329
       723.493
       722.711
       721.998
       721.421
       732.145
       732.009
       720.991
        736.53
       736.531
        736.53
        736.53
       736.529
       736.529
       736.527
       736.526
       736.525
       736.523
       736.521
       736.518
       736.515
       736.512
       736.509
       736.505
       736.501
       736.496
       736.491
       736.485
       736.478
       736.471
       736.464
       736.455
       736.446
       736.436
       736.425
       736.414
       736.401
       736.387
       736.372
       736.356
       736.338
        736.32
         736.3
       736.278
       736.255
       736.231
       736.204
       736.177
       736.147
       736.116
       736.083
       736.049
       736.013
       735.975
       735.936
       735.896
       735.854
       735.811
       735.768
       735.724
        735.68
       735.636
       735.594
       735.552
       735.513
       735.476
       735.443
       735.414
       735.392
       735.375
       735.694
       736.027
       736.373
        736.63
       736.907
       737.206
       737.524
       737.871
       738.247
       738.596
        738.98
       739.404
       739.917
       740.474
       741.071
       741.746
       742.476
       743.264
       744.127
       745.053
       746.035
       746.778
       747.497
       748.185
       748.547
       748.891
       749.222
       749.661
       750.082
       750.537
       751.193
        751.83
       752.483
       753.174
       753.851
       754.514
       755.066
       755.575
       756.011
       756.345
       756.642
       756.862
       757.027
       757.177
       757.243
       757.265
       757.321
       757.385
       757.433
       757.451
       757.492
       757.486
       757.438
       757.368
       757.296
       757.151
       756.838
       756.432
       756.021
       755.545
       754.953
       754.093
       753.067
       752.111
       751.307
       751.149
       750.526
       749.457
       748.858
       747.686
       746.366
       744.856
       742.923
       740.908
       738.836
       736.854
       735.461
       734.296
       733.081
       731.842
       730.605
       729.384
       727.634
       725.758
       723.941
       722.229
       720.277
       718.338
       716.451
       714.772
       713.418
       712.148
       710.963
       709.672
        708.46
       706.976
       705.311
       703.726
       702.237
       700.854
       699.546
       698.314
       697.184
       696.139
       695.164
       694.256
       693.397
       692.609
       691.968
       704.898
       704.761
       691.526
       706.109
       706.109
       706.109
       706.109
       706.108
       706.107
       706.106
       706.105
       706.103
       706.102
         706.1
       706.097
       706.094
       706.091
       706.088
       706.084
        706.08
       706.075
        706.07
       706.064
       706.057
        706.05
       706.043
       706.034
       706.025
       706.015
       706.004
       705.992
       705.979
       705.965
        705.95
       705.934
       705.916
       705.897
       705.876
       705.854
        705.83
       705.805
       705.778
       705.749
       705.718
       705.686
       705.651
       705.615
       705.576
       705.536
       705.494
        705.45
       705.405
       705.358
       705.309
        705.26
        705.21
       705.159
       705.109
       705.059
        705.01
       704.963
       704.918
       704.877
       704.841
       704.809
       705.166
       705.536
       705.919
       706.194
       706.488
       706.803
       707.136
       707.497
       707.887
       708.238
       708.624
        709.05
       709.571
       710.137
        710.74
       711.425
       712.166
       712.964
       713.839
       714.779
       715.777
       716.509
       717.218
       717.896
       718.197
        718.48
       718.753
       719.154
       719.538
       719.965
       720.629
       721.275
       721.942
       722.658
        723.36
       724.049
       724.609
       725.121
        725.55
       725.865
        726.14
        726.33
       726.457
        726.57
       726.587
       726.554
       726.566
       726.596
       726.613
       726.601
       726.621
       726.592
       726.536
       726.471
       726.419
       726.294
       725.988
       725.588
       725.198
       724.748
        724.18
       723.316
       722.276
       721.338
       720.596
       720.628
       720.135
       719.139
       718.707
        717.62
       716.374
       714.919
       712.983
       710.963
       708.888
       706.928
       705.667
       704.682
       703.643
       702.578
       701.512
       700.461
       698.788
       696.961
       695.194
        693.54
       691.593
       689.648
       687.751
       686.083
       684.782
       683.566
       682.434
       681.165
       679.975
       678.453
       676.707
       675.041
       673.472
       672.013
       670.629
       669.321
       668.119
       667.002
       665.954
       664.971
       664.035
       663.168
       662.463
       677.607
       677.468
       662.007
       675.712
       675.712
       675.712
       675.712
       675.712
       675.711
        675.71
       675.708
       675.707
       675.705
       675.703
       675.701
       675.698
       675.695
       675.691
       675.688
       675.683
       675.679
       675.673
       675.668
       675.661
       675.654
       675.646
       675.638
       675.629
       675.619
       675.608
       675.596
       675.583
       675.568
       675.553
       675.536
       675.518
       675.498
       675.477
       675.455
        675.43
       675.404
       675.376
       675.346
       675.313
       675.279
       675.243
       675.204
       675.163
        675.12
       675.074
       675.027
       674.977
       674.925
       674.871
       674.816
       674.759
         674.7
       674.641
       674.582
       674.522
       674.463
       674.406
       674.351
       674.299
       674.251
       674.643
       675.049
       675.466
       675.756
       676.064
       676.393
       676.739
       677.111
       677.511
       677.862
       678.247
       678.672
       679.198
       679.769
       680.375
       681.068
       681.815
       682.621
       683.506
       684.457
       685.466
       686.184
        686.88
       687.545
       687.783
       688.005
       688.218
        688.58
       688.926
       689.323
       689.996
        690.65
       691.332
       692.072
       692.799
       693.513
       694.082
       694.597
       695.019
       695.314
       695.569
        695.73
       695.818
       695.893
       695.861
       695.773
       695.743
       695.738
       695.725
       695.681
       695.678
       695.619
       695.553
       695.506
        695.48
        695.38
       695.084
       694.693
       694.326
       693.905
       693.362
       692.495
       691.444
       690.524
       689.846
        690.07
       689.708
       688.785
       688.521
       687.519
       686.347
       684.947
       683.008
       680.982
       678.903
       676.966
       675.836
       675.029
       674.167
       673.275
       672.381
       671.501
       669.904
       668.124
       666.408
       664.811
        662.87
       660.921
       659.014
       657.358
        656.11
       654.947
       653.869
       652.624
       651.456
       649.897
       648.069
       646.321
       644.672
       643.138
       641.676
        640.29
       639.014
       637.823
         636.7
       635.641
       634.624
       633.676
       632.906
        650.27
       650.129
       632.433
       645.335
       645.335
       645.335
       645.335
       645.335
       645.334
       645.333
       645.332
        645.33
       645.328
       645.326
       645.324
       645.321
       645.318
       645.315
       645.311
       645.307
       645.302
       645.297
       645.291
       645.285
       645.278
        645.27
       645.261
       645.252
       645.242
       645.231
       645.219
       645.205
       645.191
       645.175
       645.158
        645.14
        645.12
       645.098
       645.075
        645.05
       645.022
       644.993
       644.962
       644.928
       644.892
       644.853
       644.812
       644.769
       644.722
       644.673
       644.622
       644.567
        644.51
        644.45
       644.388
       644.323
       644.256
       644.188
       644.118
       644.046
       643.975
       643.903
       643.832
       643.763
       643.696
       644.123
       644.562
       645.011
       645.314
       645.635
       645.975
        646.33
       646.711
       647.119
       647.466
       647.848
       648.267
       648.797
        649.37
       649.976
       650.673
       651.425
       652.234
       653.126
       654.085
       655.104
       655.799
        656.48
       657.131
       657.304
       657.462
       657.613
       657.936
       658.243
        658.61
        659.29
       659.952
       660.648
       661.413
       662.166
       662.906
       663.482
           664
       664.416
       664.692
       664.928
       665.059
        665.11
       665.147
       665.065
       664.921
       664.849
        664.81
       664.767
       664.693
       664.668
       664.585
       664.515
       664.481
       664.481
       664.409
       664.126
       663.746
       663.405
       663.014
       662.498
       661.631
       660.569
       659.668
       659.054
       659.471
       659.241
       658.392
       658.297
        657.38
       656.282
       654.939
       652.996
       650.963
       648.879
       646.963
       645.965
       645.337
       644.651
       643.932
        643.21
         642.5
        640.98
       639.249
       637.582
       636.044
       634.109
       632.155
       630.239
       628.596
       627.402
       626.294
       625.272
        624.05
       622.905
       621.309
         619.4
        617.57
       615.841
        614.23
        612.69
       611.224
       609.872
       608.605
       607.403
       606.265
       605.164
       604.132
       603.293
       622.886
       622.742
       602.801
       614.973
       614.973
       614.973
       614.973
       614.972
       614.972
       614.971
        614.97
       614.968
       614.966
       614.964
       614.962
       614.959
       614.956
       614.953
       614.949
       614.945
        614.94
       614.935
       614.929
       614.923
       614.916
       614.908
         614.9
        614.89
        614.88
       614.869
       614.857
       614.844
       614.829
       614.813
       614.796
       614.777
       614.756
       614.734
        614.71
       614.684
       614.656
       614.626
       614.593
       614.558
        614.52
       614.479
       614.436
       614.389
       614.339
       614.287
        614.23
       614.171
       614.108
       614.042
       613.972
       613.899
       613.823
       613.744
       613.663
       613.579
       613.494
       613.407
       613.319
       613.231
       613.144
       613.603
       614.073
       614.552
       614.866
       615.197
       615.546
       615.908
       616.295
       616.708
       617.049
       617.424
       617.837
       618.366
       618.938
       619.541
       620.239
       620.992
       621.803
       622.698
       623.659
        624.68
       625.343
       626.014
        626.65
       626.756
       626.848
       626.936
       627.218
       627.485
       627.821
       628.508
       629.178
       629.889
       630.679
       631.457
       632.222
       632.806
       633.328
       633.738
       633.996
       634.214
       634.316
       634.328
       634.328
       634.196
       633.998
       633.885
       633.813
        633.74
       633.637
       633.592
       633.489
        633.41
       633.393
       633.423
       633.382
       633.114
       632.748
       632.435
       632.075
       631.588
       630.721
       629.649
       628.769
        628.22
       628.829
       628.731
       627.958
       628.033
       627.202
       626.179
       624.891
       622.944
       620.904
       618.814
       616.919
       616.052
       615.603
       615.093
       614.547
       613.997
       613.459
       612.015
       610.333
       608.717
       607.237
        605.31
       603.352
       601.427
       599.798
        598.66
       597.608
       596.642
       595.445
       594.325
       592.693
       590.703
       588.791
       586.981
       585.293
       583.674
       582.126
       580.695
       579.349
       578.065
       576.843
       575.654
       574.535
       573.623
       595.453
       595.305
       573.108
       584.621
       584.621
       584.621
       584.621
        584.62
        584.62
       584.619
       584.617
       584.616
       584.614
       584.612
        584.61
       584.607
       584.605
       584.601
       584.597
       584.593
       584.589
       584.584
       584.578
       584.572
       584.565
       584.557
       584.548
       584.539
       584.529
       584.518
       584.505
       584.492
       584.477
       584.461
       584.443
       584.424
       584.403
       584.381
       584.356
       584.329
         584.3
       584.269
       584.235
       584.198
       584.158
       584.115
       584.069
        584.02
       583.967
        583.91
       583.849
       583.784
       583.716
       583.643
       583.565
       583.484
       583.398
       583.308
       583.215
       583.117
       583.017
       582.913
       582.807
       582.699
        582.59
        583.08
       583.579
       584.086
        584.41
       584.748
       585.104
        585.47
       585.861
       586.277
        586.61
       586.975
       587.378
       587.904
       588.472
       589.069
       589.766
       590.517
       591.325
        592.22
       593.181
         594.2
       594.834
       595.483
         596.1
       596.137
       596.161
       596.184
       596.423
       596.649
       596.953
       597.648
       598.325
        599.05
       599.866
       600.669
        601.46
       602.052
       602.577
       602.982
       603.224
       603.424
       603.497
       603.472
       603.434
       603.252
       603.001
       602.849
       602.745
       602.644
       602.511
       602.444
       602.328
       602.241
       602.241
       602.306
       602.299
       602.048
       601.698
       601.414
       601.088
        600.63
       599.764
       598.683
       597.824
       597.339
       598.143
       598.179
       597.481
       597.726
       596.983
       596.034
       594.801
       592.849
       590.802
       588.706
        586.83
       586.095
       585.826
       585.492
       585.119
       584.742
       584.375
       583.008
       581.375
       579.811
       578.391
       576.471
        574.51
       572.579
       570.965
       569.884
        568.89
       567.983
       566.813
       565.718
       564.051
        561.98
       559.987
       558.097
       556.331
       554.631
           553
       551.486
       550.057
       548.688
       547.377
       546.094
       544.883
       543.894
       567.968
       567.815
       543.347
       554.274
       554.274
       554.274
       554.274
       554.273
       554.273
       554.272
       554.271
       554.269
       554.268
       554.266
       554.263
       554.261
       554.258
       554.255
       554.251
       554.247
       554.242
       554.237
       554.232
       554.225
       554.218
       554.211
       554.202
       554.193
       554.183
       554.172
       554.159
       554.146
       554.131
       554.115
       554.097
       554.078
       554.056
       554.033
       554.008
        553.98
       553.951
       553.918
       553.883
       553.844
       553.803
       553.758
       553.709
       553.657
         553.6
       553.539
       553.474
       553.404
       553.329
       553.249
       553.164
       553.073
       552.978
       552.876
        552.77
       552.658
       552.542
        552.42
       552.295
       552.165
       552.033
       552.552
       553.079
       553.613
       553.943
       554.287
       554.647
       555.016
       555.408
       555.825
       556.146
         556.5
       556.889
        557.41
       557.972
        558.56
       559.253
       559.998
       560.801
       561.693
       562.651
       563.666
       564.258
       564.882
       565.478
       565.443
       565.397
       565.352
       565.548
       565.732
       566.003
       566.704
       567.389
       568.129
       568.969
       569.799
       570.616
       571.216
       571.746
       572.147
       572.374
       572.557
       572.601
       572.539
       572.466
       572.233
        571.93
       571.739
       571.606
       571.478
       571.318
       571.234
       571.109
       571.011
       571.022
        571.13
       571.161
       570.931
       570.598
       570.344
       570.052
       569.625
       568.761
        567.67
       566.832
       566.414
       567.413
       567.583
        566.96
       567.376
       566.718
       565.845
       564.667
       562.709
       560.653
       558.551
       556.695
       556.092
       556.002
       555.844
       555.646
       555.441
       555.247
       553.958
       552.374
       550.863
       549.503
       547.593
       545.631
       543.695
       542.098
       541.076
       540.142
       539.295
       538.153
       537.086
       535.386
       533.237
       531.162
       529.192
       527.348
       525.566
       523.849
        522.25
       520.733
       519.272
       517.866
       516.483
       515.173
       514.099
       540.429
       540.268
       513.512
       523.927
       523.928
       523.928
       523.927
       523.927
       523.926
       523.925
       523.924
       523.923
       523.921
       523.919
       523.917
       523.915
       523.912
       523.909
       523.905
       523.901
       523.897
       523.892
       523.886
        523.88
       523.873
       523.865
       523.857
       523.848
       523.838
       523.826
       523.814
       523.801
       523.786
       523.769
       523.751
       523.732
        523.71
       523.687
       523.661
       523.633
       523.602
       523.569
       523.532
       523.493
       523.449
       523.402
       523.351
       523.296
       523.236
       523.171
       523.101
       523.026
       522.945
       522.858
       522.764
       522.665
       522.558
       522.445
       522.325
       522.199
       522.065
       521.925
       521.779
       521.628
       521.471
       522.017
       522.571
       523.129
       523.465
       523.812
       524.174
       524.544
       524.935
       525.349
       525.657
       525.996
        526.37
       526.882
       527.435
       528.012
       528.698
       529.436
       530.231
       531.117
       532.068
       533.075
       533.615
       534.205
       534.778
       534.669
       534.551
       534.437
       534.587
       534.727
       534.966
       535.674
       536.366
       537.121
       537.987
       538.843
       539.686
       540.294
       540.829
       541.228
       541.442
       541.609
       541.624
       541.527
       541.417
       541.136
       540.783
       540.556
       540.395
       540.242
       540.057
        539.96
       539.834
       539.731
        539.76
       539.905
       539.973
       539.764
       539.448
       539.226
       538.968
       538.572
       537.709
        536.61
       535.794
       535.442
       536.636
       536.941
       536.393
       536.979
       536.407
       535.608
       534.485
       532.521
       530.456
       528.347
       526.511
        526.04
       526.129
       526.147
       526.124
       526.093
       526.072
       524.862
       523.329
       521.871
       520.574
       518.674
       516.712
       514.773
       513.196
       512.236
       511.364
       510.581
        509.47
       508.433
       506.702
       504.475
       502.322
       500.272
       498.349
       496.484
       494.679
       492.991
       491.381
       489.822
       488.312
       486.821
       485.401
       484.235
       512.829
       512.657
       483.593
       493.577
       493.577
       493.577
       493.577
       493.576
       493.575
       493.575
       493.574
       493.572
       493.571
       493.569
       493.567
       493.564
       493.562
       493.558
       493.555
       493.551
       493.547
       493.542
       493.536
        493.53
       493.523
       493.516
       493.508
       493.498
       493.488
       493.477
       493.465
       493.452
       493.437
        493.42
       493.402
       493.383
       493.361
       493.337
       493.311
       493.282
       493.251
       493.217
       493.179
       493.138
       493.093
       493.044
       492.991
       492.933
        492.87
       492.801
       492.727
       492.646
       492.559
       492.465
       492.363
       492.254
       492.137
       492.012
       491.878
       491.736
       491.586
       491.426
       491.259
       491.083
         490.9
       491.473
       492.052
       492.633
       492.972
       493.321
       493.684
       494.051
       494.439
       494.849
       495.141
       495.463
       495.819
        496.32
       496.862
       497.425
       498.101
       498.829
       499.613
        500.49
       501.432
       502.426
       502.904
        503.45
           504
       503.813
       503.618
       503.432
       503.535
       503.631
       503.837
       504.552
       505.252
       506.022
       506.914
       507.796
       508.665
       509.283
       509.824
       510.223
       510.425
       510.575
       510.564
       510.432
       510.285
       509.958
       509.557
       509.296
       509.109
       508.935
       508.728
        508.63
       508.507
       508.405
       508.446
       508.632
       508.737
       508.548
       508.251
       508.059
       507.836
       507.471
        506.61
       505.502
       504.706
       504.421
       505.811
        506.25
       505.777
       506.532
       506.047
       505.322
       504.253
       502.282
       500.208
        498.09
       496.273
       495.934
       496.203
       496.399
        496.55
       496.694
       496.849
       495.717
       494.237
       492.833
         491.6
       489.713
       487.754
       485.814
       484.259
       483.364
       482.559
       481.842
       480.765
       479.761
       478.001
       475.701
        473.47
       471.343
       469.341
       467.392
       465.496
       463.715
       462.006
        460.34
       458.718
       457.106
       455.565
       454.292
       485.161
       484.975
       453.575
       463.216
       463.217
       463.217
       463.216
       463.216
       463.215
       463.215
       463.214
       463.212
       463.211
       463.209
       463.207
       463.205
       463.202
       463.199
       463.196
       463.192
       463.187
       463.183
       463.177
       463.171
       463.165
       463.157
       463.149
        463.14
        463.13
       463.119
       463.107
       463.094
       463.079
       463.063
       463.045
       463.025
       463.003
       462.979
       462.953
       462.924
       462.892
       462.857
       462.819
       462.777
       462.731
        462.68
       462.625
       462.564
       462.498
       462.426
       462.347
       462.261
       462.168
       462.067
       461.957
       461.839
       461.711
       461.574
       461.426
       461.268
         461.1
       460.921
       460.731
       460.531
       460.321
       460.919
       461.521
       462.123
       462.464
       462.813
       463.174
       463.537
        463.92
       464.323
       464.597
       464.899
       465.235
       465.723
       466.251
       466.798
       467.461
       468.176
       468.948
       469.814
       470.745
       471.724
       472.145
       472.634
        473.14
       472.869
       472.593
       472.332
       472.386
       472.437
        472.61
       473.335
       474.044
       474.828
       475.746
       476.654
        477.55
       478.179
       478.727
       479.128
       479.318
       479.454
       479.416
        479.25
       479.068
       478.696
       478.249
       477.957
       477.749
       477.557
       477.335
       477.244
       477.128
       477.033
       477.088
       477.313
       477.455
       477.286
       477.006
       476.845
       476.657
       476.323
       475.463
       474.344
       473.569
       473.349
       474.935
       475.507
       475.108
       476.035
       475.635
       474.983
       473.968
       471.989
       469.905
       467.778
        465.98
       465.773
       466.222
       466.596
       466.924
       467.243
       467.573
       466.522
       465.094
       463.747
        462.58
       460.708
       458.755
       456.817
       455.287
       454.461
       453.726
       453.079
       452.041
       451.073
        449.29
       446.918
       444.614
        442.41
       440.332
       438.299
        436.31
        434.43
       432.616
       430.834
       429.086
       427.339
       425.658
       424.263
       457.417
       457.212
       423.441
       432.842
       432.843
       432.843
       432.843
       432.842
       432.842
       432.841
        432.84
       432.839
       432.837
       432.835
       432.833
       432.831
       432.829
       432.826
       432.822
       432.819
       432.815
        432.81
       432.805
       432.799
       432.792
       432.785
       432.777
       432.769
       432.759
       432.748
       432.736
       432.723
       432.708
       432.692
       432.675
       432.655
       432.633
       432.609
       432.583
       432.554
       432.522
       432.486
       432.447
       432.404
       432.357
       432.305
       432.248
       432.185
       432.116
       432.041
       431.958
       431.867
       431.769
       431.661
       431.544
       431.416
       431.278
       431.128
       430.967
       430.793
       430.607
       430.407
       430.195
       429.969
       429.731
       430.353
       430.976
       431.598
       431.939
       432.286
       432.643
       433.001
       433.376
        433.77
       434.023
       434.303
       434.617
       435.089
         435.6
       436.128
       436.777
       437.478
       438.235
       439.089
       440.007
       440.973
       441.334
       441.757
       442.203
        441.83
       441.468
       441.128
       441.131
       441.136
        441.28
        442.02
       442.737
       443.535
       444.477
       445.411
       446.336
       446.976
       447.534
       447.938
       448.118
        448.24
       448.177
       447.976
        447.76
       447.346
       446.856
       446.536
       446.312
       446.107
       445.876
         445.8
       445.698
       445.617
       445.692
       445.952
       446.129
       445.979
       445.715
       445.585
       445.431
       445.127
       444.267
       443.137
        442.38
       442.224
       444.005
        444.71
       444.385
       445.482
       445.167
       444.589
       443.626
        441.64
       439.544
       437.409
       435.628
       435.553
       436.183
       436.736
        437.24
       437.736
       438.242
       437.273
       435.899
        434.61
       433.512
       431.657
       429.712
       427.779
        426.28
       425.527
       424.866
       424.294
         423.3
       422.374
       420.571
       418.133
       415.759
       413.484
       411.331
       409.214
       407.131
       405.149
       403.221
       401.312
       399.423
       397.522
        395.68
       394.137
       429.584
       429.354
       393.169
        402.45
        402.45
        402.45
        402.45
       402.449
       402.449
       402.448
       402.447
       402.446
       402.445
       402.443
       402.441
       402.439
       402.437
       402.434
       402.431
       402.427
       402.423
       402.419
       402.414
       402.408
       402.402
       402.395
       402.387
       402.379
       402.369
       402.359
       402.347
       402.334
        402.32
       402.304
       402.286
       402.267
       402.246
       402.222
       402.196
       402.166
       402.134
       402.099
       402.059
       402.016
       401.968
       401.915
       401.856
       401.792
        401.72
       401.642
       401.556
       401.461
       401.357
       401.244
       401.119
       400.983
       400.835
       400.673
       400.498
       400.308
       400.104
       399.884
       399.648
       399.396
       399.128
       399.773
       400.417
       401.057
       401.396
        401.74
       402.091
        402.44
       402.805
       403.189
       403.418
       403.675
       403.963
       404.417
       404.909
       405.416
       406.048
       406.731
       407.471
       408.312
       409.218
       410.173
       410.481
       410.848
       411.234
       410.763
       410.313
       409.893
       409.841
       409.792
        409.89
       410.617
       411.329
       412.136
       413.101
       414.059
       415.017
        415.67
       416.239
       416.647
       416.819
       416.929
       416.842
       416.607
       416.359
       415.903
       415.373
        415.03
       414.792
       414.579
       414.354
       414.301
       414.218
       414.156
       414.256
        414.55
        414.76
       414.628
        414.38
       414.279
       414.159
       413.883
       413.023
       411.881
       411.141
       411.046
       413.021
       413.859
       413.607
       414.874
       414.643
       414.137
       413.227
        411.23
       409.123
       406.978
       405.215
       405.273
       406.085
       406.816
       407.496
       408.168
       408.853
       407.965
       406.647
       405.418
       404.391
       402.556
       400.623
         398.7
       397.235
        396.56
       395.979
       395.489
       394.543
       393.665
       391.849
       389.352
       386.914
       384.572
        382.35
       380.151
       377.973
       375.886
       373.837
       371.787
       369.739
        367.66
       365.627
       363.902
       401.645
       401.385
       362.727
       372.033
       372.034
       372.034
       372.034
       372.033
       372.033
       372.032
       372.031
        372.03
       372.029
       372.027
       372.025
       372.023
       372.021
       372.018
       372.015
       372.012
       372.008
       372.004
       371.999
       371.994
       371.988
       371.981
       371.974
       371.965
       371.956
       371.946
       371.935
       371.922
       371.908
       371.893
       371.876
       371.857
       371.836
       371.813
       371.787
       371.758
       371.726
        371.69
       371.651
       371.607
       371.559
       371.505
       371.446
        371.38
       371.307
       371.226
       371.137
       371.039
       370.931
       370.811
        370.68
       370.536
       370.378
       370.206
       370.017
       369.812
        369.59
       369.349
       369.089
        368.81
       368.513
       369.179
       369.842
       370.499
       370.834
       371.172
       371.516
       371.855
       372.208
       372.578
       372.782
       373.012
       373.272
       373.706
       374.176
       374.659
       375.272
       375.934
       376.656
       377.482
       378.373
       379.322
       379.587
       379.911
       380.254
       379.694
        379.16
       378.662
       378.552
       378.443
       378.483
       379.189
       379.884
       380.681
        381.65
       382.622
       383.594
       384.256
       384.837
       385.249
       385.419
        385.52
       385.407
       385.137
       384.856
        384.36
       383.793
       383.432
       383.189
       382.979
        382.77
       382.745
       382.689
       382.653
       382.786
       383.108
       383.348
       383.232
       382.999
       382.928
        382.84
       382.594
       381.732
       380.576
       379.852
       379.818
       381.985
       382.953
       382.771
       384.206
       384.058
       383.623
       382.765
       380.759
       378.639
       376.483
       374.738
       374.928
       375.921
        376.83
       377.687
       378.536
         379.4
       378.595
       377.334
       376.167
       375.214
       373.402
       371.484
       369.576
        368.15
        367.56
       367.065
       366.663
       365.773
       364.951
       363.129
       360.581
       358.088
       355.687
       353.401
       351.125
       348.854
       346.659
       344.481
       342.278
        340.05
       337.763
         335.5
       333.548
        373.58
       373.281
       332.081
       341.589
       341.589
       341.589
       341.589
       341.589
       341.588
       341.588
       341.587
       341.586
       341.585
       341.583
       341.581
        341.58
       341.577
       341.575
       341.572
       341.569
       341.565
       341.561
       341.556
       341.551
       341.546
       341.539
       341.532
       341.524
       341.516
       341.506
       341.495
       341.483
        341.47
       341.455
       341.438
        341.42
       341.399
       341.377
       341.351
       341.323
       341.292
       341.257
       341.218
       341.174
       341.126
       341.072
       341.012
       340.945
       340.871
       340.789
       340.698
       340.597
       340.485
       340.361
       340.224
       340.073
       339.907
       339.724
       339.523
       339.303
       339.063
       338.801
       338.518
       338.212
       337.883
        338.57
       339.251
       339.923
       340.253
       340.583
       340.917
       341.243
       341.582
       341.936
       342.112
       342.313
       342.543
       342.953
         343.4
       343.857
       344.447
       345.084
       345.784
       346.595
       347.478
       348.428
       348.651
       348.942
       349.253
       348.613
       348.005
       347.431
       347.264
       347.095
       347.078
       347.764
       348.439
       349.221
       350.188
       351.158
        352.13
       352.783
       353.358
       353.764
       353.919
       354.012
        353.87
       353.562
       353.246
       352.709
       352.106
       351.733
       351.495
       351.302
        351.12
       351.132
       351.112
        351.11
        351.28
       351.622
       351.891
       351.791
       351.574
       351.531
       351.477
       351.258
       350.394
       349.222
       348.512
       348.537
       350.895
        351.99
       351.874
       353.476
        353.41
       353.046
        352.24
       350.224
       348.091
       345.924
       344.195
       344.515
       345.687
       346.774
       347.806
       348.832
       349.875
       349.154
       347.951
       346.849
       345.973
        344.19
       342.292
       340.403
       339.023
       338.524
       338.123
       337.816
       336.991
       336.233
       334.416
       331.827
       329.289
        326.84
         324.5
       322.156
       319.797
       317.495
       315.183
       312.812
       310.381
        307.85
       305.308
       303.068
       345.361
       345.017
       301.191
       311.111
       311.111
       311.111
       311.111
       311.111
       311.111
        311.11
       311.109
       311.108
       311.107
       311.106
       311.104
       311.103
         311.1
       311.098
       311.095
       311.092
       311.089
       311.085
       311.081
       311.076
       311.071
       311.065
       311.058
       311.051
       311.043
       311.033
       311.023
       311.012
       310.999
       310.985
       310.969
       310.951
       310.932
        310.91
       310.885
       310.858
       310.827
       310.793
       310.755
       310.712
       310.664
       310.611
       310.551
       310.484
        310.41
       310.327
       310.235
       310.132
       310.017
        309.89
       309.748
       309.592
       309.418
       309.226
       309.014
        308.78
       308.523
       308.241
       307.934
         307.6
        307.24
       307.946
       308.644
       309.328
       309.651
       309.971
       310.293
       310.604
       310.927
       311.263
       311.408
       311.578
       311.776
       312.158
       312.579
        313.01
       313.578
       314.205
       314.901
       315.713
         316.6
       317.544
       317.725
        317.98
       318.263
       317.549
       316.868
       316.221
       315.997
       315.768
       315.695
       316.357
       317.005
       317.763
       318.719
        319.68
       320.654
         321.3
        321.86
       322.238
       322.355
       322.408
       322.226
       321.875
       321.519
       320.937
       320.298
        319.92
       319.701
       319.548
       319.406
       319.464
       319.489
       319.532
        319.72
       320.084
       320.383
       320.302
       320.103
       320.092
        320.07
       319.879
        319.01
       317.822
       317.123
       317.202
       319.747
       320.966
       320.914
        322.68
       322.694
       322.401
       321.647
       319.621
       317.476
       315.298
       313.583
       314.031
        315.38
        316.64
       317.846
       319.047
       320.269
       319.632
        318.49
       317.456
       316.662
       314.912
        313.04
       311.178
        309.85
        309.45
        309.15
       308.948
       308.197
       307.515
       305.714
       303.096
       300.529
       298.046
       295.667
       293.267
        290.83
       288.426
       285.978
       283.428
       280.769
       277.953
       275.076
       272.465
       316.957
       316.559
       270.017
       280.595
       280.596
       280.596
       280.596
       280.596
       280.595
       280.595
       280.594
       280.593
       280.592
       280.591
       280.589
       280.588
       280.586
       280.584
       280.581
       280.578
       280.575
       280.572
       280.568
       280.563
       280.558
       280.553
       280.547
        280.54
       280.532
       280.523
       280.514
       280.503
       280.491
       280.478
       280.463
       280.446
       280.427
       280.407
       280.383
       280.357
       280.328
       280.295
       280.258
       280.216
       280.169
       280.117
       280.058
       279.992
       279.918
       279.835
       279.743
       279.639
       279.523
       279.394
       279.249
       279.088
       278.909
       278.709
       278.487
       278.241
       277.969
       277.668
       277.338
       276.976
       276.583
       277.307
       278.019
       278.715
       279.028
       279.336
       279.643
       279.938
       280.243
       280.558
       280.667
       280.804
       280.971
       281.334
       281.742
       282.164
       282.732
       283.359
       284.051
       284.862
       285.749
       286.693
       286.835
       287.055
       287.308
       286.518
       285.762
       285.041
       284.764
       284.476
       284.349
       284.988
       285.606
       286.339
       287.274
        288.22
       289.187
        289.81
       290.344
       290.685
       290.741
       290.728
       290.486
       290.069
       289.664
       289.024
       288.343
       287.971
       287.798
        287.72
       287.631
       287.737
       287.815
       287.886
       288.092
       288.486
       288.819
       288.764
       288.589
       288.611
       288.624
        288.46
       287.585
       286.376
       285.683
       285.812
       288.539
       289.877
       289.884
       291.812
       291.905
       291.683
       290.982
       288.947
       286.791
       284.602
         282.9
       283.474
       284.995
       286.426
       287.801
       289.175
       290.575
       290.023
       288.942
       287.979
       287.273
       285.563
       283.723
       281.895
       280.627
       280.334
       280.145
       280.056
       279.391
       278.795
       277.024
       274.395
       271.816
        269.32
        266.92
       264.483
       261.986
       259.492
       256.913
       254.179
       251.271
       248.129
       244.845
       241.762
       288.327
        287.87
        238.53
       250.037
       250.037
       250.037
       250.037
       250.037
       250.037
       250.036
       250.036
       250.035
       250.034
       250.033
       250.032
        250.03
       250.028
       250.026
       250.024
       250.022
       250.019
       250.016
       250.012
       250.008
       250.003
       249.998
       249.993
       249.986
       249.979
       249.971
       249.962
       249.953
       249.941
       249.929
       249.915
         249.9
       249.882
       249.863
       249.841
       249.816
       249.788
       249.757
       249.722
       249.682
       249.637
       249.586
       249.529
       249.465
       249.392
        249.31
       249.218
       249.115
       248.999
       248.869
       248.723
        248.56
       248.377
       248.172
       247.943
       247.687
       247.401
       247.083
        246.73
        246.34
       245.914
       246.655
       247.378
       248.083
       248.384
       248.677
       248.966
       249.242
       249.528
       249.825
       249.916
       250.038
       250.193
       250.553
       250.954
       251.364
       251.927
       252.547
       253.233
        254.04
       254.926
       255.868
       255.972
       256.157
        256.38
       255.515
       254.686
       253.896
       253.568
       253.226
       253.046
        253.66
       254.249
       254.955
       255.868
       256.791
       257.735
       258.316
       258.812
       259.113
       259.108
       259.029
       258.706
       258.214
       257.751
       257.058
       256.371
       256.023
       255.897
       255.869
        255.85
       256.028
       256.127
       256.196
       256.403
        256.82
       257.192
       257.177
       257.034
       257.093
       257.142
       257.005
       256.122
       254.888
       254.197
       254.369
       257.271
       258.721
        258.78
       260.867
       261.037
       260.886
        260.24
       258.201
       256.037
       253.837
       252.148
       252.845
       254.533
       256.126
       257.663
       259.205
       260.782
       260.313
       259.295
       258.408
       257.796
       256.132
       254.335
       252.548
        251.35
       251.172
       251.102
       251.138
       250.568
       250.074
       248.349
       245.729
        243.16
       240.675
       238.283
       235.837
       233.305
       230.744
        228.05
       225.136
       221.966
       218.459
       214.694
       211.017
        259.43
       258.908
       206.733
       219.431
       219.431
       219.431
       219.431
       219.431
       219.431
       219.431
        219.43
       219.429
       219.429
       219.428
       219.426
       219.425
       219.424
       219.422
        219.42
       219.417
       219.415
       219.412
       219.409
       219.405
       219.401
       219.397
       219.391
       219.386
       219.379
       219.372
       219.364
       219.355
       219.345
       219.334
       219.321
       219.307
       219.291
       219.273
       219.253
        219.23
       219.204
       219.175
       219.142
       219.105
       219.062
       219.014
       218.959
       218.897
       218.827
       218.747
       218.657
       218.556
       218.441
       218.312
       218.167
       218.004
        217.82
       217.612
       217.379
       217.116
       216.819
       216.486
       216.113
       215.696
       215.236
       215.991
       216.722
       217.431
       217.718
       217.998
       218.275
       218.547
       218.834
       219.135
       219.218
       219.328
        219.47
       219.823
       220.212
       220.608
        221.16
       221.767
        222.44
       223.239
       224.119
       225.059
       225.124
       225.277
       225.471
       224.534
        223.64
       222.787
       222.415
       222.024
       221.793
       222.383
       222.942
       223.617
       224.503
       225.394
       226.296
       226.824
       227.274
       227.524
       227.456
       227.311
       226.912
        226.34
       225.828
       225.115
       224.448
       224.144
        224.06
       224.085
       224.135
       224.354
       224.462
        224.52
       224.714
       225.146
       225.557
       225.573
       225.449
       225.543
       225.627
       225.517
       224.626
       223.366
        222.67
       222.877
       225.942
       227.493
       227.595
       229.835
       230.079
       230.001
       229.417
       227.381
       225.217
       223.013
       221.335
        222.15
       223.996
       225.739
       227.426
       229.125
       230.874
       230.487
       229.534
       228.728
        228.22
       226.612
       224.867
       223.133
       222.014
       221.961
       222.018
       222.186
       221.724
       221.346
       219.687
       217.098
       214.569
       212.127
       209.777
       207.359
       204.831
        202.24
       199.463
       196.393
       192.965
       189.069
       184.752
       180.345
       230.226
       229.638
       174.696
       188.773
       188.773
       188.773
       188.773
       188.773
       188.773
       188.772
       188.772
       188.771
       188.771
        188.77
       188.769
       188.768
       188.766
       188.765
       188.763
       188.761
       188.759
       188.756
       188.753
        188.75
       188.747
       188.743
       188.738
       188.733
       188.727
       188.721
       188.714
       188.706
       188.697
       188.687
       188.676
       188.663
       188.649
       188.633
       188.615
       188.594
       188.571
       188.545
       188.514
        188.48
        188.44
       188.395
       188.344
       188.285
       188.218
       188.142
       188.055
       187.957
       187.845
       187.719
       187.577
       187.416
       187.234
       187.027
       186.794
       186.528
       186.225
       185.881
        185.49
       185.045
       184.553
       185.323
       186.067
       186.792
        187.08
       187.362
       187.644
       187.916
       188.203
       188.504
       188.578
       188.675
       188.801
       189.143
       189.517
       189.893
       190.425
       191.013
       191.666
       192.449
       193.318
       194.253
       194.279
       194.402
       194.575
       193.573
       192.623
       191.719
       191.313
       190.877
         190.6
       191.168
       191.695
       192.334
       193.185
       194.034
        194.89
       195.356
        195.74
       195.921
       195.782
       195.574
       195.107
       194.485
        193.97
       193.284
       192.632
       192.357
       192.321
       192.421
       192.518
        192.73
       192.836
       192.898
       193.082
       193.511
       193.931
       193.941
       193.831
       193.961
       194.083
       194.003
       193.106
       191.819
       191.114
       191.344
       194.556
        196.19
       196.319
       198.702
       199.015
       199.013
       198.501
        196.48
       194.332
       192.136
       190.477
       191.404
       193.393
       195.266
       197.084
       198.926
       200.837
       200.526
        199.64
       198.924
        198.53
       196.991
       195.313
       193.645
       192.616
       192.694
       192.885
       193.193
       192.849
       192.602
        191.03
       188.501
       186.046
       183.688
       181.425
       179.084
       176.612
       174.046
       171.242
       168.065
       164.416
       160.137
       155.223
        149.95
       200.688
       200.034
       142.614
       158.057
       158.057
       158.057
       158.057
       158.057
       158.057
       158.057
       158.056
       158.056
       158.055
       158.055
       158.054
       158.053
       158.052
        158.05
       158.049
       158.047
       158.045
       158.043
       158.041
       158.038
       158.035
       158.032
       158.028
       158.023
       158.019
       158.013
       158.007
           158
       157.993
       157.984
       157.975
       157.964
       157.951
       157.938
       157.922
       157.904
       157.883
        157.86
       157.833
       157.802
       157.767
       157.726
       157.678
       157.623
       157.561
       157.489
       157.407
       157.313
       157.207
       157.085
       156.948
       156.793
       156.615
       156.414
       156.186
       155.925
       155.619
       155.272
       154.873
       154.423
       153.919
       154.721
       155.491
       156.233
       156.517
       156.797
       157.078
       157.348
       157.632
       157.932
       157.993
       158.076
       158.184
       158.511
       158.866
       159.215
       159.721
       160.279
       160.902
       161.659
       162.508
       163.433
        163.42
       163.518
       163.679
       162.626
       161.636
       160.694
       160.267
       159.799
       159.481
       160.028
       160.519
       161.114
        161.92
       162.716
       163.516
       163.913
       164.226
       164.331
       164.118
       163.853
       163.361
       162.748
       162.256
       161.589
       160.945
       160.688
       160.693
       160.818
       160.876
       161.094
       161.263
       161.351
       161.512
       161.897
       162.284
       162.276
       162.173
       162.351
       162.516
        162.47
       161.573
       160.262
       159.544
       159.781
       163.115
       164.806
        164.94
       167.449
       167.826
       167.905
       167.478
       165.495
       163.389
       161.227
         159.6
       160.629
       162.736
        164.71
       166.629
       168.589
       170.645
       170.405
       169.587
       168.969
       168.707
       167.257
       165.665
       164.081
       163.153
       163.369
       163.695
       164.145
       163.925
       163.825
       162.364
       159.929
       157.591
       155.367
       153.247
       151.044
       148.696
       146.231
       143.484
       140.289
       136.506
        131.91
       126.408
       120.172
       170.818
       170.102
       110.906
       127.279
       127.279
       127.279
       127.279
       127.279
       127.279
       127.279
       127.279
       127.278
       127.278
       127.277
       127.277
       127.276
       127.275
       127.274
       127.273
       127.271
        127.27
       127.268
       127.266
       127.264
       127.261
       127.258
       127.255
       127.252
       127.248
       127.244
       127.239
       127.233
       127.227
        127.22
       127.212
       127.203
       127.193
       127.181
       127.168
       127.153
       127.136
       127.117
       127.094
       127.067
       127.036
           127
       126.957
       126.908
        126.85
       126.784
       126.707
        126.62
        126.52
       126.405
       126.276
        126.13
        125.96
       125.766
       125.552
        125.31
       125.031
       124.713
       124.341
       123.906
       123.397
       124.224
       125.007
       125.755
       126.029
       126.299
       126.573
       126.835
       127.114
       127.411
        127.46
       127.529
       127.619
       127.928
       128.258
       128.574
       129.045
       129.562
       130.141
       130.858
       131.675
        132.58
       132.526
       132.605
       132.766
       131.682
       130.676
       129.722
       129.294
       128.808
       128.459
       128.983
       129.431
        129.97
       130.715
       131.441
       132.171
       132.488
       132.731
        132.77
       132.504
       132.218
       131.748
       131.172
       130.706
       130.052
       129.401
       129.146
       129.127
       129.215
        129.28
       129.558
       129.738
       129.808
       129.938
       130.286
       130.653
       130.617
       130.517
       130.728
       130.931
       130.925
       130.038
       128.717
       127.988
       128.212
       131.626
       133.337
       133.438
       136.048
       136.476
       136.641
       136.325
        134.42
       132.404
       130.319
       128.746
       129.865
       132.051
       134.078
       136.049
       138.085
       140.262
       140.085
       139.342
       138.838
       138.728
       137.396
       135.921
       134.446
       133.633
       133.987
       134.441
       135.025
       134.929
       134.987
       133.664
       131.365
       129.198
        127.17
       125.258
       123.267
       121.126
       118.859
       116.286
       113.213
       109.454
       104.704
       98.7423
       91.5509
       140.681
        139.91
       80.3565
       96.4338
        96.434
       96.4342
       96.4342
       96.4342
       96.4341
        96.434
       96.4338
       96.4335
       96.4331
       96.4327
       96.4321
       96.4315
       96.4308
         96.43
       96.4291
       96.4281
       96.4269
       96.4256
       96.4241
       96.4224
       96.4206
       96.4184
       96.4161
       96.4134
       96.4105
       96.4071
       96.4033
       96.3991
       96.3944
        96.389
       96.3829
       96.3761
       96.3683
       96.3594
       96.3493
       96.3377
       96.3243
       96.3088
       96.2907
       96.2693
       96.2439
       96.2133
       96.1765
       96.1327
       96.0812
       96.0209
       95.9517
       95.8725
       95.7806
       95.6712
       95.5539
       95.4246
       95.2784
       95.1232
       94.9514
       94.7553
       94.5263
       94.2545
       93.9247
       93.5162
       93.0077
       93.8459
       94.6201
       95.3553
       95.6053
       95.8575
       96.1187
       96.3715
       96.6432
       96.9357
       96.9744
       97.0325
       97.1058
       97.3964
       97.6983
       97.9753
       98.4003
       98.8626
         99.38
       100.035
       100.797
       101.667
       101.566
        101.63
        101.81
       100.725
       99.7423
       98.8132
       98.4121
       97.9295
       97.5599
       98.0596
       98.4522
       98.9182
       99.5794
       100.211
       100.838
       101.064
       101.243
       101.242
       100.975
       100.728
       100.301
       99.7759
       99.3631
       98.7448
       98.1025
        97.821
       97.7664
       97.8149
        97.868
       98.1098
       98.2184
       98.2225
       98.3135
       98.6678
       99.0274
       98.9726
       98.8626
         99.09
       99.3238
       99.3666
       98.5194
       97.2219
       96.4991
       96.6847
       100.108
       101.777
       101.793
       104.452
       104.908
       105.165
       104.996
       103.236
       101.396
       99.4667
       97.9942
       99.1834
       101.387
       103.393
       105.337
       107.377
       109.631
       109.508
       108.856
        108.49
       108.562
       107.389
        106.08
       104.756
       104.078
       104.559
       105.116
       105.809
       105.822
       106.042
       104.889
       102.783
       100.857
       99.0968
       97.4698
       95.7699
       93.9304
        91.978
       89.7276
       86.9721
         83.49
       78.8978
       72.8112
       64.9039
       110.443
        109.64
       52.3257
       65.5166
       65.5168
        65.517
        65.517
        65.517
        65.517
       65.5169
       65.5167
       65.5166
       65.5163
        65.516
       65.5157
       65.5153
       65.5148
       65.5142
       65.5136
       65.5129
       65.5121
       65.5113
       65.5103
       65.5091
       65.5079
       65.5065
       65.5049
       65.5031
       65.5011
       65.4988
       65.4963
       65.4934
       65.4902
       65.4866
       65.4825
       65.4778
       65.4725
       65.4665
       65.4596
       65.4517
       65.4425
       65.4317
        65.419
       65.4037
       65.3849
       65.3612
       65.3309
       65.2935
       65.2492
       65.1942
       65.1334
       65.0655
       64.9873
       64.9054
       64.8225
       64.7337
        64.636
       64.5291
       64.4094
       64.2708
       64.1049
          63.9
       63.6365
       63.2825
       62.7895
       63.6081
       64.3339
       65.0235
       65.2369
       65.4656
       65.7095
       65.9469
       66.2065
       66.4938
       66.5303
       66.5881
       66.6533
       66.9257
        67.197
         67.43
       67.7985
       68.1895
       68.6219
       69.1825
       69.8488
       70.6487
       70.4958
       70.5485
       70.7617
       69.7321
       68.8364
       67.9908
       67.6567
       67.2085
       66.8357
       67.2967
       67.6131
         67.98
       68.5275
       69.0366
       69.5561
       69.6926
       69.8211
       69.8081
       69.5535
       69.3493
       68.9798
       68.5238
       68.1848
        67.628
       67.0243
       66.7477
       66.6597
        66.664
       66.6652
       66.8397
       66.8629
       66.7905
        66.838
       67.1558
       67.4661
       67.3715
       67.2285
       67.4219
       67.6637
       67.7708
       67.0263
        65.837
       65.1882
       65.3062
       68.5827
       70.1126
       69.9813
       72.5828
       73.0286
       73.3762
        73.403
       71.9062
       70.3895
       68.7653
       67.4891
       68.7115
       70.8267
       72.6952
       74.4928
       76.4132
       78.6498
        78.588
        78.067
       77.8724
       78.1575
       77.2117
       76.1536
       75.0556
       74.5409
       75.1162
       75.7187
       76.4591
       76.5434
       76.9094
       75.9687
       74.1449
       72.5583
       71.1535
       69.8878
       68.5599
       67.1162
        65.599
       63.8397
        61.645
       58.7965
       54.8745
       49.3444
       41.4436
       80.4412
       79.6732
       29.0281
       34.5224
       34.5226
       34.5227
       34.5228
       34.5228
       34.5228
       34.5227
       34.5226
       34.5225
       34.5224
       34.5223
       34.5221
       34.5219
       34.5216
       34.5214
       34.5211
       34.5207
       34.5203
       34.5199
       34.5194
       34.5188
       34.5182
       34.5175
       34.5167
       34.5158
       34.5147
       34.5136
       34.5123
       34.5109
       34.5093
       34.5074
       34.5054
        34.503
       34.5003
       34.4973
       34.4938
       34.4897
        34.485
       34.4795
       34.4729
       34.4647
       34.4542
       34.4395
       34.4161
       34.3844
       34.3513
       34.3128
       34.2788
       34.2436
       34.2051
       34.1646
       34.1226
       34.0783
       34.0295
       33.9756
       33.9144
       33.8419
       33.7531
       33.6393
       33.4832
       33.2476
       32.8408
       33.5562
       34.1507
       34.7285
       34.9021
       35.1085
       35.3328
        35.552
       35.7916
       36.0649
       36.1217
       36.2029
       36.2799
       36.5291
       36.7656
       36.9565
       37.2559
       37.5594
       37.8821
       38.2996
        38.799
       39.4444
       39.2587
       39.2922
       39.5163
       38.6584
       37.9685
       37.3055
       37.0768
       36.7119
       36.3743
       36.7433
       36.9481
       37.1849
       37.5746
        37.931
       38.3096
       38.3687
       38.4509
       38.4334
       38.2209
       38.0718
        37.785
       37.4249
       37.1725
       36.7182
       36.2072
        35.958
        35.841
       35.7723
       35.6797
       35.7651
       35.7188
       35.5887
       35.5686
       35.7863
       36.0047
       35.8776
       35.7083
       35.8421
       36.0444
       36.1827
       35.6314
       34.7374
       34.2829
       34.3334
       37.0629
       38.2995
        38.053
        40.304
       40.6978
       41.1122
       41.3656
       40.3533
       39.4132
       38.3701
       37.5139
       38.6723
       40.4871
       42.0503
       43.5388
       45.1376
       47.1209
       47.1833
       46.9093
        46.935
       47.4104
       46.8174
       46.1598
       45.4355
       45.1423
       45.7183
       46.2558
       46.9176
       47.0142
       47.4396
       46.7819
       45.4191
       44.3141
       43.3579
       42.5157
       41.6269
       40.6651
         39.69
       38.5776
       37.1993
       35.4086
       32.8748
       29.0905
       22.9345
       51.2818
       50.7172
       13.8822
        3.4464
        3.4464
        3.4464
        3.4464
        3.4464
        3.4464
        3.4464
        3.4464
        3.4464
        3.4464
        3.4464
        3.4464
        3.4464
        3.4464
        3.4464
        3.4464
        3.4464
        3.4464
        3.4464
        3.4464
        3.4464
        3.4464
        3.4464
        3.4464
        3.4464
        3.4464
        3.4464
        3.4464
        3.4464
        3.4464
        3.4464
        3.4464
        3.4464
        3.4464
        3.4464
        3.4464
        3.4464
        3.4464
        3.4464
        3.4464
        3.4464
        3.4464
        3.4464
        3.4464
        3.4464
        3.4464
        3.4464
        3.4464
        3.4464
        3.4464
        3.4464
        3.4464
        3.4464
        3.4464
        3.4464
        3.4464
        3.4464
        3.4464
        3.4464
        3.4464
        3.4464
        3.4464
       3.74993
       4.05623
       4.36235
       4.56988
       4.77741
       4.98491
       5.18773
       5.39055
       5.59274
       5.73763
       5.88253
       6.02799
       6.21611
       6.40421
       6.58381
       6.78857
       6.99333
       7.19837
       7.41575
       7.63313
       7.84404
        7.8288
       7.81356
       7.78928
       7.48465
       7.18002
       6.88066
       6.69447
       6.50828
       6.36773
       6.42783
       6.48793
       6.57939
       6.72149
       6.86359
       7.00568
       7.05719
       7.08509
       7.06305
       6.96845
       6.85805
       6.69133
       6.48504
       6.28185
       6.01989
       5.73958
       5.52214
       5.34289
       5.17872
       5.01455
       4.89965
       4.77014
       4.64064
       4.55758
       4.54724
       4.54673
       4.47381
       4.40088
       4.41253
       4.45692
       4.49167
       4.37988
       4.21797
        4.2245
       4.47736
       5.43332
         6.073
       6.41474
       7.29408
       7.74192
       8.14538
       8.45961
       8.46347
       8.46733
       8.49313
       8.67291
       9.46052
       10.5083
       11.5419
       12.5622
       13.5747
       14.5783
       15.0613
       15.3829
       15.7045
       16.0589
       16.1219
       16.1165
       16.0797
       16.1558
       16.4537
       16.7517
       17.0496
       17.1732
       17.2916
       17.0833
       16.6332
       16.1831
       15.7487
       15.3413
       14.9339
       14.5285
       14.1502
       13.7832
       13.4149
       13.0442
       12.6555
       12.2668
       11.9502
            24
            24
       11.9121
