160                           105.7                         
35                            105.7                         
34                            106.02                        
33                            106.91                        
32                            108.04                        
31                            109.27                        
30                            110.56                        
29                            111.87                        
28                            113.22                        
27                            114.59                        
26                            115.97                        
25                            117.43                        
24                            118.85                        
23                            120.35                        
22                            121.82                        
21                            123.33                        
20                            124.83                        
19                            126.36                        
18                            127.88                        
17                            129.4                         
16                            130.92                        
15                            127.07                        
14                            128.99                        
13                            126.48                        
12                            125.78                        
11                            129.64                        
10                            22.575                        
9                             19.588                        
7                             34.866                        
6                             21.474                        
5                             21.674                        
4                             21.618                        
3                             20.896                        
2                             20.306                        
1                             20.444                        
0                             19.621                        
