160                           163.51                        
35                            163.51                        
34                            161.35                        
33                            158.1                         
32                            154.3                         
31                            150.19                        
30                            145.88                        
29                            141.4                         
28                            136.74                        
27                            131.97                        
26                            127.11                        
25                            122.21                        
24                            117.24                        
23                            112.23                        
22                            107.17                        
21                            102.07                        
20                            96.919                        
19                            91.753                        
18                            86.58                         
17                            81.392                        
16                            76.243                        
15                            71.226                        
14                            68.525                        
13                            71.095                        
12                            80.638                        
11                            77.08                         
10                            56.088                        
9                             54.47                         
8                             41.686                        
7                             35.599                        
6                             20.957                        
5                             20.992                        
4                             20.854                        
3                             20.573                        
2                             20.182                        
1                             19.736                        
0                             19.273                        
