160                           5.9691                        
35                            5.9691                        
34                            10.562                        
33                            15.199                        
32                            19.817                        
31                            24.409                        
30                            28.963                        
29                            33.627                        
28                            38.384                        
27                            43.159                        
26                            47.981                        
25                            52.83                         
24                            57.693                        
23                            62.627                        
22                            67.566                        
21                            72.532                        
20                            77.559                        
19                            82.66                         
18                            87.807                        
17                            93.028                        
16                            98.321                        
15                            99.569                        
14                            97.454                        
13                            94.808                        
12                            99.549                        
11                            101.41                        
10                            82.394                        
9                             74.717                        
8                             53.641                        
7                             42.394                        
6                             32.087                        
5                             29.9                          
4                             27.712                        
3                             25.769                        
2                             24.734                        
1                             22.502                        
0                             18.988                        
