       903.346
       903.347
       903.347
       903.347
       903.348
       903.348
       903.349
        903.35
       903.351
       903.352
       903.353
       903.355
       903.356
       903.358
        903.36
       903.362
       903.364
       903.367
       903.369
       903.372
       903.375
       903.378
       903.382
       903.385
       903.389
       903.393
       903.398
       903.402
       903.407
       903.412
       903.417
       903.423
       903.429
       903.435
       903.441
       903.448
       903.456
       903.463
       903.471
       903.479
       903.488
       903.497
       903.507
       903.517
       903.527
       903.538
        903.55
       903.562
       903.574
       903.587
       903.601
       903.615
        903.63
       903.646
       903.662
       903.678
       903.696
       903.714
       903.732
       903.751
       903.771
       903.792
       903.813
       903.835
       903.857
        903.88
       903.903
       903.927
       903.951
       903.975
           904
       904.024
       904.049
       904.073
       904.098
       904.121
       904.144
       904.167
       904.188
       904.208
       904.226
       904.242
       904.256
       904.267
       904.276
       904.281
       904.282
       904.278
        904.27
       904.256
       904.236
       904.209
       904.175
       904.133
       904.082
       904.021
       903.949
       903.867
       903.772
       903.664
       903.542
       903.406
       903.254
       903.086
         902.9
       902.697
       902.475
       902.235
       901.974
       901.694
       901.393
       901.072
        900.73
       900.368
       899.985
       899.582
       899.159
       898.717
       898.257
       897.779
       897.285
       896.775
        896.25
       895.713
       895.164
       894.604
       894.036
        893.46
       892.878
       892.291
       891.701
       891.108
       890.515
       889.923
       889.332
       888.743
       888.158
       887.577
           887
       886.429
       885.864
       885.305
       884.753
       884.208
        883.67
       883.139
       882.616
       882.101
       881.594
       881.095
       880.604
       880.122
       879.649
       879.186
       878.733
       878.291
       877.861
       877.444
        877.04
       876.652
        876.28
       875.926
       875.592
       875.278
       874.988
       874.722
       874.483
       874.272
        874.09
       873.939
       873.821
       873.735
       873.684
       873.667
       873.512
       873.512
       873.512
       873.513
       873.513
       873.514
       873.514
       873.515
       873.516
       873.517
       873.519
        873.52
       873.522
       873.524
       873.526
       873.528
        873.53
       873.532
       873.535
       873.538
       873.541
       873.544
       873.547
       873.551
       873.555
       873.559
       873.563
       873.567
       873.572
       873.577
       873.583
       873.588
       873.594
         873.6
       873.607
       873.614
       873.621
       873.628
       873.636
       873.645
       873.653
       873.662
       873.672
       873.682
       873.693
       873.704
       873.715
       873.727
        873.74
       873.753
       873.766
       873.781
       873.795
       873.811
       873.827
       873.844
       873.861
       873.879
       873.897
       873.917
       873.936
       873.957
       873.978
           874
       874.022
       874.045
       874.068
       874.092
       874.116
        874.14
       874.165
        874.19
       874.214
       874.239
       874.263
       874.287
       874.304
        874.32
       874.336
       874.349
       874.362
       874.372
        874.38
       874.385
       874.388
       874.387
       874.382
       874.373
       874.359
       874.339
       874.313
       874.281
       874.241
       874.193
       874.136
       874.069
       873.992
       873.904
       873.803
        873.69
       873.532
       873.347
       873.135
        872.87
       872.588
       872.291
       871.975
       871.641
        871.33
       871.021
       870.692
       870.342
       870.017
        869.68
       869.322
       868.944
       868.546
       868.148
       867.731
       867.297
       866.846
       866.366
       865.865
       865.323
       864.767
       864.294
       863.894
       863.971
       863.824
       863.468
       862.881
       862.291
       861.702
       861.112
       860.524
       859.939
       859.357
       858.779
       858.206
       857.639
       857.068
       856.493
       855.926
       855.366
       854.813
       854.267
       853.729
       853.221
       852.726
       852.239
       851.761
       851.291
       850.818
       850.354
       849.901
       849.459
       849.028
       848.586
       848.157
       847.744
       847.347
       846.968
       846.608
        846.27
       845.971
       845.704
       845.463
       845.251
       845.055
       844.891
       844.759
       846.718
       846.667
       844.602
       843.677
       843.677
       843.678
       843.678
       843.678
       843.679
        843.68
       843.681
       843.682
       843.683
       843.684
       843.685
       843.687
       843.689
       843.691
       843.693
       843.695
       843.698
         843.7
       843.703
       843.706
       843.709
       843.712
       843.716
        843.72
       843.724
       843.728
       843.733
       843.737
       843.742
       843.748
       843.753
       843.759
       843.765
       843.772
       843.779
       843.786
       843.793
       843.801
       843.809
       843.818
       843.827
       843.837
       843.847
       843.857
       843.868
        843.88
       843.892
       843.904
       843.917
       843.931
       843.945
        843.96
       843.975
       843.991
       844.008
       844.025
       844.043
       844.062
       844.081
       844.101
       844.121
       844.143
       844.164
       844.187
        844.21
       844.233
       844.257
       844.281
       844.306
        844.33
       844.355
        844.38
       844.405
        844.43
       844.454
       844.465
       844.476
       844.485
       844.493
         844.5
       844.505
       844.507
       844.507
       844.504
       844.498
       844.488
       844.473
       844.454
       844.429
       844.399
       844.361
       844.317
       844.264
       844.202
       844.131
       844.049
       843.956
       843.851
       843.733
        843.54
       843.307
       843.036
       842.676
       842.299
       841.908
         841.5
       841.072
       840.711
       840.375
       840.018
        839.64
       839.331
       839.019
       838.686
       838.332
       837.958
       837.602
       837.228
       836.836
       836.427
       835.975
       835.496
       834.948
       834.383
       833.995
       833.762
        834.49
       834.776
       834.648
       834.063
       833.475
       832.887
         832.3
       831.714
       831.131
       830.551
       829.976
       829.406
       828.842
       828.264
       827.674
       827.091
       826.515
       825.947
       825.385
       824.832
       824.331
       823.849
       823.375
       822.909
       822.449
       821.975
       821.511
       821.056
       820.612
        820.18
       819.711
       819.257
       818.817
       818.393
       817.987
         817.6
       817.235
       816.925
       816.655
       816.412
       816.196
       815.985
       815.806
       815.659
       819.668
       819.615
       815.498
       813.842
       813.842
       813.843
       813.843
       813.843
       813.844
       813.845
       813.846
       813.847
       813.848
       813.849
       813.851
       813.852
       813.854
       813.856
       813.858
        813.86
       813.863
       813.865
       813.868
       813.871
       813.874
       813.877
       813.881
       813.885
       813.889
       813.893
       813.897
       813.902
       813.907
       813.912
       813.918
       813.924
        813.93
       813.936
       813.943
        813.95
       813.958
       813.965
       813.974
       813.982
       813.991
       814.001
       814.011
       814.021
       814.032
       814.044
       814.056
       814.068
       814.081
       814.095
       814.109
       814.123
       814.139
       814.155
       814.171
       814.189
       814.207
       814.225
       814.245
       814.264
       814.285
       814.306
       814.328
       814.351
       814.374
       814.397
       814.421
       814.446
        814.47
       814.496
       814.521
       814.546
       814.571
       814.597
       814.621
       814.627
       814.632
       814.636
       814.639
        814.64
        814.64
       814.637
       814.632
       814.625
       814.614
       814.599
        814.58
       814.556
       814.527
       814.492
       814.451
       814.402
       814.345
        814.28
       814.205
        814.12
       814.023
       813.915
       813.793
       813.567
       813.286
       812.957
       812.503
       812.032
        811.55
       811.049
       810.529
       810.119
       809.755
        809.37
       808.964
       808.672
       808.384
       808.075
       807.746
       807.395
       807.081
       806.748
       806.396
       806.028
       805.603
       805.144
       804.588
       804.012
       803.707
       803.639
       805.016
       805.734
       805.832
       805.247
        804.66
       804.072
       803.485
       802.901
       802.319
       801.741
       801.168
         800.6
       800.038
       799.453
       798.847
       798.248
       797.656
       797.072
       796.495
       795.926
       795.433
       794.962
         794.5
       794.046
       793.597
       793.122
       792.656
       792.199
       791.753
       791.317
       790.822
       790.339
       789.871
       789.419
       788.984
       788.568
       788.173
        787.85
       787.575
       787.327
       787.106
       786.879
       786.683
        786.52
       792.582
       792.528
       786.353
       784.007
       784.007
       784.008
       784.008
       784.008
       784.009
        784.01
       784.011
       784.012
       784.013
       784.014
       784.015
       784.017
       784.019
       784.021
       784.023
       784.025
       784.027
        784.03
       784.033
       784.036
       784.039
       784.042
       784.045
       784.049
       784.053
       784.057
       784.062
       784.066
       784.071
       784.077
       784.082
       784.088
       784.094
         784.1
       784.107
       784.114
       784.122
       784.129
       784.138
       784.146
       784.155
       784.165
       784.174
       784.185
       784.196
       784.207
       784.219
       784.231
       784.244
       784.258
       784.272
       784.286
       784.302
       784.318
       784.334
       784.352
       784.369
       784.388
       784.407
       784.427
       784.448
       784.469
       784.491
       784.514
       784.537
       784.561
       784.585
        784.61
       784.635
        784.66
       784.686
       784.712
       784.738
       784.764
       784.789
        784.79
        784.79
       784.789
       784.786
       784.783
       784.778
       784.771
       784.761
       784.749
       784.734
       784.715
       784.692
       784.665
       784.632
       784.594
       784.549
       784.498
       784.438
        784.37
       784.292
       784.204
       784.105
       783.994
        783.87
       783.611
       783.285
       782.899
       782.353
       781.789
       781.215
       780.623
       780.012
       779.553
       779.162
        778.75
       778.316
       778.041
       777.778
       777.492
       777.186
       776.858
       776.584
       776.291
       775.979
       775.649
        775.25
       774.809
       774.243
       773.654
        773.43
       773.525
       775.549
       776.696
        777.02
       776.433
       775.845
       775.256
       774.669
       774.084
       773.502
       772.925
       772.353
       771.787
       771.226
       770.634
       770.012
       769.397
       768.789
       768.189
       767.597
       767.012
       766.525
       766.067
       765.617
       765.174
       764.735
       764.258
        763.79
       763.331
       762.881
       762.441
       761.917
       761.405
       760.907
       760.425
       759.959
       759.512
       759.085
       758.747
       758.465
        758.21
       757.982
       757.735
       757.521
       757.341
       765.462
       765.406
       757.166
       754.172
       754.172
       754.172
       754.173
       754.173
       754.174
       754.175
       754.175
       754.176
       754.177
       754.179
        754.18
       754.182
       754.183
       754.185
       754.187
        754.19
       754.192
       754.194
       754.197
         754.2
       754.203
       754.206
        754.21
       754.214
       754.217
       754.222
       754.226
       754.231
       754.235
       754.241
       754.246
       754.252
       754.258
       754.264
       754.271
       754.278
       754.285
       754.293
       754.301
       754.309
       754.318
       754.328
       754.337
       754.348
       754.358
        754.37
       754.381
       754.394
       754.407
        754.42
       754.434
       754.449
       754.464
        754.48
       754.496
       754.513
       754.531
        754.55
       754.569
       754.589
        754.61
       754.631
       754.653
       754.676
         754.7
       754.724
       754.748
       754.773
       754.799
       754.825
       754.852
       754.878
       754.905
       754.932
       754.958
       754.953
       754.948
       754.942
       754.936
       754.928
       754.918
       754.907
       754.893
       754.877
       754.859
       754.836
        754.81
        754.78
       754.744
       754.704
       754.656
       754.603
       754.541
       754.471
       754.392
       754.303
       754.202
        754.09
       753.965
       753.674
       753.303
       752.862
       752.224
       751.568
       750.904
       750.223
       749.521
       749.015
       748.598
       748.158
       747.697
       747.438
       747.199
       746.937
       746.653
       746.347
       746.112
       745.858
       745.584
       745.291
       744.916
       744.491
       743.914
       743.311
       743.165
       743.421
       746.089
       747.664
       748.211
       747.621
        747.03
       746.439
        745.85
       745.263
       744.681
       744.104
       743.532
       742.966
       742.408
       741.807
       741.168
       740.537
       739.914
       739.298
       738.689
       738.089
       737.609
       737.163
       736.724
       736.293
       735.864
       735.385
       734.913
       734.451
       733.997
       733.552
       732.998
       732.456
       731.926
       731.411
       730.913
       730.432
       729.971
       729.616
       729.324
       729.059
       728.822
       728.553
       728.319
       728.121
       738.305
       738.247
       727.935
       724.337
       724.337
       724.337
       724.337
       724.338
       724.338
       724.339
        724.34
       724.341
       724.342
       724.343
       724.345
       724.346
       724.348
        724.35
       724.352
       724.354
       724.356
       724.359
       724.361
       724.364
       724.367
        724.37
       724.374
       724.378
       724.381
       724.385
        724.39
       724.394
       724.399
       724.404
        724.41
       724.415
       724.421
       724.427
       724.434
       724.441
       724.448
       724.456
       724.464
       724.472
       724.481
        724.49
         724.5
        724.51
       724.521
       724.532
       724.543
       724.556
       724.568
       724.582
       724.595
        724.61
       724.625
       724.641
       724.657
       724.675
       724.692
       724.711
        724.73
        724.75
       724.771
       724.793
       724.815
       724.838
       724.862
       724.886
       724.911
       724.937
       724.963
       724.989
       725.016
       725.044
       725.072
       725.099
       725.127
       725.118
       725.108
       725.097
       725.086
       725.074
       725.061
       725.046
       725.029
       725.009
       724.987
       724.962
       724.934
       724.901
       724.863
       724.821
       724.772
       724.717
       724.654
       724.584
       724.504
       724.414
       724.314
       724.202
       724.076
       723.755
       723.341
       722.846
       722.118
       721.371
       720.619
       719.849
       719.058
       718.504
       718.061
       717.596
       717.107
       716.865
        716.65
       716.411
       716.149
       715.863
       715.667
        715.45
       715.213
       714.956
       714.602
       714.192
       713.601
       712.981
       712.912
       713.327
       716.636
       718.636
       719.405
        718.81
       718.214
       717.619
       717.027
       716.438
       715.854
       715.276
       714.704
       714.138
       713.581
       712.972
       712.317
       711.669
       711.029
       710.397
       709.773
       709.157
       708.684
        708.25
       707.823
       707.403
       706.984
       706.502
       706.027
       705.561
       705.102
       704.651
       704.066
       703.491
       702.928
       702.379
       701.845
       701.329
       700.832
       700.456
       700.151
       699.874
       699.625
       699.333
       699.076
       698.857
        711.11
       711.049
       698.659
       694.501
       694.501
       694.502
       694.502
       694.502
       694.503
       694.504
       694.504
       694.505
       694.506
       694.508
       694.509
       694.511
       694.512
       694.514
       694.516
       694.518
        694.52
       694.523
       694.525
       694.528
       694.531
       694.534
       694.538
       694.541
       694.545
       694.549
       694.553
       694.558
       694.563
       694.568
       694.573
       694.578
       694.584
        694.59
       694.597
       694.604
       694.611
       694.618
       694.626
       694.634
       694.643
       694.652
       694.662
       694.672
       694.682
       694.693
       694.705
       694.717
       694.729
       694.742
       694.756
       694.771
       694.786
       694.801
       694.818
       694.835
       694.853
       694.871
       694.891
       694.911
       694.932
       694.953
       694.976
       694.999
       695.023
       695.047
       695.073
       695.099
       695.126
       695.153
       695.181
       695.209
       695.238
       695.267
       695.296
       695.282
       695.268
       695.253
       695.238
       695.222
       695.205
       695.187
       695.167
       695.144
        695.12
       695.093
       695.062
       695.028
       694.989
       694.945
       694.896
        694.84
       694.778
       694.707
       694.628
       694.539
        694.44
       694.329
       694.205
       693.855
       693.399
       692.851
       692.034
       691.198
       690.358
       689.501
       688.622
       688.022
       687.555
       687.064
       686.548
       686.323
       686.131
       685.915
       685.674
       685.409
        685.25
       685.069
       684.866
       684.643
       684.309
       683.911
       683.304
       682.665
       682.671
       683.241
       687.189
       689.613
       690.601
       689.999
       689.397
       688.797
         688.2
       687.608
       687.021
       686.441
       685.868
       685.302
       684.745
       684.128
       683.455
       682.791
       682.135
       681.488
       680.848
       680.217
       679.751
       679.329
       678.913
       678.505
       678.095
       677.611
       677.132
       676.661
       676.197
       675.739
       675.121
       674.512
       673.915
       673.329
       672.758
       672.203
       671.666
       671.267
       670.947
       670.655
        670.39
       670.072
        669.79
       669.548
       683.876
       683.811
       669.335
       664.666
       664.666
       664.666
       664.666
       664.667
       664.667
       664.668
       664.669
        664.67
       664.671
       664.672
       664.673
       664.675
       664.676
       664.678
        664.68
       664.682
       664.684
       664.687
       664.689
       664.692
       664.695
       664.698
       664.701
       664.705
       664.709
       664.712
       664.717
       664.721
       664.726
       664.731
       664.736
       664.741
       664.747
       664.753
       664.759
       664.766
       664.773
        664.78
       664.788
       664.796
       664.805
       664.814
       664.823
       664.833
       664.843
       664.854
       664.865
       664.877
        664.89
       664.903
       664.916
        664.93
       664.945
       664.961
       664.977
       664.994
       665.012
       665.031
        665.05
        665.07
       665.091
       665.113
       665.135
       665.159
       665.183
       665.208
       665.234
       665.261
       665.288
       665.316
       665.345
       665.375
       665.404
       665.435
       665.465
       665.447
       665.429
        665.41
       665.391
       665.371
       665.351
        665.33
       665.307
       665.283
       665.256
       665.227
       665.195
        665.16
        665.12
       665.076
       665.027
       664.973
       664.911
       664.842
       664.765
       664.678
       664.581
       664.472
       664.351
       663.974
       663.477
       662.878
       661.973
        661.05
       660.125
       659.181
       658.216
       657.571
        657.08
       656.563
       656.021
       655.813
       655.645
       655.451
       655.231
       654.984
       654.861
       654.715
       654.545
       654.354
       654.037
        653.65
       653.025
       652.364
       652.441
       653.165
       657.749
       660.594
       661.799
       661.189
       660.579
       659.972
       659.369
       658.771
        658.18
       657.597
       657.023
       656.457
         655.9
       655.274
       654.585
       653.904
       653.232
       652.569
       651.915
       651.268
       650.809
         650.4
       649.996
       649.599
       649.199
       648.712
        648.23
       647.753
       647.283
       646.817
       646.165
       645.522
       644.887
       644.263
       643.652
       643.055
       642.476
        642.05
       641.711
       641.399
       641.116
       640.768
       640.458
        640.19
         656.6
       656.531
       639.959
        634.83
        634.83
        634.83
        634.83
       634.831
       634.831
       634.832
       634.833
       634.834
       634.835
       634.836
       634.837
       634.839
        634.84
       634.842
       634.844
       634.846
       634.848
        634.85
       634.853
       634.856
       634.858
       634.861
       634.865
       634.868
       634.872
       634.876
        634.88
       634.884
       634.888
       634.893
       634.898
       634.904
       634.909
       634.915
       634.921
       634.928
       634.935
       634.942
       634.949
       634.957
       634.966
       634.974
       634.984
       634.993
       635.003
       635.014
       635.025
       635.037
       635.049
       635.062
       635.075
        635.09
       635.104
        635.12
       635.136
       635.153
        635.17
       635.189
       635.208
       635.228
       635.249
       635.271
       635.294
       635.317
       635.342
       635.368
       635.394
       635.421
       635.449
       635.478
       635.508
       635.539
        635.57
       635.602
       635.635
       635.612
       635.589
       635.567
       635.545
       635.522
       635.499
       635.475
        635.45
       635.423
       635.395
       635.365
       635.332
       635.297
       635.257
       635.214
       635.166
       635.113
       635.053
       634.987
       634.912
       634.829
       634.735
       634.631
       634.514
       634.111
       633.576
       632.927
       631.937
       630.928
       629.918
        628.89
       627.839
       627.151
       626.637
       626.096
       625.528
       625.338
       625.194
       625.021
       624.821
       624.593
       624.504
       624.391
       624.252
       624.091
        623.79
       623.409
       622.763
       622.079
       622.224
       623.098
       628.315
       631.579
       632.999
       632.377
       631.757
       631.141
       630.531
       629.927
       629.331
       628.745
       628.168
       627.601
       627.044
        626.41
       625.703
       625.007
        624.32
       623.641
       622.972
        622.31
        621.86
       621.463
       621.072
       620.687
       620.297
       619.807
       619.321
       618.839
       618.361
       617.887
         617.2
        616.52
       615.847
       615.182
       614.528
       613.887
       613.262
       612.805
       612.443
       612.108
       611.801
       611.419
       611.077
       610.781
       629.279
       629.204
       610.526
       604.994
       604.994
       604.994
       604.994
       604.995
       604.995
       604.996
       604.997
       604.998
       604.999
           605
       605.001
       605.002
       605.004
       605.006
       605.008
       605.009
       605.012
       605.014
       605.016
       605.019
       605.022
       605.025
       605.028
       605.031
       605.035
       605.038
       605.042
       605.046
       605.051
       605.056
        605.06
       605.066
       605.071
       605.077
       605.083
       605.089
       605.096
       605.103
        605.11
       605.118
       605.126
       605.135
       605.144
       605.153
       605.163
       605.174
       605.185
       605.196
       605.208
       605.221
       605.234
       605.248
       605.262
       605.278
       605.294
        605.31
       605.328
       605.346
       605.365
       605.385
       605.406
       605.428
       605.451
       605.475
         605.5
       605.526
       605.553
       605.581
        605.61
        605.64
       605.671
       605.703
       605.735
       605.769
       605.803
       605.776
        605.75
       605.724
       605.699
       605.673
       605.647
       605.621
       605.594
       605.566
       605.537
       605.506
       605.473
       605.438
         605.4
       605.358
       605.312
       605.261
       605.204
       605.141
       605.071
       604.992
       604.904
       604.805
       604.694
       604.266
       603.694
       602.998
       601.924
       600.831
       599.739
       598.629
       597.495
       596.764
       596.229
       595.665
       595.072
       594.899
       594.779
       594.628
       594.447
       594.236
       594.181
       594.098
       593.989
       593.855
       593.566
       593.191
       592.521
       591.809
       592.019
        593.04
       598.887
       602.566
       604.198
       603.563
       602.931
       602.304
       601.685
       601.073
       600.472
       599.881
       599.301
       598.733
       598.176
       597.534
       596.811
       596.098
       595.396
       594.704
        594.02
       593.344
       592.903
        592.52
       592.142
       591.769
        591.39
       590.897
       590.407
        589.92
       589.435
       588.951
       588.229
        587.51
       586.797
       586.089
       585.389
         584.7
       584.025
       583.533
       583.142
       582.779
       582.444
       582.022
       581.644
       581.314
        601.91
       601.827
       581.031
       575.158
       575.158
       575.158
       575.158
       575.159
       575.159
        575.16
       575.161
       575.161
       575.162
       575.164
       575.165
       575.166
       575.168
       575.169
       575.171
       575.173
       575.175
       575.177
        575.18
       575.182
       575.185
       575.188
       575.191
       575.194
       575.197
       575.201
       575.205
       575.209
       575.213
       575.218
       575.222
       575.227
       575.233
       575.238
       575.244
        575.25
       575.257
       575.264
       575.271
       575.278
       575.286
       575.295
       575.303
       575.313
       575.322
       575.332
       575.343
       575.354
       575.366
       575.379
       575.392
       575.405
        575.42
       575.435
        575.45
       575.467
       575.484
       575.502
       575.522
       575.542
       575.563
       575.585
       575.608
       575.632
       575.657
       575.683
       575.711
       575.739
       575.769
         575.8
       575.832
       575.865
       575.899
       575.935
       575.971
        575.94
        575.91
       575.881
       575.852
       575.824
       575.796
       575.768
       575.739
        575.71
       575.681
        575.65
       575.617
       575.583
       575.546
       575.506
       575.463
       575.416
       575.363
       575.305
        575.24
       575.168
       575.086
       574.994
        574.89
       574.441
       573.834
       573.092
       571.936
       570.762
        569.59
       568.399
       567.184
       566.413
       565.857
       565.272
       564.655
         564.5
       564.404
       564.274
       564.112
       563.917
       563.894
        563.84
       563.758
       563.649
        563.37
       562.996
       562.299
       561.555
       561.827
       562.991
       569.464
       573.555
       575.397
       574.746
       574.099
        573.46
       572.829
       572.209
         571.6
       571.004
       570.421
       569.852
       569.296
       568.645
       567.906
       567.179
       566.462
       565.756
       565.059
       564.371
       563.939
        563.57
       563.206
       562.846
       562.478
       561.983
        561.49
       560.997
       560.505
       560.011
       559.253
       558.495
       557.739
       556.986
       556.237
       555.497
       554.767
       554.235
        553.81
       553.412
       553.043
       552.575
       552.153
       551.786
       574.487
       574.395
       551.465
       545.322
       545.322
       545.322
       545.322
       545.322
       545.323
       545.324
       545.324
       545.325
       545.326
       545.327
       545.328
        545.33
       545.331
       545.333
       545.334
       545.336
       545.338
        545.34
       545.343
       545.345
       545.348
        545.35
       545.353
       545.356
        545.36
       545.363
       545.367
       545.371
       545.375
       545.379
       545.384
       545.389
       545.394
       545.399
       545.405
       545.411
       545.417
       545.424
       545.431
       545.438
       545.446
       545.454
       545.462
       545.471
       545.481
       545.491
       545.501
       545.512
       545.524
       545.536
       545.548
       545.562
       545.576
       545.591
       545.606
       545.622
        545.64
       545.658
       545.677
       545.697
       545.718
        545.74
       545.763
       545.787
       545.812
       545.839
       545.867
       545.896
       545.927
       545.959
       545.992
       546.026
       546.062
       546.099
       546.138
       546.103
        546.07
       546.037
       546.006
       545.975
       545.945
       545.915
       545.885
       545.856
       545.826
       545.795
       545.764
       545.731
       545.696
       545.659
        545.62
       545.577
        545.53
       545.477
       545.419
       545.354
       545.281
       545.198
       545.103
       544.634
       543.994
       543.208
       541.974
        540.72
       539.471
       538.202
       536.908
       536.099
       535.525
       534.919
        534.28
       534.143
       534.071
       533.963
       533.819
       533.639
       533.646
        533.62
       533.563
       533.475
       533.203
       532.827
       532.098
        531.32
       531.648
        532.95
       540.046
       544.545
       546.593
       545.923
        545.26
       544.605
       543.962
       543.331
       542.715
       542.113
       541.527
       540.956
         540.4
       539.742
       538.988
       538.246
       537.516
       536.798
       536.089
       535.388
       534.968
       534.614
       534.266
        533.92
       533.564
       533.068
       532.572
       532.075
       531.576
       531.071
       530.276
       529.478
       528.678
       527.877
       527.077
        526.28
       525.491
       524.913
       524.447
       524.007
       523.595
       523.073
       522.601
       522.188
       547.006
       546.902
       521.821
       515.485
       515.485
       515.485
       515.486
       515.486
       515.487
       515.487
       515.488
       515.489
        515.49
       515.491
       515.492
       515.493
       515.494
       515.496
       515.497
       515.499
       515.501
       515.503
       515.505
       515.508
        515.51
       515.513
       515.516
       515.519
       515.522
       515.525
       515.529
       515.533
       515.537
       515.541
       515.545
        515.55
       515.555
        515.56
       515.565
       515.571
       515.577
       515.584
        515.59
       515.597
       515.605
       515.613
       515.621
        515.63
       515.639
       515.648
       515.659
       515.669
        515.68
       515.692
       515.705
       515.718
       515.731
       515.746
       515.761
       515.777
       515.794
       515.812
       515.831
        515.85
       515.871
       515.893
       515.916
       515.941
       515.966
       515.993
       516.022
       516.051
       516.083
       516.116
        516.15
       516.186
       516.223
       516.262
       516.303
       516.265
       516.228
       516.193
       516.159
       516.125
       516.093
       516.062
       516.032
       516.002
       515.972
       515.942
       515.912
       515.881
       515.849
       515.816
       515.781
       515.743
       515.702
       515.657
       515.607
       515.551
       515.487
       515.415
       515.332
       514.845
       514.174
       513.348
       512.038
       510.708
       509.383
        508.04
       506.669
       505.824
       505.235
        504.61
        503.95
       503.833
       503.786
       503.699
       503.572
       503.406
       503.442
       503.441
       503.406
       503.337
       503.067
       502.685
       501.921
       501.102
       501.483
       502.919
       510.631
       515.534
       517.786
       517.094
        516.41
       515.738
        515.08
       514.438
       513.812
       513.204
       512.615
       512.042
       511.488
       510.823
       510.054
         509.3
       508.558
       507.829
       507.109
       506.398
        505.99
       505.654
       505.322
       504.992
       504.649
       504.153
       503.656
       503.154
       502.649
       502.135
       501.302
       500.463
       499.617
       498.766
       497.911
       497.054
         496.2
       495.569
       495.055
       494.563
       494.099
       493.512
       492.979
       492.512
       519.459
        519.34
       492.084
       485.649
       485.649
       485.649
       485.649
        485.65
        485.65
       485.651
       485.651
       485.652
       485.653
       485.654
       485.655
       485.656
       485.657
       485.659
        485.66
       485.662
       485.664
       485.666
       485.668
        485.67
       485.673
       485.675
       485.678
       485.681
       485.684
       485.687
        485.69
       485.694
       485.698
       485.702
       485.706
       485.711
       485.715
        485.72
       485.726
       485.731
       485.737
       485.743
        485.75
       485.756
       485.764
       485.771
       485.779
       485.787
       485.796
       485.805
       485.815
       485.826
       485.836
       485.848
        485.86
       485.872
       485.886
         485.9
       485.915
       485.931
       485.947
       485.965
       485.983
       486.003
       486.023
       486.045
       486.068
       486.093
       486.119
       486.146
       486.175
       486.205
       486.237
       486.271
       486.306
       486.344
       486.383
       486.424
       486.466
       486.425
       486.385
       486.346
        486.31
       486.275
       486.241
       486.209
       486.177
       486.147
       486.118
       486.089
       486.061
       486.032
       486.004
       485.975
       485.945
       485.913
        485.88
       485.843
       485.803
       485.757
       485.705
       485.646
       485.577
       485.073
       484.375
       483.511
       482.128
       480.725
       479.329
       477.914
        476.47
       475.592
       474.989
       474.349
       473.669
       473.573
       473.551
       473.486
       473.376
       473.224
       473.286
       473.309
       473.292
       473.238
       472.967
       472.574
       471.769
       470.905
       471.332
       472.895
       481.219
       486.522
       488.972
       488.254
       487.547
       486.856
       486.181
       485.525
        484.89
       484.275
       483.682
       483.109
       482.557
       481.886
       481.104
       480.338
       479.587
       478.848
       478.119
         477.4
       477.006
       476.689
       476.375
       476.063
       475.735
       475.241
       474.743
       474.239
       473.728
       473.205
       472.335
       471.454
       470.562
       469.659
       468.746
       467.824
       466.899
       466.208
       465.636
       465.082
       464.553
       463.889
       463.282
       462.747
       491.837
       491.699
        462.24
       455.812
       455.812
       455.812
       455.813
       455.813
       455.813
       455.814
       455.814
       455.815
       455.816
       455.817
       455.818
       455.819
        455.82
       455.822
       455.823
       455.825
       455.827
       455.828
        455.83
       455.833
       455.835
       455.837
        455.84
       455.843
       455.846
       455.849
       455.852
       455.855
       455.859
       455.863
       455.867
       455.871
       455.876
        455.88
       455.885
       455.891
       455.896
       455.902
       455.908
       455.915
       455.922
       455.929
       455.937
       455.945
       455.953
       455.962
       455.971
       455.981
       455.992
       456.003
       456.014
       456.027
        456.04
       456.053
       456.068
       456.083
       456.099
       456.116
       456.135
       456.154
       456.174
       456.196
       456.219
       456.243
       456.269
       456.296
       456.326
       456.356
       456.389
       456.424
        456.46
       456.499
        456.54
       456.583
       456.628
       456.582
       456.539
       456.498
       456.459
       456.422
       456.387
       456.354
       456.322
       456.292
       456.263
       456.236
       456.209
       456.184
       456.159
       456.135
       456.111
       456.086
       456.061
       456.034
       456.004
       455.971
       455.933
       455.888
       455.835
       455.319
       454.597
       453.698
       452.245
       450.773
       449.309
       447.826
       446.313
       445.406
       444.793
       444.139
       443.442
       443.369
       443.373
       443.329
       443.237
       443.096
       443.184
       443.227
       443.226
       443.184
       442.907
       442.497
       441.646
        440.73
       441.195
       442.879
       451.808
       457.505
        460.15
       459.402
       458.668
       457.953
        457.26
       456.589
       455.943
       455.322
       454.726
       454.154
       453.604
        452.93
       452.136
       451.361
       450.601
       449.855
        449.12
       448.394
       448.016
       447.721
       447.428
       447.135
       446.824
       446.334
       445.837
       445.332
       444.817
       444.286
        443.38
       442.458
       441.519
       440.563
       439.588
       438.598
       437.596
       436.836
       436.195
       435.567
       434.958
         434.2
       433.501
       432.881
       464.128
       463.967
       432.266
       425.975
       425.975
       425.976
       425.976
       425.976
       425.977
       425.977
       425.978
       425.978
       425.979
        425.98
       425.981
       425.982
       425.983
       425.985
       425.986
       425.987
       425.989
       425.991
       425.993
       425.995
       425.997
       425.999
       426.002
       426.004
       426.007
        426.01
       426.013
       426.016
        426.02
       426.023
       426.027
       426.031
       426.036
        426.04
       426.045
        426.05
       426.055
       426.061
       426.067
       426.073
       426.079
       426.086
       426.094
       426.101
       426.109
       426.118
       426.127
       426.136
       426.146
       426.157
       426.168
        426.18
       426.192
       426.206
        426.22
       426.234
        426.25
       426.267
       426.285
       426.303
       426.324
       426.345
       426.368
       426.392
       426.418
       426.445
       426.474
       426.506
       426.539
       426.574
       426.612
       426.652
       426.694
       426.739
       426.786
       426.738
       426.691
       426.648
       426.606
       426.567
       426.531
       426.497
       426.465
       426.435
       426.407
       426.381
       426.357
       426.335
       426.314
       426.295
       426.278
       426.261
       426.244
       426.228
        426.21
       426.191
       426.169
       426.141
       426.107
       425.582
       424.838
       423.908
        422.39
       420.852
       419.326
       417.779
       416.202
        415.27
        414.65
       413.985
       413.274
       413.225
       413.257
       413.235
        413.16
       413.031
       413.142
       413.203
       413.214
       413.179
       412.891
       412.459
       411.555
       410.579
       411.075
        412.87
       422.396
       428.482
       431.316
       430.532
       429.768
       429.027
       428.312
       427.626
       426.969
       426.341
       425.742
       425.172
       424.627
       423.951
       423.148
       422.365
       421.599
       420.849
        420.11
        419.38
       419.022
        418.75
       418.479
       418.208
       417.917
       417.433
       416.941
       416.437
        415.92
       415.383
       414.443
       413.482
       412.496
       411.485
       410.448
       409.385
         408.3
       407.462
        406.74
       406.021
       405.314
       404.441
       403.627
       402.899
       436.319
       436.127
       402.138
       396.139
       396.139
       396.139
       396.139
       396.139
        396.14
        396.14
       396.141
       396.141
       396.142
       396.143
       396.144
       396.145
       396.146
       396.147
       396.148
        396.15
       396.151
       396.153
       396.155
       396.157
       396.159
       396.161
       396.163
       396.166
       396.168
       396.171
       396.174
       396.177
        396.18
       396.184
       396.187
       396.191
       396.195
       396.199
       396.204
       396.209
       396.214
       396.219
       396.225
        396.23
       396.237
       396.243
        396.25
       396.257
       396.265
       396.273
       396.282
       396.291
         396.3
        396.31
       396.321
       396.332
       396.344
       396.357
        396.37
       396.385
         396.4
       396.416
       396.433
       396.452
       396.471
       396.492
       396.515
       396.539
       396.564
       396.592
       396.621
       396.652
       396.686
       396.722
       396.761
       396.802
       396.846
       396.893
       396.942
        396.89
        396.84
       396.794
        396.75
        396.71
       396.672
       396.637
       396.605
       396.575
       396.548
       396.524
       396.503
       396.484
       396.468
       396.454
       396.443
       396.435
       396.428
       396.423
       396.419
       396.415
        396.41
       396.403
        396.39
       395.859
       395.097
       394.141
       392.562
       390.965
       389.381
       387.776
       386.139
       385.186
       384.564
       383.893
       383.171
       383.149
       383.209
       383.211
       383.152
       383.034
       383.167
       383.244
       383.264
       383.231
       382.926
       382.466
         381.5
       380.455
       380.971
       382.868
       392.982
        399.45
       402.466
       401.641
       400.842
       400.071
       399.333
       398.629
       397.961
       397.327
       396.727
        396.16
       395.623
       394.946
       394.137
        393.35
       392.582
       391.829
       391.089
       390.359
       390.022
       389.777
       389.532
       389.286
       389.017
       388.542
       388.057
       387.558
       387.042
       386.502
       385.531
       384.532
       383.501
       382.437
       381.336
       380.197
       379.022
       378.097
       377.282
       376.455
       375.627
       374.612
       373.652
       372.783
       408.389
       408.161
       371.821
       366.302
       366.302
       366.302
       366.302
       366.302
       366.303
       366.303
       366.304
       366.304
       366.305
       366.306
       366.307
       366.307
       366.309
        366.31
       366.311
       366.312
       366.314
       366.315
       366.317
       366.319
       366.321
       366.323
       366.325
       366.327
       366.329
       366.332
       366.335
       366.338
       366.341
       366.344
       366.347
       366.351
       366.355
       366.359
       366.363
       366.367
       366.372
       366.377
       366.382
       366.388
       366.393
         366.4
       366.406
       366.413
        366.42
       366.428
       366.436
       366.444
       366.453
       366.463
       366.473
       366.484
       366.495
       366.507
        366.52
       366.534
       366.548
       366.564
       366.581
       366.598
       366.617
       366.638
        366.66
       366.683
       366.708
       366.736
       366.765
       366.796
        366.83
       366.867
       366.906
       366.948
       366.994
       367.042
       367.094
       367.038
       366.986
       366.937
       366.891
       366.849
        366.81
       366.774
       366.742
       366.712
       366.687
       366.664
       366.645
        366.63
       366.618
        366.61
       366.606
       366.606
        366.61
       366.617
       366.628
       366.641
       366.656
       366.671
       366.683
       366.149
       365.374
       364.397
       362.762
       361.111
       359.475
       357.819
       356.129
       355.161
       354.541
       353.869
       353.139
       353.146
       353.238
       353.264
       353.223
       353.115
       353.269
       353.358
       353.383
       353.348
        353.02
       352.523
       351.487
       350.363
       350.887
       352.872
       363.563
       370.403
       373.595
       372.723
       371.882
       371.078
       370.314
       369.592
       368.913
       368.274
       367.676
       367.114
       366.587
       365.914
       365.102
       364.314
       363.546
       362.795
       362.058
        361.33
       361.018
       360.802
       360.587
       360.368
       360.125
       359.663
       359.188
       358.697
       358.187
       357.648
        356.65
       355.617
       354.545
       353.429
       352.265
       351.049
       349.781
        348.76
       347.836
       346.881
       345.906
       344.715
        343.57
       342.515
       380.316
       380.042
       341.275
       336.465
       336.465
       336.465
       336.465
       336.465
       336.466
       336.466
       336.466
       336.467
       336.468
       336.468
       336.469
        336.47
       336.471
       336.472
       336.473
       336.474
       336.476
       336.477
       336.479
        336.48
       336.482
       336.484
       336.486
       336.488
        336.49
       336.493
       336.495
       336.498
       336.501
       336.504
       336.507
        336.51
       336.514
       336.517
       336.521
       336.526
        336.53
       336.535
       336.539
       336.545
        336.55
       336.556
       336.562
       336.568
       336.575
       336.582
       336.589
       336.597
       336.606
       336.615
       336.624
       336.635
       336.645
       336.657
       336.669
       336.682
       336.696
       336.711
       336.727
       336.744
       336.762
       336.782
       336.803
       336.826
        336.85
       336.877
       336.906
       336.937
       336.971
       337.008
       337.048
       337.091
       337.138
       337.188
       337.242
       337.183
       337.127
       337.075
       337.027
       336.983
       336.943
       336.907
       336.874
       336.846
       336.821
         336.8
       336.783
       336.771
       336.764
       336.761
       336.764
       336.773
       336.787
       336.807
       336.834
       336.865
       336.902
       336.941
       336.982
       336.449
       335.667
       334.673
        332.99
       331.291
       329.611
       327.911
       326.175
         325.2
       324.588
       323.919
       323.187
       323.227
       323.351
       323.403
        323.38
       323.282
       323.456
       323.556
       323.583
        323.54
       323.184
       322.641
       321.524
       320.309
       320.825
       322.883
       334.136
       341.338
       344.696
       343.768
       342.881
       342.039
       341.248
       340.507
       339.818
       339.177
       338.582
        338.03
       337.516
       336.851
        336.04
       335.255
       334.492
       333.747
       333.015
       332.294
        332.01
       331.828
       331.645
       331.457
       331.244
       330.797
       330.337
        329.86
        329.36
       328.828
       327.807
       326.746
       325.639
       324.476
       323.252
        321.96
       320.595
       319.471
       318.426
       317.322
       316.169
       314.761
        313.38
       312.079
       352.068
       351.738
       310.451
       306.627
       306.627
       306.628
       306.628
       306.628
       306.628
       306.629
       306.629
        306.63
        306.63
       306.631
       306.632
       306.632
       306.633
       306.634
       306.635
       306.637
       306.638
       306.639
        306.64
       306.642
       306.644
       306.645
       306.647
       306.649
       306.651
       306.653
       306.656
       306.658
       306.661
       306.663
       306.666
       306.669
       306.673
       306.676
        306.68
       306.684
       306.688
       306.692
       306.696
       306.701
       306.706
       306.711
       306.717
       306.723
       306.729
       306.736
       306.743
        306.75
       306.758
       306.766
       306.775
       306.785
       306.795
       306.805
       306.817
       306.829
       306.842
       306.856
       306.871
       306.887
       306.905
       306.924
       306.944
       306.966
        306.99
       307.016
       307.044
       307.075
       307.109
       307.146
       307.186
        307.23
       307.278
       307.329
       307.385
       307.322
       307.263
       307.209
       307.159
       307.114
       307.072
       307.035
       307.003
       306.974
        306.95
       306.931
       306.916
       306.907
       306.903
       306.906
       306.915
       306.932
       306.957
       306.991
       307.033
       307.084
       307.144
       307.211
       307.283
       306.757
       305.972
       304.969
       303.244
       301.507
       299.791
       298.056
       296.283
       295.308
       294.712
       294.052
       293.323
       293.398
       293.559
       293.638
       293.635
       293.548
        293.74
       293.849
       293.875
       293.821
       293.429
       292.833
       291.623
         290.3
        290.79
         292.9
       304.697
       312.247
       315.761
       314.768
       313.827
       312.945
       312.124
       311.365
       310.667
       310.027
       309.439
       308.901
       308.406
       307.753
       306.948
       306.171
       305.418
       304.683
       303.962
       303.251
           303
       302.854
       302.706
       302.554
       302.373
       301.948
       301.507
       301.048
       300.564
       300.045
        299.01
        297.93
       296.794
       295.593
       294.316
       292.952
       291.493
       290.262
       289.083
       287.809
       286.445
       284.773
        283.09
       281.464
       323.608
       323.213
       279.294
        276.79
        276.79
        276.79
       276.791
       276.791
       276.791
       276.791
       276.792
       276.792
       276.793
       276.793
       276.794
       276.795
       276.796
       276.796
       276.797
       276.798
         276.8
       276.801
       276.802
       276.803
       276.805
       276.806
       276.808
        276.81
       276.812
       276.814
       276.816
       276.818
        276.82
       276.823
       276.826
       276.828
       276.831
       276.834
       276.838
       276.841
       276.845
       276.849
       276.853
       276.857
       276.862
       276.867
       276.872
       276.877
       276.883
       276.889
       276.895
       276.902
       276.909
       276.917
       276.925
       276.934
       276.943
       276.953
       276.964
       276.975
       276.987
           277
       277.014
       277.029
       277.046
       277.064
       277.083
       277.104
       277.127
       277.152
       277.179
        277.21
       277.243
       277.279
        277.32
       277.364
       277.412
       277.465
       277.523
       277.456
       277.395
       277.338
       277.286
       277.239
       277.196
       277.159
       277.126
       277.097
       277.074
       277.055
       277.043
       277.036
       277.035
       277.043
       277.058
       277.082
       277.117
       277.163
       277.221
       277.293
       277.377
       277.474
       277.582
       277.066
       276.285
        275.28
       273.523
       271.757
       270.017
       268.257
       266.458
       265.493
       264.921
       264.278
       263.556
       263.672
       263.871
        263.98
       263.997
       263.922
       264.132
        264.25
       264.275
       264.205
       263.772
       263.113
       261.799
       260.351
       260.791
       262.924
       275.239
       283.121
       286.779
       285.709
       284.707
        283.78
       282.929
       282.154
       281.451
       280.816
       280.242
       279.722
       279.252
       278.618
       277.824
       277.061
       276.323
       275.604
       274.899
       274.202
       273.987
       273.882
       273.773
       273.659
       273.515
       273.114
       272.699
       272.264
       271.803
       271.306
       270.266
       269.177
       268.024
       266.796
       265.478
       264.053
       262.507
        261.17
       259.852
       258.389
       256.781
       254.791
       252.729
       250.672
       294.889
        294.42
       247.756
       246.953
       246.953
       246.953
       246.953
       246.953
       246.954
       246.954
       246.954
       246.955
       246.955
       246.956
       246.956
       246.957
       246.958
       246.959
       246.959
        246.96
       246.961
       246.962
       246.964
       246.965
       246.966
       246.968
       246.969
       246.971
       246.972
       246.974
       246.976
       246.978
        246.98
       246.982
       246.985
       246.987
        246.99
       246.993
       246.996
       246.999
       247.002
       247.006
       247.009
       247.013
       247.017
       247.022
       247.026
       247.031
       247.036
       247.042
       247.047
       247.054
        247.06
       247.067
       247.074
       247.082
       247.091
         247.1
       247.109
        247.12
       247.131
       247.143
       247.156
        247.17
       247.185
       247.202
        247.22
        247.24
       247.261
       247.285
       247.311
        247.34
       247.373
       247.408
       247.448
       247.492
       247.541
       247.596
       247.655
       247.585
        247.52
        247.46
       247.407
       247.358
       247.315
       247.276
       247.243
       247.214
       247.191
       247.174
       247.162
       247.157
       247.159
       247.169
       247.189
        247.22
       247.263
       247.321
       247.394
       247.485
       247.595
       247.724
       247.871
       247.371
       246.601
       245.604
       243.825
       242.043
       240.291
       238.521
       236.708
       235.764
       235.226
       234.607
       233.899
       234.059
         234.3
        234.44
       234.479
       234.417
       234.647
       234.775
       234.797
       234.712
       234.234
       233.505
       232.073
        230.48
       230.839
       232.959
       245.756
       253.948
       257.733
       256.573
       255.503
       254.527
       253.648
       252.861
       252.159
       251.535
       250.981
       250.488
        250.05
       249.441
       248.667
       247.925
       247.208
       246.511
       245.826
       245.148
       244.974
       244.912
       244.846
       244.774
        244.67
       244.298
       243.913
       243.509
        243.08
       242.613
       241.581
       240.496
       239.342
       238.104
       236.761
       235.292
       233.674
       232.242
       230.788
       229.128
       227.246
       224.884
       222.354
       219.735
       265.857
       265.308
       215.804
       217.116
       217.116
       217.116
       217.116
       217.116
       217.116
       217.117
       217.117
       217.117
       217.118
       217.118
       217.119
       217.119
        217.12
       217.121
       217.121
       217.122
       217.123
       217.124
       217.125
       217.126
       217.127
       217.128
        217.13
       217.131
       217.133
       217.134
       217.136
       217.138
        217.14
       217.142
       217.144
       217.146
       217.148
       217.151
       217.153
       217.156
       217.159
       217.162
       217.165
       217.169
       217.172
       217.176
        217.18
       217.185
       217.189
       217.194
       217.199
       217.205
        217.21
       217.217
       217.223
        217.23
       217.238
       217.246
       217.254
       217.264
       217.274
       217.285
       217.296
       217.309
       217.323
       217.338
       217.355
       217.373
       217.393
       217.415
        217.44
       217.467
       217.498
       217.533
       217.571
       217.615
       217.664
       217.719
        217.78
       217.706
       217.638
       217.576
       217.521
       217.471
       217.427
       217.388
       217.354
       217.325
       217.302
       217.284
       217.273
       217.268
       217.272
       217.284
       217.307
       217.342
       217.392
       217.459
       217.546
       217.655
        217.79
       217.951
       218.141
       217.663
       216.911
       215.933
       214.146
       212.363
       210.617
       208.852
       207.042
       206.133
       205.639
       205.053
       204.366
       204.573
       204.857
        205.03
       205.093
       205.045
       205.297
       205.437
        205.46
       205.361
        204.84
       204.037
       202.476
       200.717
       200.957
       203.013
       216.239
       224.709
       228.602
       227.336
        226.19
       225.166
       224.263
        223.47
       222.778
       222.175
        221.65
       221.193
       220.795
        220.22
       219.473
        218.76
       218.073
       217.404
       216.746
       216.092
       215.962
       215.947
       215.925
       215.897
       215.836
       215.498
       215.148
       214.782
       214.393
       213.969
       212.958
       211.894
       210.758
       209.531
       208.188
       206.701
       205.038
       203.536
       201.963
        200.11
       197.941
       195.161
        192.07
       188.733
       236.456
       235.823
       183.459
       187.278
       187.278
       187.278
       187.278
       187.279
       187.279
       187.279
       187.279
        187.28
        187.28
        187.28
       187.281
       187.281
       187.282
       187.282
       187.283
       187.284
       187.285
       187.285
       187.286
       187.287
       187.288
       187.289
        187.29
       187.292
       187.293
       187.294
       187.296
       187.297
       187.299
       187.301
       187.302
       187.304
       187.306
       187.308
       187.311
       187.313
       187.316
       187.318
       187.321
       187.324
       187.327
       187.331
       187.334
       187.338
       187.342
       187.346
        187.35
       187.355
        187.36
       187.366
       187.371
       187.378
       187.384
       187.391
       187.399
       187.407
       187.416
       187.425
       187.436
       187.447
       187.459
       187.473
       187.487
       187.504
       187.522
       187.542
       187.565
        187.59
       187.619
       187.652
       187.689
       187.731
        187.78
       187.835
       187.897
       187.819
       187.749
       187.685
       187.628
       187.578
       187.533
       187.493
       187.459
        187.43
       187.406
       187.388
       187.376
       187.371
       187.374
       187.386
        187.41
       187.447
         187.5
       187.573
        187.67
       187.794
       187.952
       188.146
       188.379
       187.928
       187.206
       186.259
       184.481
       182.717
       180.997
       179.259
       177.472
       176.613
       176.176
       175.631
       174.971
       175.228
       175.556
       175.763
        175.85
       175.818
       176.095
       176.251
       176.282
       176.177
        175.62
       174.748
       173.056
       171.111
       171.186
       173.105
       186.676
       195.381
       199.355
       197.965
       196.736
       195.669
       194.751
       193.966
       193.296
       192.726
       192.241
       191.831
       191.483
       190.952
       190.241
       189.567
       188.918
       188.286
       187.661
       187.037
       186.954
       186.988
       187.012
       187.029
       187.013
       186.711
       186.401
        186.08
       185.741
       185.373
       184.399
       183.375
       182.281
       181.094
       179.783
       178.314
       176.645
       175.113
        173.46
       171.447
       169.004
       165.787
       162.056
       157.832
       206.633
        205.92
       150.848
       157.441
       157.441
       157.441
       157.441
       157.441
       157.441
       157.441
       157.442
       157.442
       157.442
       157.443
       157.443
       157.443
       157.444
       157.444
       157.445
       157.445
       157.446
       157.447
       157.448
       157.448
       157.449
        157.45
       157.451
       157.452
       157.453
       157.454
       157.455
       157.457
       157.458
       157.459
       157.461
       157.463
       157.464
       157.466
       157.468
        157.47
       157.472
       157.474
       157.477
       157.479
       157.482
       157.485
       157.488
       157.491
       157.494
       157.498
       157.501
       157.505
        157.51
       157.514
       157.519
       157.524
        157.53
       157.536
       157.542
       157.549
       157.557
       157.565
       157.574
       157.583
       157.594
       157.606
       157.618
       157.633
       157.648
       157.666
       157.686
       157.709
       157.735
       157.765
         157.8
        157.84
       157.887
       157.942
       158.005
       157.923
        157.85
       157.786
       157.728
       157.677
       157.632
       157.592
       157.558
       157.528
       157.503
       157.484
        157.47
       157.463
       157.464
       157.474
       157.496
       157.532
       157.584
       157.659
        157.76
       157.894
       158.069
       158.292
        158.57
       158.151
       157.467
       156.569
       154.822
       153.103
       151.437
       149.754
       148.014
       147.225
       146.858
       146.363
       145.733
       146.041
       146.412
       146.649
       146.759
       146.745
       147.049
       147.229
       147.278
       147.184
        146.61
       145.688
       143.877
       141.739
       141.597
       143.278
       157.052
       165.922
       169.944
        168.41
         167.1
       166.002
       165.088
       164.329
         163.7
       163.179
       162.749
       162.396
        162.11
       161.633
       160.971
       160.346
       159.746
        159.16
       158.577
       157.988
       157.956
       158.038
       158.107
       158.168
       158.198
       157.934
       157.668
       157.397
       157.118
       156.818
       155.899
       154.939
       153.916
       152.802
       151.563
       150.158
       148.538
       147.038
       145.373
        143.27
       140.614
       136.994
       132.591
       127.331
       176.353
       175.572
       118.308
       127.603
       127.603
       127.603
       127.603
       127.603
       127.604
       127.604
       127.604
       127.604
       127.604
       127.605
       127.605
       127.605
       127.606
       127.606
       127.607
       127.607
       127.608
       127.608
       127.609
       127.609
        127.61
       127.611
       127.611
       127.612
       127.613
       127.614
       127.615
       127.616
       127.617
       127.618
        127.62
       127.621
       127.622
       127.624
       127.625
       127.627
       127.628
        127.63
       127.632
       127.634
       127.636
       127.639
       127.641
       127.643
       127.646
       127.649
       127.652
       127.655
       127.659
       127.662
       127.666
       127.671
       127.675
        127.68
       127.685
       127.691
       127.697
       127.704
       127.711
       127.719
       127.727
       127.737
       127.748
       127.759
       127.773
       127.788
       127.805
       127.824
       127.846
       127.873
       127.904
        127.94
       127.985
       128.038
       128.102
       128.017
       127.942
       127.877
        127.82
        127.77
       127.725
       127.686
        127.65
        127.62
       127.594
       127.572
       127.556
       127.546
       127.543
       127.549
       127.565
       127.595
       127.642
       127.711
       127.809
       127.943
       128.126
       128.371
        128.69
       128.306
       127.673
       126.844
       125.157
       123.518
       121.945
       120.352
        118.69
       117.994
       117.711
       117.274
       116.677
       117.032
       117.438
       117.701
        117.83
       117.831
       118.165
       118.376
       118.459
         118.4
       117.846
       116.917
        115.03
       112.721
       112.318
       113.623
       127.354
       136.272
       140.296
         138.6
       137.224
       136.124
       135.247
       134.545
       133.982
       133.529
       133.168
       132.885
       132.671
       132.261
        131.66
       131.098
        130.56
       130.033
       129.502
       128.955
       128.973
       129.101
       129.211
       129.312
       129.385
       129.159
       128.939
       128.725
       128.513
       128.295
        127.45
       126.581
        125.66
       124.659
       123.539
       122.256
       120.754
       119.369
       117.792
        115.72
       112.986
       109.095
       104.096
       97.7318
       145.635
       144.806
       86.5473
       97.7657
       97.7657
       97.7658
       97.7658
       97.7659
        97.766
       97.7661
       97.7662
       97.7664
       97.7666
       97.7668
        97.767
       97.7673
       97.7676
       97.7679
       97.7682
       97.7686
       97.7689
       97.7694
       97.7698
       97.7703
       97.7708
       97.7713
       97.7719
       97.7725
       97.7732
       97.7739
       97.7746
       97.7754
       97.7762
       97.7771
        97.778
       97.7789
         97.78
       97.7811
       97.7822
       97.7834
       97.7847
       97.7861
       97.7875
        97.789
       97.7906
       97.7923
       97.7941
        97.796
       97.7981
       97.8002
       97.8025
        97.805
       97.8076
       97.8104
       97.8133
       97.8165
       97.8199
       97.8236
       97.8276
       97.8319
       97.8365
       97.8416
       97.8471
       97.8532
       97.8598
       97.8672
       97.8753
       97.8845
       97.8947
       97.9064
       97.9197
       97.9351
       97.9532
       97.9745
       98.0003
       98.0319
       98.0714
       98.1214
       98.1847
       98.0968
       98.0226
       97.9592
       97.9042
       97.8556
       97.8121
        97.773
       97.7378
       97.7063
       97.6784
       97.6545
       97.6348
       97.6202
       97.6115
       97.6102
        97.618
       97.6376
       97.6727
       97.7282
       97.8116
       97.9333
       98.1084
       98.3576
       98.7064
       98.3572
       97.7886
       97.0568
       95.4702
       93.9618
       92.5324
       91.0796
       89.5371
       88.9582
       88.7696
       88.3949
       87.8314
       88.2213
       88.6492
       88.9256
       89.0665
       89.0796
       89.4416
       89.6882
       89.8205
       89.8294
       89.3513
        88.496
       86.6341
        84.246
       83.5841
       84.3464
       97.5879
        106.33
       110.284
       108.427
       107.034
       105.993
       105.206
       104.603
       104.136
       103.774
       103.497
       103.295
       103.163
       102.831
       102.306
       101.824
       101.366
       100.914
       100.448
       99.9501
       100.019
       100.185
       100.325
       100.457
       100.566
       100.376
       100.204
       100.048
         99.91
       99.7846
       99.0366
       98.2867
       97.5054
       96.6594
        95.711
        94.614
       93.3102
       92.1405
       90.7846
       88.9195
        86.342
       82.4661
       77.1603
       69.8449
       114.588
       113.751
       56.9021
       67.9282
       67.9282
       67.9282
       67.9282
       67.9283
       67.9283
       67.9284
       67.9285
       67.9286
       67.9287
       67.9289
        67.929
       67.9292
       67.9294
       67.9296
       67.9298
       67.9301
       67.9303
       67.9306
       67.9309
       67.9312
       67.9316
       67.9319
       67.9323
       67.9327
       67.9331
       67.9336
       67.9341
       67.9346
       67.9352
       67.9357
       67.9364
        67.937
       67.9377
       67.9384
       67.9392
         67.94
       67.9408
       67.9418
       67.9427
       67.9437
       67.9448
       67.9459
       67.9472
       67.9484
       67.9498
       67.9512
       67.9528
       67.9544
       67.9562
        67.958
         67.96
       67.9622
       67.9645
        67.967
       67.9696
       67.9725
       67.9756
       67.9791
       67.9828
       67.9869
       67.9914
       67.9964
       68.0019
       68.0081
       68.0152
       68.0232
       68.0324
       68.0431
       68.0558
       68.0711
       68.0899
       68.1138
       68.1452
        68.188
       68.2484
       68.1602
       68.0898
       68.0312
       67.9804
        67.935
       67.8938
       67.8559
       67.8208
       67.7883
       67.7585
       67.7314
       67.7075
       67.6871
        67.671
       67.6602
       67.6562
       67.6611
       67.6779
        67.711
       67.7673
       67.8575
       67.9992
       68.2216
       68.5711
       68.2511
       67.7613
       67.1612
       65.7388
        64.434
       63.2197
       61.9738
       60.6083
       60.1689
       60.0752
       59.7648
       59.2362
       59.6377
       60.0576
       60.3262
       60.4685
       60.4887
       60.8682
        61.146
       61.3367
       61.4459
       61.1174
       60.4636
       58.8219
       56.5841
       55.7952
        55.896
       67.8273
       75.9266
        79.672
       77.7255
       76.4424
       75.5703
       74.9544
       74.5051
       74.1705
       73.9206
       73.7398
       73.6233
       73.5768
       73.3349
       72.9061
       72.5259
       72.1688
       71.8125
       71.4331
            71
       71.1111
       71.2978
       71.4496
       71.5943
       71.7281
       71.5739
       71.4503
       71.3527
       71.2856
       71.2579
       70.6324
       70.0375
       69.4342
       68.7885
       68.0655
       67.2231
       66.2039
       65.3541
       64.3643
       62.9298
       60.8488
       57.4924
       52.5397
       44.9278
       83.4987
       82.7274
       31.7225
       38.0906
       38.0906
       38.0906
       38.0906
       38.0906
       38.0907
       38.0907
       38.0908
       38.0908
       38.0909
       38.0909
        38.091
       38.0911
       38.0912
       38.0913
       38.0914
       38.0915
       38.0917
       38.0918
        38.092
       38.0921
       38.0923
       38.0925
       38.0927
       38.0929
       38.0931
       38.0933
       38.0936
       38.0938
       38.0941
       38.0944
       38.0947
        38.095
       38.0954
       38.0957
       38.0961
       38.0965
       38.0969
       38.0974
       38.0979
       38.0984
       38.0989
       38.0995
       38.1001
       38.1007
       38.1014
       38.1022
       38.1029
       38.1037
       38.1046
       38.1056
       38.1066
       38.1076
       38.1088
         38.11
       38.1114
       38.1128
       38.1144
       38.1161
        38.118
       38.1201
       38.1223
       38.1249
       38.1277
       38.1308
       38.1344
       38.1385
       38.1432
       38.1487
       38.1553
       38.1633
       38.1734
       38.1866
        38.205
       38.2332
       38.2818
       38.2019
        38.143
       38.0938
       38.0501
       38.0097
       37.9716
       37.9353
       37.9006
       37.8672
       37.8352
       37.8046
       37.7757
       37.7486
       37.7238
       37.7018
       37.6834
       37.6698
       37.6628
        37.665
       37.6807
       37.7177
       37.7902
       37.9284
       38.2036
       37.9088
       37.5143
       37.0777
       35.9366
       34.9456
       34.0369
       33.0915
       32.0042
       31.7046
       31.6662
        31.422
        30.963
       31.3161
       31.6652
       31.8925
        32.029
       32.0644
       32.4299
       32.7156
       32.9534
       33.1701
       33.0656
       32.7711
       31.6835
       30.0785
       29.5733
       29.2507
       38.3701
        44.791
       47.9577
       46.2667
       45.3803
       44.8538
       44.5115
       44.2754
       44.1074
       43.9881
        43.909
       43.8719
       43.8953
       43.7532
       43.4553
       43.2062
       42.9748
       42.7415
       42.4834
       42.1542
       42.2822
        42.451
       42.5825
       42.7117
       42.8459
       42.7368
       42.6669
       42.6221
       42.6095
       42.6592
       42.2033
       41.8092
       41.4241
       41.0198
       40.5728
       40.0531
       39.4096
       38.9614
       38.4571
       37.6744
       36.4902
       34.3854
       31.0118
        24.895
       52.9429
       52.3976
       14.9123
         8.253
         8.253
         8.253
         8.253
         8.253
         8.253
         8.253
         8.253
         8.253
         8.253
         8.253
         8.253
         8.253
         8.253
         8.253
         8.253
         8.253
         8.253
         8.253
         8.253
         8.253
         8.253
         8.253
         8.253
         8.253
         8.253
         8.253
         8.253
         8.253
         8.253
         8.253
         8.253
         8.253
         8.253
         8.253
         8.253
         8.253
         8.253
         8.253
         8.253
         8.253
         8.253
         8.253
         8.253
         8.253
         8.253
         8.253
         8.253
         8.253
         8.253
         8.253
         8.253
         8.253
         8.253
         8.253
         8.253
         8.253
         8.253
         8.253
         8.253
         8.253
         8.253
         8.253
         8.253
         8.253
         8.253
         8.253
         8.253
         8.253
         8.253
         8.253
         8.253
         8.253
         8.253
         8.253
       8.25296
       8.21869
       8.18441
       8.15013
       8.11586
       8.08158
        8.0473
       8.01303
       7.97875
       7.94447
       7.91019
       7.87592
       7.84164
       7.80736
       7.77309
       7.73881
       7.70453
       7.67026
       7.63598
        7.6017
       7.56743
       7.53315
       7.49887
        7.4646
       7.43032
       7.22701
       6.95088
       6.61428
       6.07631
       5.53833
       5.01225
       4.48846
       3.96467
       3.68144
       3.52276
       3.36408
        3.2054
         3.299
       3.43955
        3.5801
       3.72065
        3.8612
       4.10576
       4.35053
        4.5953
       4.84007
       5.01088
       5.14482
       5.12446
       5.08937
       5.57644
       6.51974
       10.1536
       12.5772
       13.8606
       13.8817
       13.9029
       13.9241
       13.9452
       13.9664
       13.9876
       14.0087
       14.0299
        14.051
       14.0722
       14.0395
       13.9557
       13.8718
        13.788
       13.7042
       13.6204
       13.5366
       13.5785
        13.649
       13.7196
       13.7902
        13.855
        13.855
        13.855
        13.855
        13.855
       13.8538
       13.7195
       13.5853
        13.451
       13.3167
       13.1824
       13.0482
       12.9139
        12.871
        12.871
        12.871
       12.8687
       12.7974
       12.7261
       12.6547
            24
            24
       12.6415
