160                           54.948                        
35                            54.948                        
34                            54.815                        
33                            54.86                         
32                            54.992                        
31                            55.176                        
30                            55.4                          
29                            55.651                        
28                            55.961                        
27                            56.302                        
26                            56.665                        
25                            57.048                        
24                            57.393                        
23                            57.749                        
22                            58.118                        
21                            58.503                        
20                            58.903                        
19                            59.315                        
18                            59.774                        
17                            60.269                        
16                            60.778                        
15                            58.884                        
14                            47.152                        
13                            45.388                        
12                            46.023                        
11                            45.539                        
10                            45.349                        
9                             46.379                        
8                             46.261                        
7                             25.076                        
6                             24.954                        
5                             24.273                        
4                             23.489                        
3                             22.659                        
2                             21.808                        
1                             20.946                        
0                             20.077                        
