160                           4.9202                        
18                            4.9202                        
17                            5.4879                        
16                            6.0445                        
15                            9.071                         
13                            12.181                        
12                            10.557                        
11                            10.328                        
10                            79.588                        
9                             107.55                        
8                             101.8                         
7                             81.669                        
6                             51.508                        
5                             47.934                        
4                             43.914                        
3                             35.885                        
2                             31.712                        
1                             27.632                        
0                             19.976                        
