160                           16.629                        
35                            16.629                        
34                            22.666                        
33                            29.151                        
32                            35.835                        
31                            42.711                        
30                            49.696                        
29                            54.701                        
28                            59.725                        
27                            64.902                        
26                            70.157                        
25                            75.519                        
24                            80.928                        
23                            86.455                        
22                            92.013                        
21                            97.643                        
20                            103.33                        
19                            109.06                        
18                            114.86                        
17                            120.7                         
16                            126.58                        
15                            121.99                        
14                            118.68                        
13                            115                           
12                            118.81                        
11                            122.72                        
10                            70.406                        
9                             56.278                        
8                             36.666                        
7                             44.103                        
6                             35.205                        
5                             34.039                        
4                             33.009                        
3                             31.076                        
2                             28.162                        
1                             24.488                        
0                             19.882                        
