160                           7.1549                        
15                            7.1549                        
13                            10.377                        
12                            8.253                         
11                            8.1859                        
10                            77.494                        
9                             104                           
8                             97.226                        
7                             74.585                        
6                             45.399                        
5                             42.585                        
4                             37.479                        
3                             29.271                        
2                             27.515                        
1                             21.374                        
0                             17.626                        
