160                           82.949                        
35                            82.949                        
34                            82.655                        
33                            82.733                        
32                            82.936                        
31                            83.184                        
30                            83.446                        
29                            83.711                        
28                            83.976                        
27                            84.232                        
26                            84.475                        
25                            84.705                        
24                            84.92                         
23                            85.121                        
22                            85.306                        
21                            85.477                        
20                            85.628                        
19                            85.76                         
18                            85.874                        
17                            85.97                         
16                            86.058                        
15                            78.027                        
14                            70.774                        
13                            63.882                        
12                            55.872                        
11                            53.588                        
10                            39.357                        
9                             38.117                        
8                             36.069                        
7                             22.58                         
6                             20.427                        
5                             20.418                        
4                             20.381                        
3                             20.331                        
2                             20.27                         
1                             20.2                          
0                             20.12                         
