0                             
0                             3.1494                        
1                             3.1494                        
2                             3.1494                        
3                             3.1494                        
4                             3.1494                        
5                             3.1494                        
6                             3.1494                        
7                             3.1494                        
8                             3.1494                        
9                             3.1494                        
10                            3.1494                        
11                            3.1494                        
12                            3.1494                        
13                            3.1494                        
14                            3.1494                        
15                            3.1494                        
16                            3.1494                        
17                            3.1494                        
18                            3.1494                        
19                            3.1494                        
20                            3.1494                        
21                            3.1494                        
22                            3.1494                        
23                            3.1494                        
24                            3.1494                        
25                            3.1494                        
26                            3.1494                        
27                            3.1494                        
28                            3.1494                        
29                            3.1494                        
30                            3.1494                        
31                            3.1494                        
32                            3.1494                        
33                            3.1494                        
34                            3.1494                        
35                            3.1494                        
36                            3.1494                        
37                            3.1494                        
38                            3.1494                        
39                            3.1494                        
40                            3.1494                        
41                            3.1494                        
42                            3.1494                        
43                            3.1494                        
44                            3.1494                        
45                            3.1494                        
46                            3.1494                        
47                            3.1494                        
48                            3.1494                        
49                            3.1494                        
50                            3.1494                        
51                            3.1494                        
52                            3.1494                        
53                            3.1494                        
54                            3.1494                        
55                            3.1494                        
56                            3.1494                        
57                            3.1494                        
58                            3.1494                        
59                            3.1494                        
60                            3.1494                        
61                            3.1494                        
62                            3.1494                        
63                            3.1494                        
64                            3.1494                        
65                            3.1494                        
66                            3.1494                        
67                            3.1494                        
68                            3.1494                        
69                            3.1494                        
70                            3.1494                        
71                            3.1494                        
72                            3.1494                        
73                            3.1494                        
74                            3.1494                        
75                            3.1494                        
76                            3.1563                        
77                            3.1631                        
78                            3.17                          
79                            3.1768                        
80                            3.1837                        
81                            3.1905                        
82                            3.1974                        
83                            3.2043                        
84                            3.2111                        
85                            3.218                         
86                            3.2248                        
87                            3.2317                        
88                            3.2385                        
89                            3.2454                        
90                            3.2522                        
91                            3.2591                        
92                            3.2659                        
93                            3.2728                        
94                            3.2797                        
95                            3.2865                        
96                            3.2934                        
97                            3.3002                        
98                            3.3071                        
99                            3.3139                        
100                           3.3546                        
101                           3.4098                        
102                           3.4771                        
103                           3.5847                        
104                           3.6923                        
105                           3.7976                        
106                           3.9023                        
107                           4.0071                        
108                           4.0637                        
109                           4.0954                        
110                           4.1272                        
111                           4.1589                        
112                           4.1402                        
113                           4.1121                        
114                           4.084                         
115                           4.0559                        
116                           4.0278                        
117                           3.9788                        
118                           3.9299                        
119                           3.8809                        
120                           3.832                         
121                           3.7978                        
122                           3.771                         
123                           3.7751                        
124                           3.7821                        
125                           3.6847                        
126                           3.4961                        
127                           2.7693                        
128                           2.2846                        
129                           2.0279                        
130                           2.0237                        
131                           2.0194                        
132                           2.0152                        
133                           2.011                         
134                           2.0067                        
135                           2.0025                        
136                           1.9983                        
137                           1.994                         
138                           1.9898                        
139                           1.9856                        
140                           1.9921                        
141                           2.0089                        
142                           2.0256                        
143                           2.0424                        
144                           2.0592                        
145                           2.0759                        
146                           2.0927                        
147                           2.0843                        
148                           2.0702                        
149                           2.0561                        
150                           2.042                         
151                           2.029                         
152                           2.029                         
153                           2.029                         
154                           2.029                         
155                           2.029                         
156                           2.0292                        
157                           2.0561                        
158                           2.0829                        
159                           2.1098                        
160                           2.1367                        
161                           2.1635                        
162                           2.1904                        
163                           2.2172                        
164                           2.2258                        
165                           2.2258                        
166                           2.2258                        
167                           2.2263                        
168                           2.2405                        
169                           2.2548                        
170                           2.2691                        
171                           0                             
172                           0                             
173                           2.2717                        
