160                           72.935                        
10                            72.935                        
9                             102.26                        
8                             100.79                        
7                             82.314                        
6                             55.82                         
5                             49.309                        
4                             44.497                        
3                             42.753                        
2                             40.349                        
1                             32.222                        
0                             20.342                        
