9                             
0                             3.7689                        
1                             3.7689                        
2                             3.7689                        
3                             3.7689                        
4                             3.7689                        
5                             3.7689                        
6                             3.7689                        
7                             3.7689                        
8                             3.7689                        
9                             3.7689                        
10                            3.7689                        
11                            3.7689                        
12                            3.7689                        
13                            3.7689                        
14                            3.7689                        
15                            3.7689                        
16                            3.7689                        
17                            3.7689                        
18                            3.7689                        
19                            3.7689                        
20                            3.7689                        
21                            3.7689                        
22                            3.7689                        
23                            3.7689                        
24                            3.7689                        
25                            3.7689                        
26                            3.7689                        
27                            3.7689                        
28                            3.7689                        
29                            3.7689                        
30                            3.7689                        
31                            3.7689                        
32                            3.7689                        
33                            3.7689                        
34                            3.7689                        
35                            3.7689                        
36                            3.7689                        
37                            3.7689                        
38                            3.7689                        
39                            3.7689                        
40                            3.7689                        
41                            3.7689                        
42                            3.7689                        
43                            3.7689                        
44                            3.7689                        
45                            3.7689                        
46                            3.7689                        
47                            3.7689                        
48                            3.7689                        
49                            3.7689                        
50                            3.7689                        
51                            3.7689                        
52                            3.7689                        
53                            3.7689                        
54                            3.7689                        
55                            3.7689                        
56                            3.7689                        
57                            3.7689                        
58                            3.7689                        
59                            3.7689                        
60                            3.7689                        
61                            3.7689                        
62                            3.7298                        
63                            3.6903                        
64                            3.6509                        
65                            3.6241                        
66                            3.5974                        
67                            3.5706                        
68                            3.5445                        
69                            3.5183                        
70                            3.4923                        
71                            3.4736                        
72                            3.4549                        
73                            3.4362                        
74                            3.4119                        
75                            3.3877                        
76                            3.367                         
77                            3.343                         
78                            3.3191                        
79                            3.2951                        
80                            3.2695                        
81                            3.2439                        
82                            3.2192                        
83                            3.2236                        
84                            3.228                         
85                            3.2335                        
86                            3.2752                        
87                            3.3169                        
88                            3.358                         
89                            3.3844                        
90                            3.4108                        
91                            3.4314                        
92                            3.4261                        
93                            3.4208                        
94                            3.4114                        
95                            3.3955                        
96                            3.3797                        
97                            3.3638                        
98                            3.3596                        
99                            3.3584                        
100                           3.3757                        
101                           3.4076                        
102                           3.4457                        
103                           3.5055                        
104                           3.5703                        
105                           3.6339                        
106                           3.7049                        
107                           3.7783                        
108                           3.8265                        
109                           3.8608                        
110                           3.8933                        
111                           3.9257                        
112                           3.9339                        
113                           3.9406                        
114                           3.9473                        
115                           3.948                         
116                           3.9393                        
117                           3.922                         
118                           3.914                         
119                           3.906                         
120                           3.8871                        
121                           3.8692                        
122                           3.8552                        
123                           3.8711                        
124                           3.8944                        
125                           3.859                         
126                           3.7593                        
127                           3.3777                        
128                           3.1229                        
129                           2.9876                        
130                           2.8728                        
131                           2.8135                        
132                           2.76                          
133                           2.718                         
134                           2.716                         
135                           2.714                         
136                           2.7092                        
137                           2.6845                        
138                           2.5815                        
139                           2.4449                        
140                           2.314                         
141                           2.1885                        
142                           2.0639                        
143                           1.9405                        
144                           1.8842                        
145                           1.8487                        
146                           1.8133                        
147                           1.7646                        
148                           1.7515                        
149                           1.7471                        
150                           1.7469                        
151                           1.7324                        
152                           1.694                         
153                           1.6556                        
154                           1.6172                        
155                           1.6013                        
156                           1.5861                        
157                           1.6225                        
158                           1.6901                        
159                           1.7576                        
160                           1.8232                        
161                           1.8853                        
162                           1.9473                        
163                           2.0091                        
164                           2.0609                        
165                           2.1082                        
166                           2.1557                        
167                           2.2036                        
168                           2.2588                        
169                           2.314                         
170                           2.3599                        
171                           0                             
172                           0                             
173                           2.3657                        
