160                           49.667                        
35                            49.667                        
34                            47.439                        
33                            44.057                        
32                            40.687                        
31                            37.466                        
30                            33.966                        
29                            30.008                        
28                            26.554                        
27                            23.486                        
26                            20.48                         
25                            17.515                        
24                            14.7                          
23                            12.036                        
22                            9.5206                        
21                            7.071                         
10                            65.971                        
9                             107.29                        
8                             112.09                        
7                             95.602                        
6                             78.91                         
5                             72.257                        
4                             62.008                        
3                             51.934                        
2                             41.649                        
1                             31.25                         
0                             20.688                        
