160                           109.04                        
35                            109.04                        
34                            109.71                        
33                            111.09                        
32                            112.74                        
31                            114.43                        
30                            116.17                        
29                            117.88                        
28                            119.59                        
27                            121.34                        
26                            123.12                        
25                            124.91                        
24                            126.72                        
23                            128.56                        
22                            130.45                        
21                            132.33                        
20                            134.27                        
19                            136.2                         
18                            138.18                        
17                            140.18                        
16                            142.21                        
15                            136.44                        
14                            138.28                        
13                            135.06                        
12                            137.76                        
11                            142.37                        
10                            52.073                        
9                             38.964                        
8                             25.2                          
7                             47.096                        
6                             34.199                        
5                             33.418                        
4                             31.364                        
3                             28.911                        
2                             25.62                         
1                             23.767                        
0                             19.817                        
