160                           25.732                        
35                            25.732                        
34                            24.133                        
33                            22.191                        
32                            20.059                        
31                            17.907                        
30                            15.798                        
29                            13.642                        
28                            11.445                        
10                            69.75                         
9                             71.751                        
8                             54.507                        
7                             44.597                        
6                             31.371                        
5                             29.447                        
4                             27.403                        
3                             25.423                        
2                             23.683                        
1                             21.583                        
0                             19.401                        
