        898.41
       898.414
        898.41
       898.402
       898.392
       898.379
       898.364
       898.348
       898.331
       898.314
       898.296
       898.279
       898.263
       898.249
       898.236
       898.225
       898.217
       898.213
       898.213
       898.217
       898.228
       898.244
       898.268
         898.3
       898.341
       898.393
       898.456
       898.532
       898.622
       898.728
       898.851
       898.993
       899.156
       899.341
       899.551
       899.788
       900.054
       900.352
       900.684
       901.053
       901.461
       901.913
        902.41
       902.958
       903.558
       904.216
       904.936
       905.723
       906.582
       907.519
        908.54
        909.65
       910.856
       912.165
       913.584
       915.122
       916.786
       918.587
       920.533
       922.633
       924.893
       927.198
       929.117
       930.744
       932.141
       933.354
       934.418
       935.357
       936.192
       936.939
       937.613
       938.228
       938.802
       939.329
       939.796
       940.192
       940.505
       940.727
        940.85
       940.849
       940.698
       940.387
       939.865
        939.06
       937.967
       936.625
       935.082
       933.363
       931.455
       929.556
       928.145
        927.17
        926.55
       926.211
       926.091
       926.143
       926.327
       926.611
       926.969
       927.376
       927.813
       928.263
       928.714
       929.154
        929.57
       929.953
       930.293
       930.581
       930.807
       931.126
       931.638
       932.287
       933.028
       933.824
       934.642
       935.453
       936.229
       936.946
       937.588
       938.152
        938.66
       939.122
       939.533
       939.888
       940.191
       940.441
       940.639
       940.787
       940.882
       940.919
       940.888
       940.785
       940.616
       940.398
       940.147
       939.867
       939.536
       939.107
       938.564
       937.919
       937.175
       936.337
       935.405
       934.382
       933.264
       932.037
       930.676
       929.166
       927.489
       925.628
       923.563
       921.273
       918.787
       916.268
       913.685
       911.011
       908.231
       905.361
       902.663
       900.279
       898.197
       896.372
       894.789
       893.439
       892.317
       891.422
       890.729
       890.224
       889.915
        889.81
       889.911
       890.153
       890.288
        890.34
       869.122
       869.121
       869.116
       869.108
       869.097
       869.084
       869.069
       869.053
       869.036
       869.019
       869.002
       868.985
       868.969
       868.954
       868.941
       868.931
       868.923
       868.919
       868.918
       868.923
       868.933
        868.95
       868.973
       869.005
       869.046
       869.098
       869.161
       869.237
       869.327
       869.432
       869.555
       869.697
        869.86
       870.045
       870.255
       870.492
       870.758
       871.055
       871.387
       871.755
       872.163
       872.614
       873.111
       873.657
       874.257
       874.926
       875.657
       876.456
       877.327
       878.276
       879.308
       880.429
       881.647
       882.967
       884.398
       885.947
       887.624
       889.436
       891.396
       893.513
       895.804
       898.098
       900.025
       901.663
       903.072
       904.298
       905.374
       906.326
       907.173
       907.934
        908.62
       909.242
       909.794
       910.298
       910.742
       911.114
       911.403
       911.605
       911.706
       911.681
       911.506
       911.172
       910.583
       909.684
       908.503
       907.094
       905.551
       903.826
       901.953
       900.225
        898.89
        898.02
       897.427
       897.109
       897.013
       897.089
       897.299
       897.574
       897.912
       898.301
       898.721
       899.154
       899.582
       899.967
       900.329
       900.658
       900.945
        901.18
       901.351
       901.649
       902.132
       902.807
       903.575
       904.396
       905.237
        906.07
       906.868
       907.606
       908.268
       908.851
       909.381
       909.862
       910.292
       910.666
       911.012
       911.336
       911.609
       911.829
       911.999
       912.121
       912.174
       912.153
       912.068
       911.934
        911.78
       911.603
       911.371
       911.041
         910.6
       910.015
        909.31
       908.509
       907.616
       906.623
         905.4
       904.066
       902.611
       901.006
       899.234
       897.276
        895.11
       892.739
       890.186
       887.593
       884.932
       882.176
       879.293
       876.356
       873.721
       871.366
         869.3
       867.476
       865.893
       864.544
       863.423
        862.53
       861.836
       861.331
       861.026
       860.929
       861.047
        863.12
        863.25
       861.449
       839.756
       839.755
       839.749
       839.741
        839.73
       839.716
       839.702
       839.686
       839.669
       839.651
       839.634
       839.617
       839.601
       839.587
       839.574
       839.563
       839.555
       839.551
       839.551
       839.555
       839.565
       839.582
       839.605
       839.637
       839.678
       839.729
       839.792
       839.867
       839.957
       840.062
       840.185
       840.326
       840.488
       840.673
       840.882
       841.118
       841.383
        841.68
        842.01
       842.378
       842.784
       843.234
       843.729
       844.273
        844.87
       845.548
       846.289
       847.097
       847.977
       848.935
       849.976
       851.107
       852.334
       853.664
       855.104
       856.663
       858.349
       860.172
       862.144
       864.275
        866.58
        868.88
       870.815
       872.462
       873.881
       875.118
       876.204
       877.167
       878.026
         878.8
         879.5
       880.133
       880.668
       881.155
       881.581
       881.936
       882.208
       882.396
       882.479
       882.435
       882.241
       881.888
       881.223
       880.221
       878.939
       877.453
       875.896
       874.143
       872.299
       870.677
       869.422
       868.633
       868.041
       867.719
       867.623
       867.702
       867.919
       868.166
       868.468
       868.823
       869.208
       869.609
       869.999
       870.314
       870.606
       870.864
       871.081
        871.25
       871.375
        871.68
       872.166
       872.897
       873.716
       874.584
       875.469
       876.343
       877.179
       877.954
       878.649
       879.266
       879.827
       880.339
       880.798
       881.202
       881.601
       882.008
       882.363
       882.665
       882.915
       883.128
        883.27
       883.338
        883.34
       883.293
        883.24
       883.164
       883.031
       882.804
       882.466
       881.943
       881.278
        880.52
       879.671
       878.714
       877.392
       875.961
       874.418
       872.726
       870.862
       868.808
       866.542
       864.093
       861.463
       858.791
       856.046
       853.199
       850.211
       847.247
       844.645
       842.316
        840.27
        838.45
       836.871
       835.526
       834.414
       833.528
       832.833
       832.334
       832.042
       831.963
       832.109
       836.021
       836.144
       832.485
       810.319
       810.316
       810.311
       810.302
       810.291
       810.277
       810.263
       810.246
        810.23
       810.212
       810.195
       810.178
       810.162
       810.148
       810.135
       810.124
       810.116
       810.112
       810.111
       810.116
       810.126
       810.142
       810.165
       810.197
       810.237
       810.288
       810.351
       810.426
       810.515
        810.62
       810.741
       810.882
       811.043
       811.227
       811.435
        811.67
       811.933
       812.228
       812.557
       812.922
       813.327
       813.774
       814.266
       814.806
       815.399
       816.085
       816.834
       817.649
       818.537
       819.502
        820.55
       821.688
       822.922
       824.259
       825.707
       827.274
       828.968
       830.801
       832.782
       834.923
       837.239
       839.548
       841.491
       843.146
       844.574
       845.819
       846.915
       847.887
       848.758
       849.545
       850.263
        850.91
       851.432
       851.904
       852.317
        852.66
       852.921
       853.096
       853.166
       853.104
       852.894
       852.513
       851.767
       850.658
       849.267
       847.698
       846.118
       844.324
       842.487
       840.947
       839.754
       839.028
       838.415
       838.069
       837.953
       838.019
       838.226
       838.429
       838.681
       838.986
       839.324
       839.678
       840.015
       840.243
       840.447
       840.616
       840.741
       840.814
       840.925
       841.274
       841.792
       842.607
       843.502
       844.436
       845.382
       846.311
         847.2
       848.023
       848.764
       849.425
       850.026
       850.577
       851.075
       851.516
       851.975
       852.473
       852.916
       853.305
       853.641
       853.949
       854.185
       854.345
       854.439
       854.483
       854.532
       854.559
       854.525
       854.402
       854.169
       853.711
       853.089
       852.375
       851.575
       850.661
       849.245
       847.724
         846.1
       844.324
       842.372
       840.223
       837.858
       835.331
       832.622
       829.868
       827.039
       824.105
       821.031
       818.032
       815.452
       813.145
       811.119
       809.305
       807.733
       806.397
       805.295
       804.415
       803.728
        803.24
       802.967
       802.914
       803.092
       808.853
       808.968
       803.443
       780.814
       780.811
       780.805
       780.796
       780.785
       780.771
       780.757
        780.74
       780.724
       780.706
       780.689
       780.672
       780.657
       780.642
       780.629
       780.618
        780.61
       780.606
       780.605
        780.61
       780.619
       780.635
       780.659
        780.69
        780.73
        780.78
       780.842
       780.916
       781.005
       781.109
       781.229
       781.369
       781.529
       781.711
       781.918
       782.151
       782.413
       782.705
       783.032
       783.394
       783.795
       784.239
       784.727
       785.263
       785.851
       786.542
       787.297
       788.119
       789.012
       789.982
       791.036
        792.18
       793.419
       794.762
       796.216
       797.789
        799.49
       801.329
       803.318
       805.468
       807.792
        810.11
       812.059
       813.721
       815.156
       816.409
       817.513
       818.496
       819.378
       820.179
       820.917
       821.579
       822.088
       822.549
       822.952
       823.285
       823.538
       823.705
       823.763
       823.685
       823.459
       823.043
       822.208
       820.987
       819.486
       817.833
       816.222
       814.386
       812.532
       811.059
       809.908
       809.224
       808.571
       808.183
       808.033
       808.069
       808.253
       808.399
       808.586
        808.83
       809.108
       809.401
       809.672
       809.797
       809.895
       809.954
       809.967
        809.94
       810.033
       810.471
       811.056
       811.982
       812.973
       813.992
       815.014
       816.012
       816.963
       817.845
        818.64
       819.354
       820.002
       820.599
       821.141
       821.626
        822.15
       822.743
        823.28
        823.76
       824.186
       824.593
       824.925
       825.179
       825.367
       825.505
       825.658
        825.79
        825.86
       825.842
       825.714
       825.322
       824.747
       824.083
       823.336
        822.47
       820.964
       819.357
       817.657
       815.801
       813.763
       811.522
       809.056
        806.45
       803.663
       800.828
       797.915
       794.896
       791.739
       788.706
       786.148
       783.864
       781.859
       780.053
        778.49
       777.163
       776.072
       775.202
       774.527
       774.056
       773.808
       773.787
       773.995
       781.614
        781.72
       774.317
       751.248
       751.246
        751.24
        751.23
       751.219
       751.206
       751.191
       751.175
       751.158
       751.141
       751.124
       751.107
       751.091
       751.077
       751.064
       751.053
       751.045
       751.041
        751.04
       751.044
       751.054
       751.069
       751.092
       751.123
       751.162
       751.212
       751.273
       751.347
       751.434
       751.537
       751.656
       751.794
       751.953
       752.133
       752.338
       752.569
       752.828
       753.118
       753.441
         753.8
       754.198
       754.637
        755.12
        755.65
       756.231
       756.928
       757.688
       758.514
       759.411
       760.386
       761.444
       762.591
       763.835
       765.181
       766.639
       768.217
       769.923
       771.768
       773.762
       775.918
        778.25
       780.574
       782.529
       784.197
       785.637
       786.896
       788.007
       788.999
       789.892
       790.707
       791.466
       792.145
       792.642
       793.094
       793.489
       793.813
       794.061
        794.22
       794.266
       794.171
       793.926
       793.467
       792.541
       791.208
       789.599
       787.856
       786.205
        784.32
       782.446
       781.052
       779.901
       779.238
       778.529
       778.084
       777.885
        777.88
       778.028
       778.105
       778.217
       778.388
       778.593
       778.814
       779.004
       779.011
       778.984
       778.907
       778.767
        778.55
       778.737
       779.318
       780.002
       781.062
       782.168
       783.287
       784.396
       785.473
       786.496
       787.444
       788.301
       789.073
       789.774
       790.422
       791.013
       791.545
       792.138
       792.831
       793.464
       794.038
       794.556
       795.064
       795.494
       795.846
        796.13
       796.361
       796.621
       796.861
       797.037
       797.125
       797.106
       796.783
       796.258
       795.647
       794.957
       794.142
       792.551
       790.861
       789.089
       787.158
       785.037
       782.705
       780.137
       777.442
       774.588
       771.675
       768.679
       765.572
       762.321
        759.27
       756.738
        754.48
       752.497
         750.7
       749.147
       747.832
       746.755
       745.895
       745.234
       744.784
       744.569
       744.602
       744.812
         754.3
       754.397
       745.105
       721.632
        721.63
       721.623
       721.614
       721.603
        721.59
       721.575
       721.559
       721.542
       721.525
       721.508
       721.492
       721.476
       721.461
       721.448
       721.438
        721.43
       721.425
       721.424
       721.428
       721.437
       721.453
       721.475
       721.505
       721.544
       721.593
       721.653
       721.726
       721.812
       721.914
       722.032
       722.168
       722.325
       722.503
       722.705
       722.934
        723.19
       723.477
       723.796
       724.151
       724.544
       724.978
       725.455
       725.979
       726.553
       727.253
       728.017
       728.846
       729.746
       730.724
       731.784
       732.934
        734.18
        735.53
        736.99
       738.571
        740.28
       742.128
       744.127
       746.287
       748.624
       750.953
       752.912
       754.583
       756.027
        757.29
       758.407
       759.405
       760.309
       761.139
       761.919
       762.616
       763.101
       763.543
        763.93
       764.246
       764.488
       764.639
       764.671
       764.561
       764.295
       763.788
       762.767
       761.321
         759.6
       757.762
       756.068
       754.126
       752.222
       750.896
       749.736
       749.081
       748.303
       747.789
        747.53
       747.472
       747.575
       747.572
       747.598
       747.685
       747.808
       747.945
       748.042
       747.917
       747.748
       747.516
       747.206
       746.833
       747.135
       747.874
       748.676
       749.886
       751.121
       752.351
       753.558
       754.722
       755.824
       756.844
       757.767
         758.6
       759.359
       760.061
       760.704
       761.286
       761.951
       762.746
       763.477
       764.147
       764.757
       765.367
       765.898
       766.349
        766.73
       767.056
       767.423
       767.774
       768.058
       768.255
       768.348
       768.098
       767.625
        767.07
        766.44
       765.681
       764.007
       762.239
       760.398
       758.394
       756.193
       753.772
       751.105
       748.323
       745.403
       742.414
       739.335
       736.141
       732.797
       729.731
        727.23
           725
        723.04
       721.254
       719.712
        718.41
       717.348
       716.499
       715.853
       715.423
       715.235
       715.298
       715.517
       726.901
       726.993
         715.8
       691.977
       691.974
       691.968
       691.959
       691.948
       691.934
        691.92
       691.904
       691.887
        691.87
       691.853
       691.837
       691.821
       691.807
       691.794
       691.783
       691.775
       691.771
        691.77
       691.774
       691.782
       691.797
       691.819
       691.849
       691.887
       691.935
       691.994
       692.066
       692.151
       692.251
       692.367
       692.501
       692.656
       692.832
       693.031
       693.257
        693.51
       693.793
       694.108
       694.458
       694.846
       695.274
       695.745
       696.261
       696.826
        697.53
       698.297
       699.128
        700.03
       701.009
       702.071
       703.222
       704.469
        705.82
       707.282
       708.864
       710.575
       712.425
       714.425
       716.588
       718.927
       721.258
       723.218
        724.89
       726.335
         727.6
       728.721
       729.725
       730.639
       731.483
       732.282
       732.996
       733.468
       733.899
       734.277
       734.587
       734.824
       734.964
       734.982
       734.856
       734.558
       733.999
       732.886
       731.326
        729.49
        727.55
       725.805
         723.8
       721.851
       720.563
       719.411
       718.763
       717.906
       717.314
       716.984
       716.864
       716.912
       716.821
       716.751
       716.746
       716.775
       716.819
       716.814
       716.545
       716.221
       715.813
       715.281
       714.906
       715.306
       716.192
       717.117
       718.489
       719.862
       721.212
       722.524
       723.781
       724.966
       726.062
       727.055
       727.952
       728.771
        729.53
       730.227
       730.858
       731.597
       732.495
       733.326
       734.092
       734.795
       735.507
       736.137
       736.689
        737.17
       737.593
       738.069
       738.532
       738.928
       739.237
       739.443
       739.267
       738.849
       738.352
       737.786
       737.087
       735.334
        733.49
       731.584
       729.511
       727.233
       724.727
       721.965
        719.11
       716.116
       713.048
       709.886
       706.609
       703.187
       700.098
       697.627
       695.428
       693.493
       691.719
        690.19
         688.9
       687.852
       687.016
       686.386
       685.976
       685.816
       685.914
       686.126
       699.418
       699.506
       686.401
       662.295
       662.292
       662.286
       662.277
       662.266
       662.253
       662.238
       662.222
       662.206
       662.189
       662.173
       662.156
       662.141
       662.126
       662.114
       662.103
       662.095
        662.09
       662.089
       662.093
       662.102
       662.116
       662.137
       662.166
       662.204
       662.251
       662.309
       662.379
       662.463
       662.561
       662.675
       662.808
       662.959
       663.133
       663.329
       663.551
         663.8
       664.079
        664.39
       664.735
       665.117
       665.539
       666.003
       666.511
       667.067
       667.772
       668.541
       669.374
       670.277
       671.256
       672.318
        673.47
       674.717
       676.068
       677.529
       679.111
       680.822
       682.672
       684.673
       686.837
       689.176
       691.504
       693.461
       695.129
       696.573
       697.837
       698.959
       699.968
       700.888
       701.742
       702.561
        703.29
       703.747
       704.168
       704.535
       704.838
       705.067
       705.196
       705.197
       705.053
       704.717
       704.099
       702.892
       701.218
       699.269
       697.223
       695.423
       693.349
       691.349
       690.091
       688.947
       688.297
       687.352
       686.671
       686.262
       686.071
       686.056
       685.867
       685.694
       685.586
       685.515
       685.457
       685.341
        684.92
       684.438
       683.864
       683.171
       682.851
        683.32
       684.292
       685.357
       686.899
       688.418
       689.893
       691.315
       692.669
       693.941
       695.115
       696.179
       697.143
       698.023
       698.839
        699.59
       700.272
       701.084
       702.085
       703.016
       703.878
       704.673
       705.487
        706.22
       706.874
       707.455
       707.974
       708.561
       709.137
       709.645
       710.067
        710.39
        710.29
       709.928
       709.493
       708.995
       708.359
        706.53
       704.614
       702.645
       700.506
       698.155
       695.568
       692.717
       689.792
       686.725
       683.578
       680.332
       676.968
       673.465
       670.368
       667.933
       665.766
        663.86
         662.1
       660.584
        659.31
       658.276
        657.45
       656.835
       656.446
       656.313
       656.444
       656.643
       671.851
       671.936
       656.905
       632.601
       632.598
       632.591
       632.583
       632.571
       632.558
       632.544
       632.529
       632.513
       632.496
        632.48
       632.464
       632.448
       632.434
       632.421
       632.411
       632.403
       632.398
       632.397
         632.4
       632.409
       632.423
       632.443
       632.472
       632.508
       632.555
       632.611
        632.68
       632.762
       632.858
       632.971
       633.101
        633.25
        633.42
       633.613
       633.832
       634.077
       634.351
       634.657
       634.997
       635.373
       635.787
       636.243
       636.743
       637.289
       637.996
       638.767
         639.6
       640.503
       641.482
       642.544
       643.694
        644.94
       646.289
       647.749
       649.329
       651.038
       652.887
       654.886
       657.049
       659.388
       661.705
       663.653
       665.315
       666.752
       668.012
       669.131
        670.14
       671.064
       671.928
       672.763
       673.504
       673.944
       674.351
       674.705
       674.999
       675.217
       675.332
       675.312
       675.145
       674.763
       674.088
        672.79
       671.003
       668.937
        666.78
       664.924
        662.78
       660.731
        659.51
       658.372
         657.7
       656.652
       655.871
       655.374
       655.103
       655.017
       654.723
       654.438
       654.221
       654.041
       653.873
       653.639
       653.059
       652.411
       651.667
       650.829
       650.631
       651.138
       652.219
        653.43
       655.146
       656.814
       658.418
       659.952
       661.405
       662.764
       664.017
       665.154
       666.184
       667.126
       667.999
       668.802
       669.535
        670.42
       671.524
       672.554
       673.512
       674.399
       675.317
       676.152
       676.907
       677.586
       678.201
       678.898
       679.588
       680.209
       680.745
       681.186
       681.164
       680.862
       680.493
       680.066
       679.498
       677.594
       675.607
       673.579
       671.378
       668.958
       666.293
       663.357
       660.366
       657.228
       654.005
       650.674
       647.206
       643.648
        640.55
       638.153
       636.022
       634.145
         632.4
       630.901
       629.645
       628.622
       627.804
       627.204
       626.835
       626.732
       626.885
       627.064
       644.201
        644.28
       627.309
       602.908
       602.905
       602.899
        602.89
       602.879
       602.866
       602.852
       602.837
       602.821
       602.805
       602.789
       602.773
       602.758
       602.744
       602.732
       602.721
       602.714
       602.709
       602.708
       602.711
       602.719
       602.732
       602.752
        602.78
       602.816
       602.861
       602.916
       602.983
       603.064
       603.158
       603.268
       603.395
       603.542
       603.709
       603.899
       604.113
       604.354
       604.624
       604.924
       605.258
       605.627
       606.035
       606.483
       606.974
        607.51
       608.218
       608.989
       609.823
       610.725
       611.703
       612.763
       613.911
       615.154
       616.501
       617.958
       619.534
        621.24
       623.085
       625.082
       627.242
       629.576
       631.876
        633.81
       635.458
       636.885
       638.135
       639.248
       640.253
       641.178
       642.048
       642.895
       643.642
       644.061
        644.45
       644.789
        645.07
       645.272
       645.367
       645.326
       645.133
       644.696
       643.961
        642.57
       640.672
       638.487
       636.217
       634.302
       632.092
       630.003
       628.853
       627.733
       626.984
       625.813
       624.921
       624.327
        623.97
       623.806
       623.399
       622.994
        622.66
       622.364
       622.078
       621.718
       620.971
       620.145
       619.186
       618.376
        618.31
       618.894
       620.034
        621.37
       623.256
       625.073
       626.806
       628.452
       630.004
       631.451
       632.783
       633.991
       635.087
        636.09
       637.017
       637.872
       638.653
       639.609
       640.814
       641.943
       642.996
       643.977
       644.997
       645.933
       646.787
       647.564
       648.275
       649.081
       649.884
       650.617
       651.267
       651.831
       651.892
       651.653
       651.351
       650.998
       650.499
       648.524
       646.469
       644.385
       642.125
       639.639
         636.9
       633.881
       630.829
       627.625
       624.332
       620.926
       617.384
       613.768
       610.656
       608.295
       606.199
       604.354
       602.625
       601.141
       599.898
       598.885
       598.078
       597.491
       597.146
       597.087
       597.234
       597.384
       616.462
       616.534
       597.607
       573.232
        573.23
       573.224
       573.215
       573.204
       573.192
       573.178
       573.163
       573.148
       573.132
       573.116
       573.101
       573.086
       573.072
        573.06
        573.05
       573.042
       573.037
       573.036
       573.039
       573.046
        573.06
       573.079
       573.106
       573.141
       573.185
       573.239
       573.305
       573.383
       573.475
       573.583
       573.708
       573.851
       574.015
       574.201
       574.411
       574.647
       574.912
       575.207
       575.535
       575.897
       576.297
       576.737
       577.219
       577.745
       578.454
       579.225
       580.059
        580.96
       581.937
       582.994
       584.139
       585.379
       586.721
       588.174
       589.745
       591.445
       593.286
       595.278
       597.435
       599.757
       602.031
       603.943
       605.573
       606.983
       608.219
       609.319
       610.314
       611.233
       612.104
        612.96
       613.709
       614.101
       614.467
       614.785
       615.048
       615.231
       615.301
       615.236
       615.004
       614.508
       613.712
       612.232
       610.223
       607.916
        605.53
       603.555
       601.274
       599.139
       598.049
       596.906
       596.119
       594.829
       593.822
       593.125
       592.675
       592.426
       591.899
       591.368
       590.909
       590.488
       590.077
       589.584
       588.667
       587.677
       586.588
       585.884
       585.925
       586.578
       587.754
       589.192
       591.247
       593.213
       595.075
       596.833
       598.483
       600.016
       601.424
       602.702
       603.861
       604.921
         605.9
       606.805
       607.632
       608.657
       609.962
       611.188
       612.335
       613.407
       614.529
       615.564
       616.516
       617.389
       618.194
       619.109
       620.026
       620.872
        621.64
       622.327
       622.471
       622.296
       622.063
       621.787
       621.361
       619.315
       617.196
        615.06
       612.744
       610.194
       607.383
       604.284
       601.175
       597.914
       594.559
       591.087
       587.481
       583.812
       580.687
       578.364
       576.305
       574.492
        572.78
       571.309
        570.08
       569.073
       568.273
       567.695
       567.363
       567.319
       567.457
       567.592
       588.629
       588.695
       567.793
       543.589
       543.586
        543.58
       543.572
       543.561
       543.549
       543.536
       543.521
       543.506
       543.491
       543.476
       543.461
       543.446
       543.433
       543.421
       543.411
       543.403
       543.399
       543.397
         543.4
       543.407
        543.42
       543.439
       543.465
       543.499
       543.542
       543.595
       543.658
       543.735
       543.825
        543.93
       544.052
       544.192
       544.352
       544.535
        544.74
       544.972
       545.232
       545.521
       545.842
       546.198
       546.591
       547.022
       547.495
       548.011
        548.72
       549.492
       550.325
       551.226
       552.201
       553.256
       554.397
       555.633
        556.97
       558.416
        559.98
       561.673
       563.505
       565.489
       567.639
       569.934
       572.179
       574.066
       575.672
        577.06
       578.275
       579.356
       580.334
        581.24
       582.105
       582.963
       583.706
       584.065
         584.4
       584.692
        584.93
       585.087
       585.127
       585.034
       584.755
       584.194
       583.338
       581.765
       579.641
        577.21
       574.704
       572.668
        570.31
       568.119
       567.062
       565.919
       565.105
       563.698
       562.574
        561.77
       561.221
       560.881
       560.227
        559.56
       558.968
       558.414
       557.869
       557.232
       556.131
       554.955
       553.804
       553.314
       553.482
       554.203
       555.394
       556.879
       559.132
       561.254
       563.244
       565.111
       566.855
       568.471
       569.952
       571.295
       572.514
       573.628
       574.657
       575.608
       576.478
       577.569
       578.971
       580.291
       581.529
        582.69
       583.912
       585.045
       586.093
        587.06
       587.959
       588.982
       590.011
        590.97
       591.858
       592.669
       592.897
       592.786
       592.626
       592.429
       592.079
       589.966
       587.785
       585.599
       583.231
       580.621
        577.74
       574.559
       571.392
        568.09
       564.683
       561.152
       557.478
       553.773
       550.644
       548.364
       546.344
       544.565
       542.868
       541.412
       540.194
        539.19
       538.393
        537.82
       537.494
       537.465
       537.574
       537.687
       560.698
       560.756
        537.86
       513.991
       513.989
       513.983
       513.975
       513.965
       513.953
        513.94
       513.926
       513.912
       513.897
       513.882
       513.867
       513.853
        513.84
       513.829
       513.819
       513.812
       513.807
       513.806
       513.809
       513.816
       513.828
       513.846
       513.872
       513.904
       513.946
       513.997
        514.06
       514.134
       514.222
       514.324
       514.443
        514.58
       514.737
       514.915
       515.116
       515.343
       515.597
       515.881
       516.196
       516.545
        516.93
       517.353
       517.817
       518.322
       519.033
       519.806
       520.639
       521.539
       522.512
       523.565
       524.703
       525.934
       527.265
       528.703
       530.258
       531.941
       533.761
       535.732
       537.867
       540.125
       542.338
       544.193
        545.77
       547.127
       548.313
       549.366
        550.32
       551.206
       552.057
       552.905
       553.633
        553.95
       554.245
       554.503
       554.708
       554.829
       554.833
       554.702
       554.364
       553.737
       552.821
       551.156
       548.918
       546.354
       543.726
       541.626
        539.19
        536.94
       535.914
       534.785
       533.949
       532.422
       531.176
       530.259
       529.606
        529.17
       528.381
       527.571
       526.837
       526.139
       525.449
       524.656
       523.348
       522.039
       521.052
       520.736
        521.02
       521.802
       523.006
       524.536
       526.956
       529.221
       531.332
       533.303
       535.136
       536.829
       538.379
       539.783
       541.057
       542.221
       543.296
       544.289
       545.197
       546.349
       547.844
       549.254
       550.581
       551.829
       553.148
       554.376
       555.517
       556.577
       557.567
       558.697
       559.837
       560.909
       561.917
       562.852
       563.164
       563.119
       563.032
       562.918
       562.649
       560.471
       558.231
       555.999
       553.582
       550.916
       547.967
       544.696
       541.492
        538.16
       534.707
       531.122
       527.388
       523.657
        520.53
       518.298
       516.321
       514.577
       512.899
       511.455
       510.245
       509.242
       508.443
       507.868
       507.543
       507.518
       507.584
       507.666
       532.664
       532.712
       507.799
       484.454
       484.451
       484.446
       484.438
       484.429
       484.417
       484.405
       484.391
       484.377
       484.363
       484.348
       484.334
       484.321
       484.308
       484.297
       484.288
       484.281
       484.276
       484.275
       484.278
       484.285
       484.297
       484.314
       484.339
       484.371
       484.411
       484.461
       484.521
       484.594
       484.679
       484.779
       484.895
       485.028
       485.181
       485.355
       485.551
       485.773
       486.022
       486.299
       486.608
        486.95
       487.328
       487.743
       488.198
       488.695
       489.407
       490.181
       491.015
       491.915
       492.888
       493.939
       495.074
       496.301
       497.625
       499.055
         500.6
       502.269
       504.075
       506.031
       508.134
       510.349
       512.524
       514.341
        515.88
       517.199
       518.346
       519.361
        520.28
       521.133
       521.959
       522.788
       523.489
       523.752
       523.997
        524.21
       524.371
       524.445
       524.404
       524.228
        523.82
       523.123
       522.145
       520.389
       518.032
       515.335
       512.583
       510.419
       507.903
       505.595
        504.61
       503.517
       502.658
       500.997
       499.623
       498.589
       497.826
       497.287
       496.356
       495.395
       494.509
       493.658
       492.812
       491.855
       490.444
       489.239
       488.381
        488.19
       488.566
       489.407
       490.639
       492.183
       494.739
       497.133
       499.357
       501.425
        503.34
       505.105
       506.717
       508.176
       509.499
       510.707
       511.823
       512.852
       513.793
       515.001
       516.585
        518.08
       519.491
       520.822
       522.235
       523.555
       524.787
       525.937
       527.016
       528.251
       529.501
       530.687
       531.811
       532.869
       533.265
       533.288
       533.278
       533.249
       533.065
       530.824
       528.529
       526.256
       523.795
       521.079
       518.072
       514.736
       511.498
       508.131
       504.635
       500.999
       497.218
       493.469
       490.352
       488.174
       486.243
       484.539
       482.879
       481.449
       480.245
       479.236
       478.429
       477.847
       477.515
       477.477
       477.484
       477.521
       504.521
       504.555
       477.597
       454.987
       454.985
        454.98
       454.972
       454.963
       454.952
        454.94
       454.928
       454.914
         454.9
       454.887
       454.873
        454.86
       454.848
       454.838
       454.829
       454.822
       454.818
       454.816
       454.819
       454.826
       454.837
       454.855
       454.878
       454.909
       454.948
       454.996
       455.055
       455.125
       455.208
       455.305
       455.417
       455.547
       455.696
       455.865
       456.057
       456.274
       456.517
       456.788
       457.091
       457.426
       457.797
       458.204
       458.651
       459.139
       459.854
       460.631
       461.467
       462.369
       463.343
       464.394
       465.528
       466.751
        468.07
       469.492
       471.025
       472.679
       474.464
       476.397
       478.454
       480.622
       482.751
       484.525
       486.018
       487.289
       488.387
       489.352
       490.221
        491.03
       491.817
       492.611
        493.27
       493.465
       493.644
       493.799
         493.9
       493.915
       493.818
       493.577
       493.089
       492.317
       491.278
       489.429
       486.949
       484.114
       481.239
       479.013
       476.421
        474.06
       473.124
       472.078
       471.209
       469.413
       467.906
       466.749
       465.872
       465.225
       464.146
       463.025
       461.976
       460.958
       459.945
       458.915
       457.597
       456.463
       455.748
       455.671
        456.13
       457.031
       458.291
       459.843
       462.483
       465.008
       467.338
       469.494
       471.484
       473.313
        474.98
       476.487
       477.852
       479.098
       480.245
       481.305
       482.273
       483.531
       485.196
       486.772
       488.262
       489.671
       491.174
       492.581
       493.901
       495.138
       496.304
       497.644
       499.003
       500.298
       501.537
       502.718
       503.198
       503.289
       503.356
       503.415
       503.318
       501.018
       498.671
       496.361
       493.864
       491.107
       488.053
       484.664
         481.4
       478.001
       474.466
       470.777
       466.974
       463.217
       460.117
           458
       456.121
       454.459
       452.821
       451.407
       450.202
       449.181
        448.36
       447.763
       447.432
       447.337
       447.265
       447.243
        476.26
       476.276
        447.24
         425.6
       425.598
       425.593
       425.587
       425.578
       425.568
       425.556
       425.544
       425.531
       425.518
       425.505
       425.492
        425.48
       425.469
       425.459
        425.45
       425.444
        425.44
       425.439
       425.441
       425.448
       425.459
       425.476
       425.499
       425.529
       425.566
       425.613
        425.67
       425.737
       425.817
       425.911
        426.02
       426.146
       426.291
       426.456
       426.642
       426.853
        427.09
       427.356
       427.652
       427.981
       428.344
       428.745
       429.184
       429.664
       430.383
       431.165
       432.005
       432.911
       433.889
       434.943
       436.079
       437.303
       438.619
       440.034
       441.555
       443.192
       444.954
       446.852
        448.85
       450.961
       453.038
       454.763
       456.202
       457.415
       458.449
       459.348
       460.153
       460.899
        461.63
        462.37
        462.97
       463.075
       463.173
       463.249
       463.273
       463.212
       463.045
       462.719
       462.138
       461.286
       460.185
        458.24
       455.632
       452.657
       449.657
       447.374
       444.709
       442.303
       441.425
       440.436
       439.584
       437.652
       436.008
       434.726
       433.731
       432.971
       431.737
       430.449
       429.226
       428.021
       426.928
       426.015
       424.764
       423.698
       423.141
       423.179
       423.729
       424.688
       425.967
       427.491
       430.223
        432.87
       435.296
       437.531
       439.585
       441.467
        443.18
       444.726
       446.125
         447.4
       448.573
       449.655
       450.642
       451.944
       453.685
       455.334
       456.896
       458.377
       459.963
       461.454
       462.856
       464.176
       465.428
       466.867
       468.331
       469.734
       471.087
       472.389
       472.952
       473.111
       473.256
       473.405
         473.4
       471.042
       468.648
       466.307
        463.78
       460.991
         457.9
       454.469
       451.191
       447.772
       444.212
       440.495
       436.679
       432.913
       429.836
       427.785
       425.965
        424.35
       422.736
       421.334
       420.125
       419.088
        418.24
       417.611
       417.236
        417.07
       416.914
       416.819
       447.869
       447.861
       416.706
       396.299
       396.297
       396.293
       396.287
       396.279
       396.269
       396.258
       396.247
       396.235
       396.223
        396.21
       396.198
       396.187
       396.176
       396.166
       396.158
       396.152
       396.149
       396.148
       396.151
       396.157
       396.168
       396.184
       396.206
       396.235
       396.271
       396.316
       396.371
       396.436
       396.513
       396.604
       396.709
       396.831
       396.971
       397.131
       397.312
       397.517
       397.748
       398.007
       398.296
       398.618
       398.975
       399.369
       399.802
       400.276
       400.999
       401.788
       402.635
       403.549
       404.535
       405.597
        406.74
       407.968
       409.286
       410.699
       412.212
       413.833
       415.574
        417.42
       419.345
       421.381
       423.395
       425.073
       426.453
       427.593
       428.546
       429.359
       430.077
        430.74
       431.394
       432.058
       432.576
       432.569
       432.561
       432.533
       432.455
       432.295
       432.033
       431.601
       430.914
       429.977
       428.809
       426.766
       424.026
       420.912
       417.789
       415.452
       412.721
       410.277
       409.476
       408.564
       407.745
       405.692
       403.906
       402.497
       401.384
       400.508
       399.115
       397.654
       396.252
        394.92
       393.927
       393.103
       391.887
        390.91
       390.563
       390.745
       391.391
       392.406
       393.709
       395.235
       398.011
       400.749
       403.256
       405.555
       407.662
       409.586
       411.333
       412.907
       414.331
       415.626
       416.816
        417.91
       418.909
       420.246
       422.056
       423.771
       425.397
       426.941
       428.603
       430.169
       431.649
       433.049
        434.38
       435.915
       437.478
       438.986
       440.448
       441.871
       442.516
       442.742
       442.966
       443.208
       443.298
       440.886
        438.45
       436.084
       433.536
       430.723
       427.605
        424.14
        420.87
       417.442
       413.869
       410.136
       406.325
       402.562
       399.517
       397.542
       395.788
       394.227
       392.641
       391.255
       390.035
       388.973
       388.088
        387.41
       386.976
       386.699
       386.433
       386.237
       419.335
       419.296
       385.972
       367.085
       367.084
        367.08
       367.074
       367.067
       367.058
       367.048
       367.038
       367.026
       367.015
       367.003
       366.992
       366.981
       366.971
       366.962
       366.955
       366.949
       366.946
       366.946
       366.948
       366.954
       366.965
       366.981
       367.002
       367.029
       367.064
       367.107
        367.16
       367.222
       367.297
       367.384
       367.485
       367.602
       367.737
       367.891
       368.067
       368.266
        368.49
       368.742
       369.024
       369.339
       369.689
       370.076
       370.503
       370.972
       371.703
         372.5
       373.359
       374.285
       375.284
       376.361
       377.519
        378.76
       380.088
       381.506
       383.018
       384.628
       386.342
       388.127
       389.969
       391.891
       393.819
       395.483
         396.8
       397.851
         398.7
       399.401
       400.004
       400.557
       401.105
       401.665
       402.073
       401.926
       401.781
       401.619
       401.407
       401.117
       400.731
       400.163
       399.354
       398.319
       397.081
       394.934
       392.057
       388.799
       385.555
       383.173
       380.385
       377.917
       377.206
       376.377
       375.629
       373.482
       371.566
       370.036
       368.805
       367.812
       366.256
       364.623
       363.072
       361.794
       360.877
       360.141
        358.99
       358.194
       358.047
       358.389
       359.142
       360.224
       361.557
        363.08
       365.875
       368.663
       371.241
       373.591
       375.736
       377.689
       379.457
       381.047
       382.483
       383.788
       384.984
       386.081
       387.081
       388.444
       390.314
       392.086
       393.767
       395.364
       397.091
       398.724
       400.274
       401.748
       403.152
       404.775
       406.433
       408.042
        409.61
        411.15
       411.875
       412.166
       412.471
       412.809
           413
       410.538
       408.063
       405.681
       403.121
       400.295
       397.161
       393.676
       390.427
       387.007
       383.439
       379.706
       375.918
       372.172
       369.173
       367.284
       365.607
       364.107
       362.556
       361.188
       359.953
       358.859
       357.927
       357.183
       356.661
       356.235
       355.821
       355.486
       390.638
        390.56
       355.003
       337.954
       337.954
       337.951
       337.946
       337.939
       337.931
       337.922
       337.912
       337.902
       337.891
        337.88
        337.87
        337.86
       337.851
       337.843
       337.836
       337.831
       337.828
       337.828
        337.83
       337.836
       337.847
       337.862
       337.882
       337.908
       337.941
       337.983
       338.032
       338.092
       338.163
       338.246
       338.343
       338.456
       338.585
       338.733
       338.902
       339.094
       339.311
       339.555
       339.829
       340.137
       340.479
       340.859
       341.281
       341.745
       342.485
       343.295
       344.168
       345.113
       346.133
       347.233
       348.416
       349.683
       351.035
       352.472
       353.994
       355.604
       357.297
       359.023
       360.787
         362.6
       364.469
       366.065
       367.288
        368.22
       368.933
       369.486
        369.94
       370.348
       370.757
        371.18
       371.445
        371.12
       370.801
       370.462
       370.073
       369.615
        369.06
       368.319
       367.362
       366.217
       364.905
       362.649
       359.632
       356.229
       352.868
       350.452
        347.62
       345.144
       344.548
       343.837
       343.191
       340.973
       338.946
       337.304
       335.962
       334.852
       333.122
       331.291
        329.74
       328.543
        327.69
       327.048
        326.02
       325.494
       325.599
       326.143
       327.026
       328.186
       329.549
       331.059
        333.85
       336.659
       339.285
       341.668
       343.833
       345.797
        347.57
       349.162
       350.597
       351.899
       353.088
       354.178
       355.169
       356.547
       358.466
       360.285
        362.01
        363.65
       365.433
       367.123
       368.733
        370.27
       371.737
       373.441
        375.19
       376.893
       378.562
       380.214
       381.017
       381.373
       381.759
       382.195
        382.49
       379.981
       377.474
       375.084
       372.522
       369.695
       366.559
       363.073
       359.859
       356.468
       352.922
       349.212
       345.465
       341.753
       338.816
       337.028
       335.442
       334.015
       332.505
       331.158
       329.907
       328.776
       327.785
       326.965
       326.316
       325.691
       325.078
       324.553
       361.757
       361.628
        323.76
       308.897
       308.897
       308.895
       308.891
       308.885
       308.877
       308.869
        308.86
       308.851
       308.841
       308.831
       308.822
       308.813
       308.804
       308.797
       308.791
       308.786
       308.784
       308.784
       308.786
       308.792
       308.802
       308.816
       308.836
       308.861
       308.892
       308.931
       308.978
       309.035
       309.102
       309.181
       309.273
        309.38
       309.503
       309.645
       309.806
        309.99
       310.198
       310.434
       310.699
       310.997
       311.331
       311.704
       312.119
       312.579
        313.33
       314.154
       315.047
       316.017
       317.067
       318.203
       319.425
       320.734
       322.128
       323.604
        325.16
       326.792
       328.472
       330.158
       331.862
       333.594
       335.376
       336.871
       337.968
       338.745
       339.276
       339.633
       339.888
       340.107
       340.336
       340.584
       340.665
       340.122
       339.579
       339.009
       338.391
       337.708
        336.92
       335.955
       334.815
       333.543
       332.148
       329.779
       326.622
       323.079
       319.605
       317.168
        314.31
       311.852
       311.407
       310.854
       310.348
       308.107
           306
       304.259
       302.819
       301.598
       299.681
       297.825
       296.309
       295.112
       294.255
       293.672
       292.888
       292.814
       293.272
       294.064
       295.101
       296.344
       297.733
       299.223
       302.002
       304.785
       307.422
       309.814
       311.979
       313.935
       315.696
       317.273
        318.69
       319.973
       321.144
       322.213
       323.183
       324.564
       326.519
       328.373
       330.132
       331.804
       333.632
       335.368
       337.026
       338.612
        340.13
       341.906
       343.737
       345.528
       347.293
       349.053
       349.927
       350.344
        350.81
       351.347
       351.751
       349.198
       346.666
       344.277
       341.726
       338.913
       335.786
       332.317
       329.166
       325.824
       322.315
       318.662
       314.977
        311.32
       308.466
       306.799
       305.318
       303.973
       302.521
       301.195
        299.93
       298.754
       297.693
       296.777
       295.933
       295.077
       294.211
       293.426
       332.661
       332.469
       292.196
       279.894
       279.895
       279.894
       279.891
       279.885
       279.879
       279.872
       279.864
       279.855
       279.846
       279.837
       279.829
       279.821
       279.813
       279.806
       279.801
       279.797
       279.795
       279.795
       279.798
       279.804
       279.813
       279.827
       279.845
       279.868
       279.898
       279.934
       279.979
       280.032
       280.095
       280.169
       280.256
       280.356
       280.473
       280.606
       280.759
       280.933
       281.132
       281.357
       281.611
       281.898
       282.222
       282.585
       282.992
       283.448
       284.209
       285.051
       285.967
       286.968
       288.059
       289.244
       290.524
       291.897
        293.36
       294.905
       296.524
       298.208
       299.902
       301.579
       303.246
       304.909
       306.589
       307.957
       308.907
       309.483
       309.775
       309.868
       309.856
       309.827
       309.826
       309.858
       309.711
         308.9
       308.077
        307.21
       306.282
       305.279
       304.166
       302.908
       301.533
       300.108
       298.628
       296.152
       292.864
       289.189
       285.608
       283.161
       280.295
       277.879
       277.636
       277.295
       276.986
       274.778
       272.637
       270.837
       269.337
       268.022
       266.118
       264.299
       262.742
       261.433
       260.418
       259.667
       259.423
       260.227
        261.16
       262.236
       263.442
       264.765
       266.174
       267.627
       270.371
       273.082
        275.68
       278.065
       280.206
       282.132
        283.86
       285.401
       286.782
       288.031
       289.167
       290.202
       291.136
       292.507
       294.485
       296.359
       298.137
       299.827
       301.687
       303.456
       305.148
       306.771
       308.327
       310.163
       312.064
       313.932
       315.784
       317.644
       318.584
       319.058
       319.601
        320.24
       320.758
       318.166
       315.617
       313.242
       310.718
       307.938
       304.845
       301.428
       298.355
       295.087
       291.646
       288.075
        284.47
       280.887
       278.141
       276.614
       275.255
       274.007
       272.616
       271.319
       270.051
       268.835
       267.693
       266.644
       265.569
       264.432
       263.241
       262.105
       303.312
       303.044
       260.259
       250.918
        250.92
        250.92
       250.917
       250.913
       250.908
       250.901
       250.894
       250.886
       250.879
       250.871
       250.863
       250.856
       250.849
       250.843
       250.839
       250.835
       250.834
       250.834
       250.837
       250.842
       250.851
       250.864
       250.881
       250.902
        250.93
       250.964
       251.005
       251.054
       251.113
       251.181
       251.262
       251.355
       251.463
       251.588
       251.731
       251.894
       252.081
       252.293
       252.534
       252.808
       253.117
       253.468
       253.865
       254.312
       255.083
       255.941
       256.884
       257.923
       259.065
       260.315
       261.674
        263.14
       264.706
       266.361
        268.09
       269.865
       271.621
       273.336
       275.005
       276.616
       278.178
       279.389
       280.203
       280.523
       280.495
       280.224
       279.839
       279.473
       279.187
       278.961
       278.552
       277.427
       276.259
       275.008
       273.646
       272.172
       270.616
       268.977
       267.284
       265.652
       264.092
       261.543
       258.158
       254.366
       250.685
       248.228
       245.344
       242.997
       243.038
       243.005
       242.972
       240.857
       238.752
       236.952
        235.47
       234.305
       232.525
       230.717
       229.051
       227.502
       226.121
       225.595
        226.58
       228.099
       229.469
       230.804
       232.152
        233.54
       234.956
       236.357
       239.037
       241.646
       244.149
       246.468
       248.552
        250.42
       252.089
       253.572
       254.897
       256.092
       257.177
       258.162
       259.046
       260.391
       262.374
       264.252
       266.032
       267.725
       269.601
       271.387
       273.098
       274.741
       276.321
       278.201
       280.159
       282.091
       284.017
       285.967
       286.962
       287.484
       288.103
       288.845
       289.484
       286.857
       284.303
       281.957
       279.479
       276.756
       273.732
       270.395
       267.429
        264.26
       260.917
       257.459
       253.957
       250.482
       247.871
       246.507
       245.287
       244.151
       242.832
        241.58
       240.325
       239.075
       237.855
       236.645
       235.296
        233.82
       232.218
       230.607
       273.662
       273.307
       227.902
       221.928
       221.931
       221.932
        221.93
       221.927
       221.923
       221.917
       221.911
       221.904
       221.898
       221.891
       221.884
       221.878
       221.872
       221.867
       221.863
        221.86
       221.859
       221.859
       221.862
       221.867
       221.875
       221.887
       221.903
       221.923
       221.948
       221.978
       222.016
       222.061
       222.114
       222.177
        222.25
       222.336
       222.435
       222.549
        222.68
       222.831
       223.003
         223.2
       223.424
        223.68
       223.972
       224.305
       224.685
       225.119
       225.894
       226.767
       227.736
       228.816
       230.018
       231.349
       232.812
       234.404
       236.117
       237.936
       239.835
       241.764
       243.658
       245.478
       247.228
       248.833
        250.24
       251.195
       251.639
       251.603
       251.177
       250.492
       249.725
       248.998
       248.371
       247.852
       247.154
       245.679
       244.105
       242.364
       240.389
       238.208
       236.039
       233.926
       231.724
       229.783
       228.163
        225.64
       222.222
       218.326
       214.547
       212.062
       209.146
       206.881
       207.309
       207.764
       208.097
       206.168
       204.209
       202.569
       201.381
       200.524
       198.916
       197.142
       195.326
       193.421
       192.237
       192.979
       194.594
       196.667
       198.381
       199.911
       201.358
       202.779
       204.168
       205.491
       208.074
       210.548
        212.88
       215.051
       217.049
       218.834
       220.415
       221.812
       223.057
       224.178
       225.194
       226.112
        226.93
       228.233
       230.203
       232.064
       233.826
       235.502
       237.375
        239.16
       240.873
       242.519
       244.104
       246.013
        248.01
       249.989
       251.972
       253.996
       255.034
       255.595
       256.283
       257.129
       257.895
       255.239
       252.691
       250.393
       247.987
       245.349
       242.423
       239.206
       236.383
       233.347
       230.149
       226.833
       223.476
       220.146
       217.695
       216.514
       215.452
       214.449
       213.218
       212.027
       210.802
       209.538
       208.251
       206.843
       205.207
       203.339
       201.227
       198.987
       243.655
       243.205
       195.103
        192.87
       192.875
       192.876
       192.876
       192.873
        192.87
       192.865
        192.86
       192.855
       192.849
       192.843
       192.837
       192.832
       192.827
       192.823
       192.819
       192.817
       192.816
       192.817
       192.819
       192.824
       192.832
       192.842
       192.856
       192.874
       192.896
       192.924
       192.957
       192.997
       193.045
         193.1
       193.166
       193.242
       193.331
       193.433
       193.551
       193.687
       193.842
        194.02
       194.224
       194.458
       194.726
       195.034
       195.389
         195.8
       196.571
       197.449
       198.437
       199.557
       200.824
        202.25
       203.841
       205.597
       207.511
       209.564
       211.719
       213.884
       216.031
       218.038
       220.027
       221.448
       222.201
       222.523
       222.471
       222.083
       221.382
       220.428
       219.369
       218.316
       217.363
       216.526
       215.521
       213.677
       211.657
        209.32
       206.512
       203.638
        201.09
       198.619
       196.142
       193.791
       191.683
       188.792
       184.768
       180.736
       176.893
       174.278
       171.256
       169.054
       169.939
         171.3
       172.183
       170.661
       169.094
       167.902
       167.113
       166.641
       165.326
       163.703
        161.76
       160.169
       160.344
       161.823
       163.724
       166.116
       168.051
       169.696
       171.184
       172.587
       173.909
       175.113
       177.566
       179.868
       181.983
       183.928
       185.742
       187.416
       188.873
        190.15
       191.286
       192.313
        193.24
       194.074
       194.812
       196.056
        197.99
       199.808
       201.526
       203.162
       205.012
       206.776
       208.473
       210.101
        211.67
       213.588
       215.606
       217.611
        219.63
       221.709
       222.772
       223.357
       224.104
        225.05
       225.948
       223.269
       220.744
        218.52
       216.216
       213.699
       210.911
       207.848
       205.216
       202.368
       199.352
       196.226
       193.063
       189.914
        187.65
       186.672
        185.79
       184.937
       183.814
       182.708
       181.539
       180.298
       178.942
       177.354
       175.433
       173.139
        170.42
       167.368
       213.228
       212.686
       161.914
       163.672
       163.678
       163.681
       163.681
        163.68
       163.677
       163.674
        163.67
       163.665
        163.66
       163.655
       163.651
       163.646
       163.642
       163.639
       163.636
       163.634
       163.633
       163.634
       163.637
       163.641
       163.647
       163.657
       163.669
       163.684
       163.704
       163.727
       163.756
       163.791
       163.832
        163.88
       163.937
       164.003
        164.08
       164.169
       164.272
        164.39
       164.525
       164.681
        164.86
       165.066
       165.303
       165.577
       165.896
       166.269
        167.02
       167.887
        168.88
       170.028
       171.356
       172.884
       174.624
        176.58
       178.752
       181.124
       183.646
        186.14
       188.775
       190.934
       192.467
       193.201
        193.39
       193.112
       192.586
       191.868
       190.959
       189.844
       188.587
       187.305
        186.08
       184.971
       183.682
       181.506
       179.092
       176.212
       173.053
       170.253
       167.592
       164.915
        162.21
       159.545
       156.986
       153.331
       148.827
       144.199
       139.817
       136.941
       133.758
       131.542
       132.589
       133.827
       134.963
       134.115
       133.358
       132.752
       132.488
       132.547
       131.779
       130.633
       129.429
       129.364
       130.366
       132.203
       134.168
       136.544
       138.619
       140.315
       141.778
       143.103
       144.307
        145.35
       147.629
       149.716
       151.578
       153.248
       154.796
       156.232
       157.503
        158.61
         159.6
       160.525
       161.341
       162.062
       162.717
       163.894
        165.76
       167.501
       169.142
       170.714
       172.518
       174.232
       175.905
       177.486
       179.009
       180.917
       182.937
        184.94
       186.965
       189.072
       190.135
       190.722
       191.512
       192.552
       193.587
       190.893
       188.412
       186.297
       184.137
       181.789
       179.189
       176.329
       173.936
       171.326
        168.55
       165.668
       162.736
       159.804
       157.763
        157.02
       156.338
       155.651
       154.662
       153.667
       152.591
       151.396
       150.015
       148.311
       146.151
       143.438
       140.046
        135.99
       182.322
       181.704
        128.54
       134.243
        134.25
       134.254
       134.255
       134.255
       134.253
       134.251
       134.247
       134.244
        134.24
       134.236
       134.232
       134.229
       134.225
       134.223
       134.221
       134.219
       134.219
        134.22
       134.222
       134.225
       134.231
       134.239
       134.249
       134.261
       134.278
       134.297
       134.321
        134.35
       134.384
       134.424
       134.471
       134.526
        134.59
       134.663
       134.749
       134.847
        134.96
        135.09
        135.24
       135.412
       135.611
        135.84
       136.108
       136.425
       137.131
       137.959
       138.927
       140.077
       141.449
       143.073
       144.972
       147.154
       149.637
       152.408
       155.535
       158.251
       160.441
       161.975
       162.937
       163.338
       163.239
       162.624
       161.798
       160.758
       159.677
       158.475
       157.143
       155.731
       154.314
       153.023
       151.564
       149.211
       146.651
       143.656
       140.496
       137.821
       135.252
       132.569
       129.827
       127.138
       124.445
       120.695
       116.235
       111.602
       107.264
       104.357
        101.14
       98.7556
       99.1442
       99.7343
       100.672
       99.8216
       99.1995
       99.0148
        99.263
       99.9177
       99.9436
       99.8714
       100.104
       100.934
       102.347
       104.226
       105.935
       108.119
       110.247
       111.924
       113.299
       114.487
       115.513
       116.349
       118.392
       120.217
       121.792
       123.169
       124.411
       125.536
       126.545
       127.436
       128.259
       129.055
         129.8
       130.432
        131.01
       132.091
       133.838
       135.457
       136.969
       138.393
       140.059
       141.662
       143.206
       144.675
       146.105
       147.991
       150.005
       151.964
        153.95
       156.046
       157.075
       157.634
       158.442
       159.559
       160.734
        158.04
       155.642
       153.683
        151.72
       149.596
       147.239
       144.634
       142.542
       140.236
       137.766
       135.183
       132.531
       129.865
       128.091
       127.604
       127.139
       126.634
       125.795
       124.954
       124.013
       122.921
       121.594
       119.874
       117.584
       114.543
       110.499
       105.291
       150.903
       150.247
       95.5139
       104.466
       104.475
        104.48
       104.482
       104.482
       104.481
       104.479
       104.477
       104.474
       104.472
       104.469
       104.466
       104.463
       104.461
       104.459
       104.457
       104.456
       104.456
       104.457
       104.458
       104.461
       104.466
       104.471
       104.479
       104.489
       104.502
       104.517
       104.535
       104.558
       104.584
       104.615
       104.651
       104.694
       104.743
       104.801
       104.867
       104.943
       105.031
       105.132
       105.248
       105.381
       105.534
       105.709
       105.912
       106.148
       106.777
       107.523
       108.416
       109.518
       110.891
       112.586
       114.641
       117.047
       119.883
       122.981
        125.76
       127.807
       129.327
       130.363
       130.958
       131.139
        130.94
       130.389
        129.53
       128.422
       127.235
       126.028
       124.732
       123.296
       121.801
       120.403
       118.969
       116.671
       114.237
       111.431
       108.517
         106.1
       103.773
       101.338
       98.8539
       96.4747
        94.058
        90.644
       86.5918
       82.3816
       78.4706
       75.8299
       72.8029
       70.3974
       70.3811
       70.5533
       71.1494
       70.3775
       69.9692
       70.0654
       70.6283
       71.6484
       72.1772
       72.6735
       73.5483
       74.8998
       76.4519
       78.1849
       79.5451
       81.2326
       83.1062
       84.7121
       85.9537
       86.9461
        87.736
       88.2681
       90.0036
       91.5095
        92.766
       93.8447
        94.801
       95.6601
       96.4297
       97.1106
       97.7425
       98.3692
       98.9584
       99.4809
        99.955
       100.877
       102.452
        103.89
       105.211
       106.448
       107.933
       109.345
       110.686
       111.972
       113.223
       114.965
       116.855
       118.682
       120.551
       122.578
       123.532
       124.025
       124.809
       125.969
       127.279
       124.616
       122.361
       120.627
       118.925
       117.088
       115.044
       112.766
        111.04
       109.104
       107.008
       104.798
       102.511
       100.184
       98.7025
       98.4835
       98.2337
       97.9199
       97.2639
       96.6007
       95.8424
       94.9267
       93.7673
       92.1907
       89.9727
       86.8416
       82.3589
       76.0252
       119.004
       118.371
       63.9968
       74.1987
       74.2089
       74.2141
       74.2164
        74.217
       74.2165
       74.2154
       74.2139
       74.2121
       74.2102
       74.2083
       74.2064
       74.2047
       74.2031
       74.2017
       74.2007
       74.2001
          74.2
       74.2005
       74.2017
       74.2037
       74.2067
       74.2108
       74.2162
        74.223
       74.2315
        74.242
       74.2547
       74.2699
       74.2879
       74.3092
       74.3342
       74.3634
       74.3973
       74.4366
       74.4821
       74.5345
       74.5948
       74.6641
       74.7433
       74.8337
        74.936
       75.0503
       75.1757
       75.3095
        75.818
       76.4205
       77.1611
       78.1249
       79.4211
       81.1259
       83.3409
       85.8907
       88.6024
       90.7639
       92.5387
       93.8932
       94.8811
       95.5375
       95.8909
       95.9639
        95.778
       95.3526
       94.7069
       93.8481
       92.8405
       91.7834
       90.6555
       89.3978
       88.0165
       86.7339
       85.5516
        83.576
       81.5507
        79.233
       76.8337
       74.8686
       72.9781
            71
       69.0748
       67.2886
       65.4904
       62.7758
       59.4828
       56.0779
       52.9497
        50.895
       48.3373
       46.1239
       45.8621
       45.7055
        45.663
       45.0107
       44.8022
       45.0405
       45.6953
       46.8127
       47.7318
       48.3618
        49.459
       51.4095
       52.9249
       54.3371
       55.2493
       56.3477
       57.7109
       58.8977
       59.9608
       60.7232
        61.144
         61.28
       62.6167
        63.744
       64.6574
       65.4231
       66.0939
       66.6908
       67.2158
       67.6895
       68.1473
       68.6054
       69.0392
       69.4294
       69.7393
       70.4344
        71.747
        72.903
       73.9537
       74.9264
       76.1894
       77.3991
       78.5149
       79.5573
       80.5394
       81.9507
       83.5208
       85.0812
       86.7104
       88.5914
       89.4379
        89.823
       90.5189
        91.642
       93.0429
       90.4874
       88.4947
       87.0798
       85.7146
       84.2374
       82.5821
       80.7135
        79.426
       77.9355
       76.3019
       74.5697
       72.7571
       70.8413
       69.7024
       69.7326
        69.682
       69.5581
       69.0908
       68.6318
        68.097
        67.434
       66.5719
       65.3422
       63.5103
       60.7483
       56.4055
       49.4448
       86.8068
       86.2841
       36.3172
       43.2652
       43.2749
        43.279
       43.2807
       43.2812
        43.281
       43.2805
       43.2798
       43.2789
        43.278
        43.277
       43.2761
       43.2752
       43.2744
       43.2737
       43.2732
       43.2729
       43.2729
       43.2731
       43.2737
       43.2748
       43.2763
       43.2784
       43.2812
       43.2847
       43.2891
       43.2945
       43.3009
       43.3087
        43.318
       43.3289
       43.3417
       43.3566
        43.374
       43.3941
       43.4174
       43.4443
       43.4752
       43.5105
       43.5509
       43.5965
       43.6471
       43.7009
       43.7515
       43.7798
       44.1124
       44.4922
       44.9662
       45.6358
       46.7243
       48.2782
       50.1356
       51.6252
        52.986
        54.122
        55.047
       55.7633
       56.2892
       56.6418
       56.8359
       56.8835
       56.7953
       56.5801
       56.2418
        55.773
       55.1683
       54.5133
       53.8422
       53.1058
       52.2526
       51.4407
       50.7064
       49.3711
       48.0882
       46.6242
       45.1221
       43.8439
       42.6783
       41.3983
       40.2928
       39.2586
        38.262
       36.5611
       34.4379
       32.2719
       30.3056
       29.1563
       27.5003
       25.6957
       25.3146
       25.1623
       25.4016
       25.1533
       25.1544
       25.4025
       25.8962
       26.7272
       27.5261
       27.7198
       29.2155
       31.0089
        32.058
       32.8995
       33.2563
       33.7011
       34.2151
        34.768
       35.3562
       35.8516
       35.8249
       35.6251
       36.4489
       37.1087
       37.6261
       38.0527
       38.4306
       38.7529
       39.0321
       39.3114
       39.5952
       39.8727
       40.1418
       40.3911
       40.5138
       40.9361
       41.8784
       42.6691
       43.3658
       44.0221
       44.9559
       45.9003
       46.7557
       47.5205
       48.1979
       49.1881
       50.2771
       51.3783
        52.576
       54.0891
       54.7237
       54.9815
       55.4896
       56.3858
       57.6654
       55.4998
       54.0069
        53.017
       52.0535
        51.009
       49.8418
       48.5044
       47.7061
       46.7301
       45.6587
        44.521
       43.3153
       41.9842
        41.255
       41.4607
       41.5435
       41.5642
       41.2983
       41.0588
        40.777
       40.4293
       39.9751
       39.2964
       38.2323
       36.5138
       33.4765
       27.5939
       54.7857
       54.4822
       16.8911
       11.4575
       11.4575
       11.4575
       11.4575
       11.4575
       11.4575
       11.4575
       11.4575
       11.4575
       11.4575
       11.4575
       11.4575
       11.4575
       11.4575
       11.4575
       11.4575
       11.4575
       11.4575
       11.4575
       11.4575
       11.4575
       11.4575
       11.4575
       11.4575
       11.4575
       11.4575
       11.4575
       11.4575
       11.4575
       11.4575
       11.4575
       11.4575
       11.4575
       11.4575
       11.4575
       11.4575
       11.4575
       11.4575
       11.4575
       11.4575
       11.4575
       11.4575
       11.4575
       11.4575
       11.4575
       11.5246
       11.5961
       11.6675
       11.7389
       11.8103
       11.8818
       11.9532
       12.0246
        12.096
       12.1675
       12.2389
       12.3103
       12.3817
       12.4532
       12.5246
        12.596
       12.6674
       12.7388
       12.8103
       12.8817
       12.9531
       13.0245
        13.096
       13.1674
       13.2388
       13.3102
       13.3306
       13.1829
       13.0353
       12.8877
       12.7401
       12.5925
       12.4449
       12.2973
       12.1496
        12.002
       11.8544
       11.5102
       11.0426
       10.5749
       10.2285
       10.2423
       10.2561
       10.4513
        11.191
       11.9307
       12.6704
       12.9336
        13.144
       13.3545
        13.565
       13.7755
       13.7818
       13.7327
       13.6835
       13.6343
       13.5851
       13.5043
       13.2486
       12.9928
        12.737
       12.4812
       12.2254
       11.9696
       11.7138
       11.4581
       11.5219
       11.5936
       11.6652
       11.7368
       11.8085
       11.8801
       11.9517
       12.0233
        12.095
       12.1666
       12.2382
       12.3099
       12.3815
        12.588
       12.9703
       13.3525
       13.7347
       14.1202
       14.5709
       15.0216
       15.4724
       15.9231
       16.3738
       16.9049
       17.4627
       18.0205
       18.5784
       19.1362
       19.4661
       19.6703
       19.8745
       20.0787
       20.2249
       19.6066
       18.9883
       18.4317
       17.8863
       17.3409
       16.7956
       16.2505
       15.8504
       15.4504
       15.0503
       14.6502
       14.2513
       13.8551
       13.6523
       13.7259
       13.7995
       13.8628
       13.8532
       13.8437
       13.8341
       13.8245
        13.815
       13.8054
        13.796
        13.796
        13.796
        13.796
            24
            24
        13.796
