160                           172.44                        
35                            172.44                        
34                            170.26                        
33                            167.05                        
32                            163.31                        
31                            159.21                        
30                            154.87                        
29                            150.39                        
28                            145.75                        
27                            140.99                        
26                            136.14                        
25                            131.21                        
24                            126.22                        
23                            121.16                        
22                            116.04                        
21                            110.87                        
20                            105.68                        
19                            100.46                        
18                            95.226                        
17                            89.979                        
16                            84.75                         
15                            79.287                        
14                            76.199                        
13                            78.959                        
12                            89.567                        
11                            85.717                        
10                            61.908                        
9                             61.394                        
8                             47.006                        
7                             39.449                        
6                             25.074                        
5                             24.421                        
4                             23.471                        
3                             22.462                        
2                             21.281                        
1                             20.113                        
0                             19.25                         
