       872.752
       872.762
       872.762
       872.755
       872.743
       872.728
       872.708
       872.686
        872.66
        872.63
       872.598
       872.563
       872.526
       872.486
       872.444
         872.4
       872.354
       872.306
       872.256
       872.206
       872.154
       872.101
       872.049
       871.996
       871.944
       871.892
       871.842
       871.794
       871.749
       871.708
       871.671
       871.639
       871.613
       871.595
       871.586
       871.587
       871.599
       871.625
       871.665
       871.722
       871.797
       871.892
       872.009
        872.15
       872.318
       872.514
        872.74
       872.997
       873.288
       873.614
       873.977
       874.377
       874.815
       875.292
        875.81
       876.369
       876.969
       877.612
       878.296
       879.022
       879.789
       880.596
        881.44
        882.32
       883.232
        884.17
       885.131
       886.106
       887.091
       888.081
       889.071
       890.057
       891.035
       892.001
       892.954
       893.889
       894.808
       895.708
       896.592
        897.46
       898.317
       899.166
       900.012
       900.859
       901.713
       902.579
       903.463
        904.37
       905.305
       906.274
       907.282
       908.335
       909.435
       910.583
       911.773
       913.003
       914.265
       915.553
       916.858
       918.171
       919.487
       920.797
       922.096
       923.381
       924.652
        925.91
       927.157
       928.395
       929.627
       930.854
       932.075
       933.288
       934.489
        935.67
       936.823
       937.936
       938.992
        939.97
       940.847
       941.596
       942.195
       942.631
       942.897
        942.99
       942.915
       942.676
       942.284
       941.751
       941.088
       940.311
       939.433
       938.468
       937.429
       936.328
        935.18
       933.996
        932.79
       931.573
       930.352
       929.133
       927.919
        926.71
       925.504
       924.301
       923.095
       921.881
       920.655
       919.411
       918.143
       916.846
       915.515
       914.145
       912.736
       911.288
       909.803
       908.289
        906.75
       905.195
       903.634
       902.082
       900.555
       899.072
        897.65
       896.305
       895.051
       893.903
       892.871
       891.965
       891.192
       890.556
       890.057
       889.697
        889.48
       889.402
        843.43
       843.431
       843.427
        843.42
       843.408
       843.392
       843.373
        843.35
       843.324
       843.295
       843.263
       843.228
       843.191
       843.151
       843.109
       843.065
       843.018
        842.97
       842.921
        842.87
       842.819
       842.766
       842.713
       842.661
       842.608
       842.557
       842.507
       842.459
       842.414
       842.372
       842.335
       842.303
       842.277
       842.259
        842.25
       842.251
       842.263
       842.288
       842.328
       842.385
        842.46
       842.555
       842.672
       842.813
       842.981
        843.18
        843.41
       843.672
       843.968
       844.298
       844.665
       845.069
       845.512
       845.994
       846.516
        847.08
       847.685
       848.332
       849.021
       849.752
       850.523
       851.335
       852.184
       853.069
       853.986
        854.93
       855.895
       856.876
       857.866
       858.861
       859.856
       860.846
        861.83
       862.801
       863.758
       864.701
       865.626
       866.533
       867.427
       868.306
       869.173
       870.027
       870.878
        871.73
       872.539
        873.36
       874.198
        875.06
       875.951
       876.875
        877.84
       878.848
       879.905
       881.008
       882.154
        883.34
       884.557
         885.8
        887.06
       888.329
       889.599
       890.864
       892.118
       893.358
       894.584
       895.796
       896.997
       898.191
       899.408
       900.619
       901.828
       903.084
       904.328
       905.553
       906.761
       907.928
       909.038
       910.077
       911.012
       911.819
       912.475
       912.968
       913.293
       913.471
        913.48
       913.328
        913.04
       912.611
       912.052
       911.367
       910.581
       909.709
       908.763
       907.755
       906.701
       905.612
       904.502
       903.373
       902.206
       901.041
       899.875
       898.682
       897.493
         896.3
       895.077
       893.846
       892.592
       891.266
       889.917
       888.533
       887.093
       885.614
       884.096
       882.537
       880.943
       879.333
       877.752
       876.153
        874.56
        873.01
       871.485
       870.004
       868.582
       867.237
       865.983
       864.834
       863.802
       862.897
       862.124
       861.487
       860.988
        862.67
       862.453
        860.34
       813.948
       813.947
       813.942
       813.933
       813.921
       813.905
       813.885
       813.863
       813.836
       813.807
       813.775
       813.741
       813.703
       813.663
       813.621
       813.577
       813.531
       813.483
       813.434
       813.383
       813.332
       813.279
       813.226
       813.173
       813.121
       813.069
       813.019
       812.971
       812.926
       812.884
       812.847
       812.815
       812.789
        812.77
       812.761
       812.761
       812.773
       812.798
       812.837
       812.893
       812.968
       813.062
       813.179
        813.32
       813.487
       813.691
       813.925
       814.192
       814.492
       814.827
       815.199
       815.608
       816.055
       816.543
        817.07
       817.639
       818.249
       818.902
       819.596
       820.333
        821.11
       821.928
       822.784
       823.675
       824.598
       825.549
       826.521
       827.509
       828.506
       829.507
       830.509
       831.507
       832.496
       833.474
       834.438
       835.389
       836.322
       837.238
       838.142
       839.032
       839.911
       840.772
       841.631
       842.489
       843.255
       844.033
        844.83
        845.65
       846.499
       847.383
       848.307
       849.276
       850.293
       851.356
       852.463
       853.607
       854.784
       855.986
       857.205
       858.432
        859.66
       860.883
       862.094
       863.291
       864.473
       865.641
       866.797
       867.947
       869.148
       870.343
       871.538
       872.836
       874.121
       875.388
       876.647
       877.865
       879.026
       880.119
       881.108
       881.965
       882.672
       883.216
       883.594
        883.85
       883.938
       883.867
        883.68
       883.352
       882.894
       882.298
       881.603
       880.821
       879.968
       879.054
       878.094
       877.102
       876.088
       875.051
        873.94
       872.832
       871.717
       870.544
       869.376
       868.198
       866.961
       865.717
       864.438
       863.035
       861.607
        860.14
       858.595
        857.01
       855.385
       853.719
       852.016
       850.314
       848.691
        847.05
       845.425
       843.877
       842.355
       840.875
       839.453
       838.107
       836.853
       835.703
        834.67
       833.764
        832.99
       832.353
       831.853
       835.584
       835.368
       831.207
       784.321
       784.318
       784.313
       784.303
       784.291
       784.274
       784.255
       784.232
       784.206
       784.177
       784.145
        784.11
       784.073
       784.033
       783.991
       783.947
       783.901
       783.853
       783.804
       783.753
       783.702
       783.649
       783.597
       783.544
       783.491
       783.439
       783.389
       783.341
       783.295
       783.253
       783.215
       783.183
       783.157
       783.138
       783.127
       783.127
       783.138
       783.162
       783.201
       783.256
        783.33
       783.424
        783.54
        783.68
       783.847
       784.055
       784.294
       784.565
       784.869
        785.21
       785.586
       786.001
       786.454
       786.947
        787.48
       788.054
       788.671
       789.329
        790.03
       790.773
       791.558
       792.383
       793.246
       794.145
       795.076
       796.035
       797.015
       798.011
       799.016
       800.026
       801.036
       802.042
        803.04
       804.026
       804.997
       805.957
         806.9
       807.824
       808.741
       809.644
       810.535
       811.405
       812.272
        813.14
       813.864
       814.603
        815.36
       816.141
       816.953
         817.8
       818.688
       819.621
       820.603
        821.63
         822.7
       823.808
       824.947
       826.111
       827.292
        828.48
       829.668
       830.852
       832.023
       833.179
       834.319
       835.444
       836.556
       837.661
       838.847
       840.025
       841.205
       842.542
       843.866
       845.171
       846.479
       847.745
       848.952
       850.095
        851.13
       852.032
       852.783
       853.372
       853.797
       854.125
       854.287
       854.294
       854.203
       853.973
       853.613
       853.104
       852.497
       851.806
       851.044
       850.224
       849.359
       848.464
        847.55
       846.605
       845.554
       844.506
       843.445
       842.295
       841.151
       839.992
       838.746
       837.493
       836.193
       834.716
       833.214
       831.667
        830.02
       828.333
       826.604
       824.832
       823.024
        821.23
       819.567
       817.885
       816.228
       814.684
       813.164
       811.686
       810.263
       808.916
        807.66
       806.509
       805.475
       804.567
       803.791
       803.152
       802.651
       808.441
       808.224
       802.004
       754.563
        754.56
       754.554
       754.544
       754.531
       754.515
       754.495
       754.472
       754.446
       754.417
       754.385
        754.35
       754.313
       754.274
       754.232
       754.188
       754.142
       754.095
       754.045
       753.995
       753.943
       753.891
       753.838
       753.785
       753.733
       753.681
        753.63
       753.582
       753.536
       753.493
       753.455
       753.422
       753.395
       753.375
       753.364
       753.363
       753.373
       753.396
       753.434
       753.488
       753.561
       753.654
       753.769
       753.908
       754.075
       754.287
       754.529
       754.805
       755.114
        755.46
       755.842
       756.262
       756.721
       757.219
       757.758
       758.339
       758.962
       759.627
       760.335
       761.085
       761.877
        762.71
       763.581
       764.489
       765.429
       766.397
       767.386
       768.392
       769.407
       770.426
       771.446
       772.461
       773.468
       774.463
       775.442
       776.413
       777.366
         778.3
       779.231
       780.147
       781.052
       781.931
        782.81
       783.688
       784.373
       785.073
       785.794
        786.54
       787.316
       788.129
       788.985
       789.887
       790.836
       791.831
       792.869
       793.943
       795.048
       796.177
       797.322
       798.473
       799.625
       800.771
       801.905
       803.022
       804.121
       805.203
       806.271
       807.331
       808.501
        809.66
       810.823
       812.199
       813.558
       814.899
       816.253
       817.562
       818.812
       819.999
       821.075
       822.016
       822.805
       823.432
       823.899
       824.295
       824.525
       824.605
       824.607
       824.472
       824.206
       823.783
       823.263
       822.661
       821.991
       821.264
       820.496
       819.699
       818.885
       818.036
       817.046
       816.061
       815.057
       813.934
       812.818
       811.681
       810.429
       809.171
       807.856
       806.308
       804.735
       803.113
       801.366
       799.579
       797.749
       795.875
       793.963
        792.08
       790.379
       788.656
       786.969
       785.428
       783.911
       782.434
        781.01
       779.662
       778.404
        777.25
       776.214
       775.304
       774.525
       773.883
        773.38
       781.237
        781.02
        772.73
       724.692
       724.689
       724.683
       724.673
       724.659
       724.643
       724.623
         724.6
       724.574
       724.545
       724.513
       724.479
       724.442
       724.403
       724.361
       724.318
       724.272
       724.225
       724.176
       724.125
       724.074
       724.021
       723.969
       723.916
       723.863
       723.811
        723.76
       723.712
       723.665
       723.622
       723.583
       723.549
       723.522
       723.501
       723.489
       723.487
       723.496
       723.518
       723.554
       723.607
       723.678
        723.77
       723.884
       724.022
       724.188
       724.404
        724.65
        724.93
       725.244
       725.595
       725.982
       726.408
       726.872
       727.377
       727.922
       728.509
       729.138
       729.811
       730.526
       731.284
       732.084
       732.924
       733.804
       734.721
        735.67
       736.648
       737.647
       738.663
       739.688
       740.719
       741.749
       742.774
       743.791
       744.795
       745.783
       746.765
       747.729
       748.674
       749.618
       750.549
       751.469
       752.359
       753.249
       754.141
       754.788
       755.452
       756.138
       756.851
       757.595
       758.378
       759.204
       760.077
       760.998
       761.964
       762.971
       764.015
       765.089
       766.185
       767.297
       768.415
       769.532
       770.642
       771.739
       772.817
       773.876
       774.916
       775.939
       776.955
       778.107
       779.246
        780.39
       781.801
       783.195
       784.568
       785.964
       787.314
       788.601
       789.827
       790.938
       791.912
       792.734
       793.394
       793.897
       794.355
        794.65
       794.799
        794.89
       794.847
       794.674
       794.333
       793.899
       793.385
       792.806
       792.174
       791.502
       790.805
       790.094
       789.342
       788.415
       787.496
       786.553
        785.46
       784.375
       783.264
       782.011
       780.751
       779.423
       777.808
       776.169
       774.474
       772.631
       770.748
        768.82
       766.847
       764.833
       762.863
       761.124
       759.363
       757.647
        756.11
       754.596
       753.121
       751.695
       750.344
       749.083
       747.926
       746.886
       745.972
        745.19
       744.545
       744.038
       753.973
       753.753
       743.384
       694.729
       694.726
       694.719
       694.709
       694.696
       694.679
        694.66
       694.637
       694.611
       694.582
       694.551
       694.516
        694.48
       694.441
         694.4
       694.356
       694.311
       694.264
       694.215
       694.165
       694.113
       694.061
       694.009
       693.956
       693.903
       693.851
         693.8
       693.751
       693.704
       693.661
       693.621
       693.586
       693.558
       693.536
       693.523
       693.519
       693.527
       693.547
       693.582
       693.633
       693.703
       693.793
       693.905
       694.043
       694.207
       694.426
       694.677
        694.96
       695.279
       695.635
       696.028
       696.459
       696.929
       697.439
       697.991
       698.584
        699.22
       699.899
       700.621
       701.386
       702.194
       703.043
       703.931
       704.857
       705.816
       706.803
       707.813
       708.839
       709.875
       710.916
       711.957
       712.993
        714.02
       715.033
       716.031
       717.024
       717.999
       718.955
       719.914
       720.859
       721.794
       722.696
         723.6
       724.505
       725.117
       725.747
         726.4
       727.081
       727.797
       728.552
       729.351
       730.198
       731.093
       732.032
       733.012
       734.027
       735.072
       736.139
       737.219
       738.305
       739.388
       740.464
       741.525
       742.565
       743.585
       744.582
        745.56
       746.529
       747.662
        748.78
       749.902
       751.346
       752.771
       754.173
       755.608
       756.994
       758.314
       759.573
       760.714
       761.716
       762.566
       763.254
       763.788
       764.304
        764.66
       764.873
        765.05
       765.096
       765.014
       764.754
       764.404
       763.977
        763.49
       762.951
       762.377
       761.782
       761.174
       760.522
       759.661
        758.81
       757.931
       756.871
        755.82
        754.74
       753.488
        752.23
       750.894
       749.215
       747.513
       745.749
       743.814
       741.837
       739.815
       737.744
       735.631
       733.576
       731.802
       730.004
       728.259
       726.728
       725.217
       723.743
       722.316
       720.962
       719.697
       718.536
       717.491
       716.571
       715.784
       715.133
       714.622
       726.644
       726.423
       713.963
       664.697
       664.693
       664.687
       664.676
       664.663
       664.647
       664.627
       664.604
       664.578
        664.55
       664.519
       664.485
       664.449
        664.41
       664.369
       664.326
       664.281
       664.234
       664.186
       664.136
       664.085
       664.033
       663.981
       663.928
       663.875
       663.823
       663.772
       663.722
       663.675
       663.631
       663.591
       663.555
       663.526
       663.503
       663.488
       663.483
       663.489
       663.508
       663.541
        663.59
       663.658
       663.746
       663.857
       663.993
       664.156
       664.378
       664.632
       664.919
       665.243
       665.603
           666
       666.436
       666.912
       667.428
       667.985
       668.584
       669.226
       669.911
        670.64
       671.412
       672.227
       673.084
       673.981
       674.915
       675.883
        676.88
         677.9
       678.936
       679.983
       681.034
       682.085
       683.132
       684.168
       685.191
       686.198
       687.203
       688.188
       689.155
       690.128
       691.088
        692.04
       692.954
       693.872
       694.792
       695.369
       695.965
       696.588
        697.24
       697.928
       698.657
       699.433
       700.256
       701.126
       702.041
       702.995
       703.984
       705.002
        706.04
       707.091
       708.145
       709.197
       710.239
       711.264
       712.266
       713.245
         714.2
       715.131
       716.052
       717.164
       718.258
       719.356
       720.831
       722.283
       723.712
       725.181
       726.598
       727.946
       729.234
         730.4
       731.425
       732.297
       733.008
       733.569
       734.139
       734.551
       734.826
       735.087
       735.219
       735.226
       735.045
       734.777
       734.437
        734.04
       733.596
       733.119
       732.627
       732.125
       731.575
       730.781
       730.001
       729.189
       728.164
       727.151
       726.104
       724.857
       723.606
       722.265
       720.526
       718.764
       716.934
       714.911
       712.844
        710.73
       708.565
       706.355
       704.217
       702.411
       700.577
       698.805
        697.28
       695.774
       694.301
       692.871
       691.513
       690.243
       689.076
       688.024
       687.098
       686.303
       685.646
       685.129
        699.25
       699.026
       684.462
       634.619
       634.615
       634.608
       634.598
       634.585
       634.569
       634.549
       634.527
       634.501
       634.473
       634.442
       634.409
       634.373
       634.335
       634.294
       634.252
       634.207
       634.161
       634.113
       634.064
       634.013
       633.961
       633.909
       633.856
       633.804
       633.751
         633.7
        633.65
       633.603
       633.558
       633.517
       633.481
        633.45
       633.426
        633.41
       633.404
       633.408
       633.425
       633.456
       633.503
       633.569
       633.655
       633.763
       633.897
       634.058
       634.283
        634.54
       634.831
       635.158
       635.522
       635.924
       636.365
       636.845
       637.366
       637.928
       638.532
       639.179
        639.87
       640.605
       641.384
       642.206
       643.069
       643.974
       644.916
       645.892
       646.897
       647.926
       648.972
       650.028
       651.089
        652.15
       653.205
       654.251
       655.283
       656.298
       657.313
       658.308
       659.286
       660.273
       661.248
       662.216
       663.143
       664.075
       665.011
       665.553
       666.118
       666.711
       667.335
       667.998
       668.703
       669.456
       670.256
       671.104
       671.996
       672.927
       673.891
       674.883
       675.894
       676.915
       677.939
       678.959
       679.967
       680.956
       681.921
       682.858
       683.768
       684.652
       685.523
       686.613
        687.68
       688.751
       690.253
       691.729
        693.18
        694.68
       696.124
       697.494
       698.805
        699.99
       701.033
       701.923
       702.653
       703.237
       703.858
       704.323
       704.656
       704.997
       705.214
       705.307
       705.204
       705.018
       704.763
       704.456
       704.107
       703.728
       703.339
       702.944
       702.498
       701.774
       701.067
       700.324
       699.337
       698.366
       697.355
       696.117
       694.876
       693.533
       691.738
        689.92
       688.028
       685.919
       683.765
       681.563
       679.307
       677.004
       674.785
       672.949
       671.081
       669.284
       667.767
       666.266
       664.794
       663.361
       661.998
       660.721
       659.546
       658.485
       657.549
       656.745
       656.078
       655.554
       671.786
       671.559
       654.878
       604.521
       604.517
        604.51
         604.5
       604.487
       604.471
       604.452
       604.429
       604.404
       604.377
       604.346
       604.314
       604.278
       604.241
       604.201
       604.159
       604.115
       604.069
       604.022
       603.973
       603.922
       603.871
       603.819
       603.767
       603.714
       603.662
       603.611
       603.561
       603.513
       603.468
       603.426
       603.389
       603.357
       603.332
       603.315
       603.307
       603.309
       603.324
       603.353
       603.398
       603.461
       603.545
       603.651
       603.782
       603.942
       604.169
       604.428
       604.722
       605.052
       605.419
       605.825
        606.27
       606.754
       607.278
       607.844
       608.453
       609.104
         609.8
       610.539
       611.323
        612.15
        613.02
        613.93
       614.879
       615.861
       616.874
       617.911
       618.964
       620.029
       621.098
       622.167
        623.23
       624.284
       625.323
       626.346
        627.37
       628.374
       629.362
       630.362
       631.352
       632.335
       633.275
       634.222
       635.173
       635.682
       636.215
       636.779
       637.377
       638.015
       638.698
       639.428
       640.208
       641.034
       641.904
       642.811
       643.752
       644.718
       645.703
       646.696
        647.69
       648.678
       649.652
       650.605
        651.53
       652.425
       653.289
       654.123
       654.942
       656.006
       657.043
       658.083
       659.609
       661.106
       662.575
       664.101
       665.567
       666.954
       668.282
       669.483
        670.54
       671.443
       672.188
       672.791
       673.457
       673.972
       674.361
        674.78
       675.079
       675.257
        675.23
       675.124
       674.954
       674.737
       674.481
       674.202
       673.917
       673.631
       673.289
       672.637
       672.005
       671.333
       670.388
        669.46
       668.489
       667.263
       666.035
       664.695
       662.847
       660.976
       659.026
       656.835
       654.598
       652.311
       649.967
       647.573
       645.277
       643.414
       641.515
       639.695
       638.187
       636.691
       635.221
       633.784
       632.415
        631.13
       629.944
       628.872
       627.923
       627.106
       626.427
       625.893
       644.248
       644.017
       625.203
       574.429
       574.425
       574.419
       574.409
       574.396
        574.38
       574.361
       574.339
       574.315
       574.287
       574.258
       574.225
       574.191
       574.154
       574.114
       574.073
        574.03
       573.985
       573.938
        573.89
        573.84
       573.789
       573.738
       573.686
       573.634
       573.582
       573.531
       573.481
       573.433
       573.387
       573.345
       573.307
       573.274
       573.248
       573.229
       573.219
        573.22
       573.233
        573.26
       573.302
       573.363
       573.444
       573.547
       573.675
       573.832
       574.061
       574.322
       574.618
        574.95
       575.321
       575.729
       576.176
       576.663
       577.191
        577.76
       578.371
       579.025
       579.724
       580.467
       581.254
       582.085
       582.958
       583.873
       584.826
       585.814
       586.832
       587.874
       588.933
       590.004
       591.079
       592.154
       593.224
       594.283
       595.328
       596.356
       597.388
       598.401
       599.396
       600.409
       601.412
        602.41
       603.361
       604.322
        605.29
       605.764
       606.267
       606.802
       607.374
       607.989
       608.649
       609.359
       610.118
       610.923
       611.771
       612.656
       613.573
       614.514
       615.472
       616.437
       617.401
       618.356
       619.296
       620.211
       621.096
       621.947
       622.763
       623.544
       624.308
       625.343
       626.347
       627.353
       628.899
       630.412
       631.895
       633.442
       634.924
       636.322
       637.664
       638.875
       639.941
       640.854
       641.609
       642.227
       642.937
       643.499
        643.94
       644.434
       644.813
       645.074
       645.121
       645.094
       645.009
        644.88
       644.719
       644.539
       644.358
       644.182
       643.947
       643.368
       642.813
       642.215
       641.313
       640.431
       639.503
       638.292
       637.081
       635.747
       633.849
       631.929
       629.925
       627.655
       625.339
       622.971
       620.543
       618.062
       615.692
       613.805
       611.877
       610.036
       608.539
       607.049
       605.581
        604.14
       602.763
       601.467
       600.268
        599.18
       598.215
       597.382
       596.687
       596.139
       616.633
       616.396
       595.431
       544.371
       544.367
       544.361
       544.351
       544.338
       544.322
       544.304
       544.283
       544.259
       544.232
       544.203
       544.171
       544.137
       544.101
       544.063
       544.022
        543.98
       543.936
        543.89
       543.842
       543.793
       543.743
       543.693
       543.641
        543.59
       543.538
       543.487
       543.437
       543.389
       543.343
       543.301
       543.262
       543.229
       543.201
       543.181
        543.17
       543.168
       543.179
       543.203
       543.243
       543.301
       543.379
       543.479
       543.605
       543.758
       543.988
        544.25
       544.548
       544.882
       545.253
       545.664
       546.113
       546.601
        547.13
         547.7
       548.313
       548.968
       549.668
       550.413
       551.201
       552.033
       552.909
       553.825
       554.781
       555.771
       556.791
       557.837
       558.899
       559.973
       561.052
       562.131
       563.204
       564.266
       565.315
       566.346
       567.383
       568.402
       569.404
       570.427
       571.442
       572.454
       573.416
        574.39
       575.373
       575.813
       576.285
       576.791
       577.338
       577.929
       578.568
       579.257
       579.995
       580.779
       581.606
       582.468
       583.361
       584.277
       585.207
       586.143
       587.076
       587.999
       588.902
       589.779
       590.621
       591.426
       592.191
       592.917
       593.623
       594.626
       595.592
        596.56
       598.121
       599.646
       601.137
         602.7
       604.193
       605.598
       606.947
       608.163
       609.235
       610.153
       610.915
       611.544
       612.294
       612.899
        613.39
       613.958
       614.415
       614.756
       614.876
       614.927
       614.924
       614.884
       614.817
       614.736
       614.661
       614.594
       614.467
       613.962
       613.486
       612.964
       612.108
       611.275
       610.393
       609.199
       608.008
       606.684
       604.741
       602.775
        600.72
       598.377
       595.986
        593.54
       591.033
       588.469
       586.028
        584.12
       582.168
       580.309
       578.824
       577.342
       575.874
       574.429
       573.042
       571.732
       570.516
       569.409
       568.422
       567.567
       566.851
       566.284
       588.933
       588.689
       565.552
       514.374
        514.37
       514.364
       514.354
       514.342
       514.326
       514.308
       514.287
       514.264
       514.238
        514.21
       514.179
       514.146
       514.111
       514.073
       514.034
       513.993
       513.949
       513.904
       513.858
        513.81
       513.761
       513.711
        513.66
       513.609
       513.558
       513.508
       513.458
        513.41
       513.365
       513.322
       513.283
       513.248
        513.22
       513.199
       513.186
       513.182
       513.191
       513.213
        513.25
       513.305
        513.38
       513.477
       513.598
       513.748
       513.979
       514.241
       514.539
       514.874
       515.246
       515.656
       516.106
       516.594
       517.123
       517.693
       518.305
       518.959
       519.658
       520.402
       521.189
       522.021
       522.895
       523.811
       524.765
       525.755
       526.775
        527.82
       528.883
       529.957
       531.036
       532.115
       533.189
       534.252
         535.3
       536.332
       537.372
       538.394
         539.4
       540.432
       541.457
        542.48
       543.451
       544.438
       545.434
        545.84
        546.28
       546.758
       547.279
       547.846
       548.463
       549.131
       549.848
       550.611
       551.415
       552.254
       553.122
       554.012
       554.914
       555.821
       556.722
       557.609
       558.475
       559.311
       560.109
       560.865
       561.577
       562.245
       562.889
       563.854
       564.779
       565.703
       567.275
       568.807
       570.301
       571.874
       573.373
       574.778
        576.13
       577.347
       578.419
       579.339
       580.103
        580.74
       581.527
       582.173
       582.711
        583.35
       583.882
       584.302
       584.493
        584.62
       584.699
       584.747
       584.772
       584.791
       584.821
       584.865
       584.846
       584.417
        584.02
       583.576
       582.767
       581.986
       581.152
       579.979
       578.812
       577.502
       575.516
       573.509
       571.408
       568.995
       566.533
       564.016
       561.433
        558.79
       556.283
        554.36
       552.386
       550.512
       549.042
       547.568
       546.103
       544.651
       543.252
       541.925
       540.687
       539.555
        538.54
       537.656
       536.912
       536.321
       561.142
       560.889
       535.554
       484.466
       484.462
       484.456
       484.447
       484.434
        484.42
       484.402
       484.382
       484.359
       484.334
       484.307
       484.277
       484.245
       484.211
       484.174
       484.136
       484.096
       484.054
        484.01
       483.965
       483.918
        483.87
       483.821
       483.772
       483.722
       483.671
       483.622
       483.573
       483.525
       483.479
       483.437
       483.397
       483.362
       483.333
       483.311
       483.296
       483.291
       483.298
       483.317
       483.352
       483.403
       483.475
       483.568
       483.685
       483.831
       484.061
       484.324
       484.621
       484.955
       485.326
       485.736
       486.184
       486.671
       487.197
       487.765
       488.374
       489.025
       489.721
        490.46
       491.244
       492.071
       492.941
       493.853
       494.803
       495.789
       496.805
       497.846
       498.905
       499.976
       501.052
       502.127
       503.197
       504.257
       505.302
       506.331
       507.371
       508.393
         509.4
       510.437
        511.47
       512.503
       513.481
       514.478
       515.487
       515.857
       516.264
       516.713
       517.207
        517.75
       518.345
       518.991
       519.686
       520.426
       521.207
       522.021
       522.864
       523.726
       524.599
       525.474
       526.341
       527.193
       528.019
       528.812
       529.563
       530.267
       530.922
       531.528
       532.106
        533.03
       533.908
       534.784
       536.361
       537.894
       539.386
       540.964
       542.461
       543.861
       545.211
       546.424
       547.492
       548.409
       549.173
       549.814
       550.635
       551.319
       551.901
       552.608
       553.214
       553.711
       553.971
       554.172
       554.331
       554.464
       554.582
       554.699
       554.834
       554.989
        555.08
       554.726
       554.411
       554.046
       553.286
       552.558
       551.776
       550.627
       549.487
       548.194
       546.169
       544.126
       541.983
       539.505
       536.978
       534.393
       531.741
       529.025
       526.458
       524.523
       522.533
       520.646
       519.194
       517.731
       516.267
       514.808
       513.394
       512.046
       510.781
       509.616
       508.565
       507.643
       506.862
       506.237
        533.25
       532.985
       505.424
       454.675
       454.672
       454.666
       454.657
       454.645
       454.631
       454.614
       454.594
       454.572
       454.548
       454.522
       454.493
       454.462
       454.429
       454.394
       454.357
       454.318
       454.278
       454.235
       454.191
       454.146
       454.099
       454.052
       454.003
       453.954
       453.905
       453.857
       453.808
       453.761
       453.716
       453.674
       453.634
       453.599
       453.569
       453.546
        453.53
       453.524
       453.528
       453.545
       453.577
       453.625
       453.693
       453.782
       453.895
       454.036
       454.265
       454.526
       454.822
       455.154
       455.523
        455.93
       456.375
       456.858
       457.381
       457.943
       458.547
       459.193
       459.882
       460.615
       461.391
       462.211
       463.073
       463.977
       464.919
       465.896
       466.904
       467.936
       468.987
        470.05
       471.118
       472.186
       473.249
       474.301
       475.339
       476.361
       477.396
       478.415
        479.42
       480.459
       481.496
       482.536
       483.519
       484.523
       485.543
       485.875
       486.249
       486.667
       487.133
       487.652
       488.223
       488.846
       489.517
       490.234
       490.989
       491.778
       492.593
       493.426
       494.268
        495.11
       495.941
       496.754
       497.538
       498.285
       498.986
       499.636
       500.231
        500.77
       501.278
       502.156
       502.982
       503.803
       505.379
       506.907
        508.39
       509.966
       511.456
       512.845
       514.187
       515.393
       516.453
       517.363
       518.123
       518.764
       519.616
       520.334
       520.958
        521.73
       522.407
       522.979
       523.305
       523.579
       523.816
       524.034
       524.243
       524.457
       524.696
       524.962
       525.162
       524.884
       524.651
       524.366
       523.656
       522.985
       522.256
       521.134
       520.025
       518.754
       516.694
       514.618
        512.44
       509.901
       507.315
        504.67
       501.954
       499.172
       496.549
       494.611
       492.609
       490.715
       489.284
       487.833
       486.372
       484.904
       483.473
       482.098
       480.799
       479.592
       478.494
       477.521
       476.691
        476.02
       505.248
       504.967
       475.141
        425.03
       425.027
       425.021
       425.012
       425.001
       424.987
       424.971
       424.953
       424.932
       424.909
       424.883
       424.856
       424.826
       424.794
       424.761
       424.725
       424.688
       424.649
       424.608
       424.566
       424.522
       424.477
       424.431
       424.384
       424.337
       424.289
       424.241
       424.194
       424.148
       424.104
       424.062
       424.023
       423.988
       423.957
       423.933
       423.917
       423.909
       423.911
       423.926
       423.955
           424
       424.063
       424.148
       424.256
       424.392
       424.619
       424.878
        425.17
       425.499
       425.865
       426.268
       426.707
       427.185
       427.701
       428.256
       428.851
       429.488
       430.168
        430.89
       431.656
       432.464
       433.315
       434.206
       435.136
         436.1
       437.094
       438.114
       439.151
       440.201
       441.256
       442.312
       443.362
       444.402
       445.428
       446.438
       447.465
       448.476
       449.474
       450.513
        451.55
       452.593
       453.577
       454.587
       455.615
       455.908
       456.246
       456.631
       457.069
       457.561
       458.106
       458.704
       459.351
       460.041
        460.77
       461.531
       462.316
       463.118
       463.927
       464.733
       465.526
       466.298
       467.038
       467.736
       468.384
       468.975
       469.506
       469.975
       470.407
       471.234
       472.001
       472.762
       474.331
       475.846
       477.313
        478.88
       480.357
       481.729
       483.059
       484.251
       485.299
       486.198
        486.95
       487.588
       488.467
       489.217
       489.879
       490.715
        491.46
       492.104
       492.495
       492.838
        493.15
       493.451
       493.749
       494.059
       494.401
       494.778
       495.087
       494.884
       494.733
        494.53
       493.872
       493.257
       492.585
       491.493
       490.418
       489.173
       487.083
        484.98
       482.771
        480.18
       477.541
       474.842
        472.07
       469.228
       466.559
       464.623
       462.616
       460.721
       459.316
        457.88
       456.423
       454.945
       453.493
       452.086
       450.742
       449.482
       448.323
       447.284
       446.387
       445.655
       477.121
       476.819
       444.683
       395.559
       395.556
        395.55
       395.542
       395.531
       395.518
       395.503
       395.485
       395.465
       395.443
       395.419
       395.393
       395.364
       395.334
       395.302
       395.268
       395.233
       395.195
       395.156
       395.116
       395.074
       395.031
       394.987
       394.942
       394.896
        394.85
       394.804
       394.758
       394.713
        394.67
       394.629
        394.59
       394.556
       394.526
       394.501
       394.484
       394.474
       394.475
       394.488
       394.513
       394.555
       394.615
       394.695
       394.798
       394.928
       395.152
       395.407
       395.695
       396.019
       396.379
       396.776
       397.208
       397.678
       398.185
        398.73
       399.314
       399.939
       400.605
       401.314
       402.064
       402.857
       403.691
       404.565
       405.477
       406.423
       407.399
       408.399
       409.419
        410.45
       411.487
       412.524
       413.556
       414.578
       415.587
       416.581
       417.594
       418.592
        419.58
       420.612
       421.646
       422.688
       423.671
       424.682
       425.714
       425.966
       426.266
       426.618
       427.025
       427.487
       428.005
       428.576
       429.195
       429.857
       430.557
       431.287
        432.04
       432.808
       433.581
       434.349
       435.101
       435.829
       436.521
       437.168
       437.759
       438.288
       438.752
       439.146
       439.497
       440.267
       440.971
       441.664
       443.218
       444.713
       446.156
       447.706
       449.162
       450.512
       451.824
       452.999
        454.03
       454.915
       455.654
       456.285
       457.188
       457.967
       458.664
       459.559
        460.37
       461.083
       461.535
       461.945
       462.331
       462.711
       463.096
       463.499
       463.943
       464.429
       464.846
       464.718
        464.65
       464.528
       463.922
       463.367
       462.754
       461.694
       460.657
       459.443
       457.328
       455.204
       452.971
       450.333
       447.649
       444.906
       442.087
       439.194
       436.487
       434.563
       432.559
        430.67
       429.296
       427.879
       426.426
       424.938
       423.462
       422.015
       420.618
       419.291
       418.053
       416.927
        415.94
       415.122
       448.852
       448.523
       414.018
       366.289
       366.286
        366.28
       366.272
       366.262
        366.25
       366.235
       366.219
         366.2
       366.179
       366.156
       366.132
       366.105
       366.077
       366.046
       366.014
        365.98
       365.945
       365.908
        365.87
        365.83
       365.789
       365.747
       365.704
        365.66
       365.616
       365.572
       365.528
       365.485
       365.443
       365.403
       365.365
       365.331
       365.302
       365.277
       365.259
       365.249
       365.248
       365.258
       365.281
        365.32
       365.375
        365.45
       365.547
        365.67
        365.89
       366.141
       366.424
       366.742
       367.094
       367.483
       367.906
       368.364
       368.859
       369.391
       369.961
        370.57
       371.219
       371.909
       372.641
       373.413
       374.226
       375.077
       375.966
       376.888
        377.84
       378.816
        379.81
       380.817
       381.829
       382.842
        383.85
       384.849
       385.835
       386.807
         387.8
        388.78
       389.752
       390.773
       391.798
       392.835
       393.811
        394.82
       395.854
       396.061
        396.32
       396.636
       397.009
       397.441
       397.928
       398.468
       399.057
       399.688
       400.356
       401.052
       401.771
       402.502
       403.236
       403.962
       404.671
       405.351
       405.993
       406.585
       407.116
        407.58
       407.971
       408.287
       408.553
        409.26
       409.893
       410.511
       412.043
        413.51
        414.92
       416.445
       417.874
       419.195
       420.484
       421.635
       422.645
       423.511
       424.233
       424.854
       425.777
        426.58
       427.309
       428.261
       429.134
       429.913
       430.422
       430.896
       431.352
       431.809
       432.277
       432.771
       433.314
       433.907
       434.431
       434.376
       434.389
        434.35
       433.797
       433.302
       432.751
       431.726
       430.732
       429.554
       427.419
        425.28
       423.031
       420.356
       417.637
       414.859
       412.002
        409.07
       406.335
       404.433
       402.443
       400.567
       399.232
       397.839
       396.394
       394.896
       393.391
       391.899
       390.436
       389.024
       387.685
       386.446
       385.338
       384.401
       420.419
       420.057
       383.111
       337.246
       337.243
       337.238
       337.231
       337.221
        337.21
       337.196
       337.181
       337.163
       337.144
       337.122
       337.099
       337.074
       337.047
       337.019
       336.989
       336.957
       336.924
       336.889
       336.853
       336.816
       336.777
       336.737
       336.697
       336.655
       336.614
       336.572
        336.53
       336.489
       336.449
        336.41
       336.374
       336.341
       336.312
       336.288
        336.27
       336.259
       336.257
       336.265
       336.285
        336.32
       336.371
        336.44
       336.531
       336.647
       336.862
       337.107
       337.383
       337.692
       338.036
       338.413
       338.824
       339.269
       339.749
       340.264
       340.816
       341.406
       342.034
       342.702
       343.409
       344.156
       344.941
       345.765
       346.625
       347.517
       348.438
       349.383
       350.347
       351.322
       352.303
       353.285
       354.263
       355.232
       356.188
       357.131
       358.099
       359.055
       360.004
       361.009
        362.02
       363.046
       364.011
       365.014
       366.044
       366.203
       366.419
       366.695
       367.032
       367.429
       367.883
        368.39
       368.945
       369.541
       370.173
       370.833
       371.512
       372.203
       372.894
       373.577
       374.238
       374.869
       375.456
        375.99
       376.458
       376.853
       377.169
       377.401
       377.577
       378.217
       378.774
        379.31
       380.811
       382.241
       383.609
         385.1
       386.494
       387.779
       389.039
       390.162
       391.145
       391.987
       392.688
       393.294
       394.234
       395.058
       395.814
       396.819
        397.75
       398.591
       399.154
       399.687
       400.208
       400.738
       401.286
       401.867
       402.507
       403.203
       403.832
       403.849
       403.942
       403.984
       403.483
       403.051
       402.563
       401.577
        400.63
       399.494
       397.345
         395.2
       392.943
        390.24
       387.497
       384.696
       381.815
       378.856
       376.107
       374.239
       372.274
       370.423
       369.135
       367.772
       366.341
       364.834
       363.299
       361.753
       360.212
       358.697
        357.23
       355.843
       354.574
       353.472
       391.795
       391.391
       351.913
       308.456
       308.453
       308.449
       308.442
       308.433
       308.423
        308.41
       308.396
       308.379
       308.361
       308.342
        308.32
       308.297
       308.272
       308.246
       308.218
       308.189
       308.158
       308.126
       308.092
       308.057
       308.021
       307.984
       307.946
       307.907
       307.868
       307.829
       307.789
        307.75
       307.713
       307.676
       307.642
        307.61
       307.582
       307.558
        307.54
       307.529
       307.526
       307.532
        307.55
       307.581
       307.627
       307.691
       307.775
       307.883
       308.092
        308.33
       308.597
       308.896
       309.228
       309.593
       309.989
       310.418
       310.879
       311.374
       311.904
       312.469
       313.072
       313.713
       314.391
       315.107
        315.86
        316.65
       317.474
        318.33
       319.214
       320.122
       321.047
       321.985
       322.928
       323.872
       324.812
       325.743
       326.663
       327.571
       328.507
       329.432
       330.352
       331.333
       332.324
       333.334
       334.282
       335.273
       336.295
       336.402
       336.572
       336.805
       337.102
       337.461
       337.878
       338.347
       338.864
       339.422
       340.014
       340.632
       341.269
       341.915
        342.56
       343.195
       343.806
       344.383
       344.913
       345.385
       345.787
        346.11
       346.348
       346.494
       346.576
       347.143
       347.618
       348.066
       349.529
       350.912
       352.229
       353.678
       355.027
        356.27
       357.493
       358.582
       359.533
       360.345
       361.021
       361.607
       362.558
       363.398
       364.178
       365.231
       366.216
       367.114
       367.726
       368.313
       368.895
       369.493
       370.115
        370.78
       371.511
       372.308
       373.037
       373.122
       373.294
       373.416
       372.967
       372.597
       372.175
       371.232
       370.338
       369.249
       367.095
       364.951
       362.699
        359.98
       357.225
       354.415
       351.525
       348.553
       345.805
       343.987
       342.061
       340.247
       339.018
       337.696
       336.283
       334.771
       333.206
         331.6
       329.969
       328.329
       326.704
       325.126
       323.642
       322.314
       362.947
        362.49
       320.373
       279.942
        279.94
       279.936
        279.93
       279.922
       279.912
         279.9
       279.887
       279.872
       279.856
       279.838
       279.818
       279.797
       279.774
        279.75
       279.725
       279.698
       279.669
        279.64
       279.609
       279.577
       279.543
       279.509
       279.474
       279.438
       279.402
       279.365
       279.329
       279.293
       279.258
       279.223
       279.191
       279.161
       279.135
       279.112
       279.094
       279.083
       279.079
       279.084
       279.099
       279.126
       279.168
       279.226
       279.302
       279.401
       279.603
       279.832
       280.089
       280.376
       280.694
       281.043
       281.421
        281.83
        282.27
       282.741
       283.245
       283.782
       284.355
       284.963
       285.607
       286.286
       287.002
       287.751
       288.534
       289.347
       290.187
        291.05
        291.93
       292.822
       293.719
       294.618
       295.512
       296.399
       297.275
        298.14
       299.036
       299.924
       300.808
       301.759
       302.723
       303.709
       304.634
       305.607
       306.617
       306.668
       306.787
       306.973
       307.227
       307.543
       307.918
       308.346
        308.82
       309.335
       309.882
       310.454
       311.044
       311.641
       312.236
       312.818
       313.375
       313.894
       314.364
       314.772
       315.105
       315.354
       315.511
       315.567
       315.553
       316.044
       316.432
       316.786
       318.203
       319.533
        320.79
       322.186
       323.482
       324.673
       325.852
         326.9
       327.812
       328.589
       329.234
       329.795
       330.752
       331.604
       332.401
       333.499
       334.532
       335.481
       336.136
       336.772
       337.408
       338.068
       338.759
         339.5
       340.317
       341.209
       342.036
       342.185
       342.431
       342.631
       342.234
       341.927
       341.573
       340.675
       339.839
       338.806
       336.654
       334.524
       332.287
       329.567
       326.817
       324.015
       321.132
       318.167
       315.437
       313.687
       311.815
       310.055
       308.897
       307.628
       306.245
       304.734
       303.142
       301.474
       299.741
       297.954
       296.136
       294.318
       292.552
       290.912
       333.831
       333.312
       288.429
       251.725
       251.723
       251.719
       251.714
       251.707
       251.698
       251.688
       251.676
       251.662
       251.648
       251.631
       251.614
       251.594
       251.574
       251.552
       251.529
       251.505
       251.479
       251.452
       251.424
       251.395
       251.365
       251.333
       251.302
       251.269
       251.236
       251.202
       251.169
       251.136
       251.104
       251.072
       251.042
       251.015
        250.99
       250.968
       250.952
        250.94
       250.936
       250.939
       250.952
       250.975
       251.012
       251.063
       251.132
       251.221
       251.415
       251.633
       251.878
       252.151
       252.452
       252.782
        253.14
       253.526
        253.94
       254.383
       254.857
       255.362
       255.899
        256.47
       257.074
       257.712
       258.383
       259.086
       259.821
       260.584
       261.373
       262.183
        263.01
       263.849
       264.693
       265.538
        266.38
       267.214
       268.038
       268.852
       269.701
       270.542
       271.383
       272.296
       273.225
       274.182
       275.077
       276.025
       277.016
       277.007
        277.07
       277.206
       277.411
       277.681
       278.009
        278.39
       278.817
       279.283
        279.78
       280.301
       280.838
       281.381
       281.921
       282.446
       282.944
       283.403
       283.809
        284.15
       284.413
       284.587
        284.66
       284.627
       284.513
       284.927
       285.224
        285.48
       286.846
       288.114
       289.302
       290.636
       291.869
       292.999
       294.126
       295.124
       295.991
       296.727
       297.334
       297.864
       298.823
        299.68
       300.489
       301.624
       302.699
       303.693
       304.383
       305.061
       305.744
       306.458
        307.21
        308.02
       308.916
       309.897
       310.814
       311.021
       311.337
       311.613
       311.264
        311.02
       310.737
       309.888
       309.116
       308.148
       306.008
       303.904
       301.699
       298.994
       296.267
       293.493
       290.639
       287.701
       285.012
       283.348
       281.552
       279.863
       278.794
       277.592
       276.251
       274.755
       273.142
       271.414
       269.573
       267.622
       265.574
       263.459
       261.328
       259.267
       304.398
       303.806
       256.028
       223.821
       223.819
       223.816
       223.811
       223.805
       223.798
       223.789
       223.778
       223.766
       223.753
       223.739
       223.723
       223.706
       223.688
       223.668
       223.648
       223.626
       223.603
       223.579
       223.554
       223.528
       223.501
       223.473
       223.445
       223.416
       223.386
       223.356
       223.326
       223.296
       223.267
       223.238
       223.211
       223.186
       223.163
       223.144
       223.128
       223.117
       223.112
       223.114
       223.124
       223.144
       223.176
        223.22
        223.28
       223.359
       223.543
       223.749
       223.979
       224.235
       224.518
       224.827
        225.16
       225.519
       225.904
       226.315
       226.755
       227.222
        227.72
       228.248
       228.807
       229.397
       230.018
       230.668
       231.348
       232.054
       232.784
       233.535
       234.302
       235.079
       235.861
       236.645
       237.425
       238.199
       238.963
       239.718
       240.511
       241.298
       242.086
       242.952
       243.839
       244.757
       245.615
       246.533
       247.499
       247.424
       247.427
       247.507
       247.659
       247.877
       248.154
       248.483
       248.856
       249.268
       249.709
       250.173
       250.651
       251.135
       251.614
       252.077
       252.513
       252.907
       253.247
       253.519
       253.711
       253.808
       253.799
       253.675
       253.463
       253.797
       254.004
       254.158
       255.468
       256.669
       257.781
       259.044
       260.205
       261.263
       262.328
       263.269
       264.083
        264.77
       265.333
       265.826
       266.779
       267.635
        268.45
       269.613
       270.722
       271.754
       272.471
        273.18
       273.902
        274.66
       275.463
       276.333
       277.298
       278.359
       279.358
       279.615
       279.995
       280.342
       280.039
       279.858
       279.647
       278.851
        278.15
       277.258
       275.141
       273.078
       270.923
       268.254
       265.573
       262.851
       260.051
       257.165
        254.54
       252.987
       251.287
        249.69
       248.729
       247.613
       246.334
       244.868
       243.251
       241.473
       239.526
       237.399
       235.092
       232.621
       230.031
        227.41
       274.588
       273.918
       223.131
       196.242
       196.241
       196.238
       196.235
       196.229
       196.223
       196.215
       196.206
       196.196
       196.184
       196.172
       196.158
       196.143
       196.127
        196.11
       196.092
       196.073
       196.054
       196.033
       196.011
       195.988
       195.964
        195.94
       195.915
        195.89
       195.863
       195.837
       195.811
       195.784
       195.758
       195.733
       195.709
       195.687
       195.666
       195.649
       195.634
       195.624
       195.619
        195.62
       195.628
       195.644
        195.67
       195.707
       195.758
       195.825
       195.998
        196.19
       196.404
       196.641
       196.902
       197.185
       197.491
        197.82
       198.172
       198.548
       198.948
       199.374
       199.827
       200.307
       200.816
       201.352
       201.916
       202.508
       203.125
       203.768
       204.432
       205.115
       205.813
       206.521
       207.233
       207.947
       208.658
       209.362
       210.058
       210.745
       211.473
       212.197
       212.924
       213.735
       214.569
        215.44
       216.253
       217.132
       218.067
       217.921
       217.859
       217.878
       217.973
       218.134
       218.354
       218.625
       218.939
        219.29
       219.669
       220.069
       220.482
         220.9
       221.312
       221.708
       222.076
       222.402
       222.673
       222.876
       222.995
       223.017
       222.928
       222.715
       222.407
       222.665
       222.781
       222.833
       224.085
       225.215
       226.245
        227.43
       228.509
       229.486
       230.479
       231.353
       232.106
       232.738
       233.251
         233.7
        234.64
       235.487
       236.297
       237.481
       238.614
       239.672
       240.405
       241.136
       241.884
       242.674
       243.518
       244.435
       245.456
       246.584
       247.655
       247.951
       248.388
         248.8
       248.538
       248.417
        248.28
       247.542
        246.92
       246.113
       244.035
       242.032
       239.949
       237.341
       234.733
       232.091
       229.374
        226.57
       224.038
       222.621
       221.042
       219.559
       218.728
       217.721
       216.527
       215.115
       213.517
       211.712
       209.676
       207.379
       204.797
        201.92
        198.77
       195.422
       244.339
       243.588
       189.758
       168.993
       168.993
       168.992
       168.989
       168.985
       168.979
       168.973
       168.965
       168.956
       168.946
       168.936
       168.924
       168.912
       168.898
       168.884
       168.869
       168.852
       168.836
       168.818
       168.799
        168.78
        168.76
       168.739
       168.718
       168.696
       168.673
       168.651
       168.628
       168.605
       168.583
       168.561
        168.54
       168.521
       168.503
       168.487
       168.475
       168.465
        168.46
        168.46
       168.466
       168.478
       168.499
       168.529
        168.57
       168.625
       168.784
       168.961
       169.156
       169.371
       169.607
       169.863
       170.138
       170.433
       170.748
       171.084
       171.441
        171.82
       172.224
       172.652
       173.104
       173.581
       174.082
       174.608
       175.157
       175.728
       176.319
       176.927
       177.548
       178.179
       178.813
       179.449
       180.082
       180.708
       181.327
       181.937
       182.592
       183.243
       183.899
       184.644
       185.417
        186.23
       186.988
       187.821
       188.718
       188.494
       188.363
       188.317
        188.35
       188.449
       188.608
       188.815
       189.064
       189.347
       189.657
       189.986
       190.327
       190.671
        191.01
       191.333
       191.628
       191.883
       192.083
       192.215
       192.264
       192.213
       192.047
       191.752
       191.354
       191.539
       191.568
        191.52
       192.713
       193.768
       194.713
       195.815
       196.804
       197.693
       198.605
       199.406
       200.091
       200.661
       201.117
       201.514
       202.434
       203.262
       204.057
       205.249
       206.393
       207.464
         208.2
       208.938
       209.699
       210.508
       211.375
       212.323
       213.384
       214.563
       215.691
       216.014
       216.496
       216.965
       216.738
       216.676
       216.612
       215.935
       215.401
       214.694
       212.672
        210.75
       208.767
       206.249
       203.748
       201.222
       198.623
       195.935
       193.527
       192.274
       190.841
       189.497
       188.819
       187.944
       186.861
       185.536
       183.993
         182.2
       180.114
       177.679
       174.836
       171.529
        167.73
       163.476
       213.593
       212.765
       156.037
       142.073
       142.074
       142.073
       142.071
       142.068
       142.064
       142.059
       142.052
       142.045
       142.037
       142.029
       142.019
       142.009
       141.998
       141.986
       141.973
        141.96
       141.946
       141.932
       141.916
         141.9
       141.884
       141.867
       141.849
       141.831
       141.812
       141.793
       141.774
       141.755
       141.737
       141.718
       141.701
       141.684
       141.669
       141.656
       141.645
       141.637
       141.632
       141.631
       141.635
       141.644
       141.659
       141.682
       141.712
       141.754
         141.9
       142.059
       142.232
       142.423
       142.631
       142.856
       143.097
       143.354
       143.629
        143.92
        144.23
       144.558
       144.908
       145.278
       145.669
        146.08
       146.513
       146.967
       147.442
       147.935
       148.445
        148.97
       149.507
       150.052
       150.601
        151.15
       151.696
       152.237
        152.77
       153.296
       153.867
       154.436
       155.011
       155.679
       156.377
       157.122
       157.813
       158.589
        159.44
       159.134
       158.929
       158.817
       158.785
        158.82
       158.912
       159.051
       159.229
       159.438
        159.67
        159.92
       160.181
       160.444
       160.703
       160.946
       161.163
       161.342
       161.469
       161.531
       161.511
       161.393
       161.158
       160.789
       160.311
       160.433
       160.382
       160.238
       161.371
        162.35
       163.204
       164.219
       165.116
       165.911
        166.74
       167.461
       168.075
       168.579
       168.973
       169.314
       170.203
           171
       171.767
       172.951
       174.089
       175.156
       175.879
        176.61
       177.366
       178.175
       179.047
       180.004
       181.082
       182.291
       183.456
       183.788
       184.301
       184.816
       184.616
       184.608
       184.618
       184.005
       183.567
       182.975
       181.029
       179.217
       177.366
       174.977
       172.623
       170.255
       167.816
       165.283
       163.036
       161.977
       160.715
       159.532
       159.027
        158.31
       157.369
       156.169
        154.73
       153.008
        150.94
        148.44
       145.399
       141.694
        137.21
       131.883
       182.314
        181.42
       122.318
       115.469
       115.471
       115.471
        115.47
       115.468
       115.465
       115.461
       115.456
        115.45
       115.444
       115.437
        115.43
       115.422
       115.413
       115.404
       115.394
       115.383
       115.372
       115.361
       115.349
       115.336
       115.323
        115.31
       115.296
       115.281
       115.266
       115.251
       115.236
       115.221
       115.206
       115.191
       115.177
       115.164
       115.152
       115.141
       115.132
       115.125
        115.12
       115.119
       115.121
       115.127
       115.138
       115.153
       115.173
       115.201
       115.331
        115.47
        115.62
       115.784
       115.961
       116.151
       116.354
        116.57
         116.8
       117.043
       117.302
       117.575
       117.866
       118.173
       118.498
        118.84
       119.199
       119.575
       119.968
       120.377
       120.799
       121.235
        121.68
       122.132
       122.587
       123.042
       123.495
       123.942
       124.381
       124.814
       125.294
       125.771
       126.254
       126.832
       127.443
       128.103
       128.712
       129.419
       130.214
       129.822
       129.544
       129.365
       129.269
       129.239
       129.262
       129.328
       129.428
       129.556
       129.704
       129.867
       130.039
       130.213
       130.383
       130.539
       130.672
       130.771
       130.823
       130.816
       130.733
       130.555
       130.263
       129.836
       129.292
       129.365
       129.245
       129.012
       130.083
        130.98
        131.74
       132.661
       133.462
       134.163
       134.906
        135.55
       136.093
       136.533
       136.866
       137.148
       137.998
       138.752
       139.474
       140.629
       141.741
       142.785
       143.478
       144.182
       144.915
       145.702
       146.552
        147.49
       148.556
       149.763
       150.939
       151.258
       151.785
       152.333
        152.15
       152.189
        152.27
       151.722
       151.389
       150.929
       149.083
       147.417
       145.741
       143.527
        141.37
       139.211
       136.983
       134.653
       132.606
        131.77
       130.701
       129.696
       129.381
       128.841
       128.073
       127.041
       125.766
       124.196
       122.251
       119.812
       116.717
       112.749
       107.651
        101.17
       150.516
       149.579
       89.3405
       89.1557
       89.1584
       89.1594
       89.1591
       89.1578
       89.1556
       89.1528
       89.1493
       89.1453
       89.1408
       89.1358
       89.1303
       89.1244
       89.1181
       89.1113
       89.1041
       89.0964
       89.0883
       89.0798
       89.0709
       89.0616
       89.0518
       89.0417
       89.0312
       89.0205
       89.0094
       88.9982
       88.9868
       88.9754
       88.9641
       88.9531
       88.9424
       88.9323
        88.923
       88.9148
       88.9078
       88.9024
       88.8988
       88.8974
       88.8984
       88.9019
        88.908
       88.9164
       88.9267
         88.94
       89.0532
       89.1703
       89.2939
        89.427
       89.5698
       89.7225
       89.8842
       90.0557
       90.2373
       90.4294
       90.6327
       90.8476
       91.0756
       91.3163
       91.5703
       91.8369
        92.117
       92.4104
       92.7166
       93.0347
       93.3638
       93.7031
         94.05
       94.4022
       94.7565
       95.1109
       95.4627
       95.8094
       96.1491
       96.4812
       96.8616
       97.2374
       97.6167
       98.0915
       98.5971
       99.1542
       99.6623
       100.279
       101.007
       100.527
       100.183
        99.946
       99.7909
        99.697
       99.6497
       99.6386
       99.6561
       99.6956
       99.7517
       99.8195
       99.8941
       99.9708
       100.044
       100.106
       100.148
       100.163
       100.139
       100.065
       99.9243
       99.6994
       99.3687
       98.9051
       98.3212
       98.3637
       98.1905
       97.8766
       98.8809
       99.6851
       100.339
       101.158
       101.857
       102.461
        103.12
       103.689
       104.167
       104.552
       104.833
       105.059
       105.865
       106.564
       107.224
       108.326
       109.385
       110.383
       111.028
       111.689
        112.38
       113.122
       113.922
       114.806
       115.818
       116.982
       118.132
       118.413
       118.931
       119.495
       119.318
       119.395
        119.54
       119.057
       118.833
       118.521
       116.811
       115.335
       113.886
       111.906
       110.008
       108.121
       106.165
       104.096
       102.294
       101.705
       100.845
       100.027
       99.9057
       99.5541
       98.9818
       98.1622
       97.1188
       95.7998
       94.1167
       91.9307
       89.0297
       85.0975
       79.6803
       72.1884
       118.314
       117.376
       58.5089
        63.092
       63.0957
       63.0974
       63.0977
       63.0971
       63.0958
        63.094
       63.0918
       63.0892
       63.0863
       63.0831
       63.0795
       63.0757
       63.0716
       63.0671
       63.0624
       63.0574
       63.0521
       63.0465
       63.0406
       63.0344
        63.028
       63.0213
       63.0143
       63.0072
       62.9998
       62.9923
       62.9847
       62.9771
       62.9696
       62.9622
       62.9551
       62.9484
       62.9422
       62.9366
       62.9319
       62.9282
       62.9257
       62.9245
       62.9247
       62.9264
       62.9291
       62.9322
        62.934
       62.9336
       63.0274
       63.1191
        63.213
       63.3123
       63.4177
       63.5296
       63.6471
       63.7711
       63.9018
       64.0395
       64.1847
       64.3376
       64.4996
       64.6701
       64.8495
       65.0374
       65.2344
       65.4404
       65.6551
        65.878
       66.1084
       66.3459
       66.5887
       66.8353
        67.083
       67.3306
       67.5761
       67.8173
        68.052
       68.2786
       68.5523
       68.8187
       69.0841
       69.4399
       69.8203
       70.2489
       70.6268
       71.1215
        71.758
       71.2048
       70.8177
       70.5406
        70.337
       70.1833
       70.0654
       69.9744
        69.904
       69.8492
       69.8061
       69.7709
       69.7405
       69.7115
       69.6798
       69.6404
       69.5869
       69.5135
        69.412
       69.2732
        69.084
       68.8285
       68.4848
       68.0207
       67.4344
       67.4714
       67.2708
       66.8946
       67.8088
       68.4955
       69.0251
       69.7248
       70.3122
       70.8151
       71.3875
       71.8842
       72.3081
       72.6533
       72.9035
       73.0904
       73.8451
       74.4804
       75.0613
       76.0751
       77.0453
       77.9686
       78.5513
       79.1585
       79.7929
       80.4705
       81.1933
       81.9844
       82.8926
       83.9547
       85.0257
       85.2434
       85.7267
       86.2813
       86.1055
       86.2083
       86.4025
       85.9809
       85.8615
       85.7063
       84.1835
       82.9628
       81.8035
       80.1328
        78.571
       77.0302
        75.423
       73.6893
       72.1876
       71.8539
       71.2037
       70.5706
        70.623
         70.45
       70.0856
       69.5155
       68.7716
       67.8102
       66.5518
       64.8633
        62.522
       59.1502
       54.0966
       46.2616
       86.0034
       85.1462
       32.2999
       37.2192
       37.2231
       37.2246
       37.2251
       37.2249
       37.2244
       37.2235
       37.2225
       37.2212
       37.2198
       37.2182
       37.2165
       37.2146
       37.2126
       37.2104
       37.2081
       37.2056
       37.2029
       37.2002
       37.1972
       37.1942
        37.191
       37.1876
       37.1841
       37.1806
       37.1769
       37.1731
       37.1694
       37.1656
       37.1618
       37.1581
       37.1545
       37.1512
       37.1481
       37.1453
       37.1429
       37.1411
       37.1398
       37.1391
        37.139
       37.1396
       37.1403
       37.1404
       37.1376
       37.1277
       37.1966
       37.2579
       37.3181
       37.3807
        37.446
       37.5144
       37.5854
       37.6596
       37.7371
       37.8182
       37.9029
       37.9916
       38.0849
       38.1826
       38.2848
        38.391
       38.5019
       38.6173
       38.7372
       38.8612
       38.9889
       39.1206
        39.255
       39.3913
       39.5279
       39.6645
       39.7998
       39.9324
       40.0602
       40.1801
       40.3407
       40.4922
       40.6375
       40.8559
       41.0863
       41.3524
       41.5638
       41.8762
       42.3513
       41.7901
       41.4174
       41.1322
       40.8953
       40.6875
       40.4996
       40.3261
       40.1634
       40.0088
       39.8602
       39.7156
       39.5734
       39.4319
        39.289
       39.1422
       38.9876
       38.8226
       38.6426
       38.4425
       38.2145
       37.9482
       37.6273
       37.2202
       36.7033
       36.7447
       36.5608
       36.1872
       36.9313
        37.447
       37.8289
       38.3751
       38.8344
       39.2329
       39.7083
       40.1325
       40.5125
       40.8432
       41.1034
       41.2961
       41.9771
       42.5404
       43.0401
       43.9078
       44.7338
       45.5377
       46.0592
       46.6118
       47.1846
       47.7851
       48.4101
       49.0748
       49.8194
       50.6869
       51.5864
         51.75
        52.164
       52.6581
       52.5122
       52.6241
        52.825
       52.4819
       52.4316
       52.3975
       51.1837
       50.3054
       49.4956
       48.2404
        47.108
       45.9969
       44.8317
       43.5475
        42.428
       42.2991
       41.8455
       41.3946
        41.548
       41.5103
       41.3461
       41.0517
       40.6631
       40.1537
       39.4749
       38.5408
       37.1956
       35.1369
       31.7199
       25.4061
       54.1889
       53.5851
       14.8433
       11.4575
       11.4575
       11.4575
       11.4575
       11.4575
       11.4575
       11.4575
       11.4575
       11.4575
       11.4575
       11.4575
       11.4575
       11.4575
       11.4575
       11.4575
       11.4575
       11.4575
       11.4575
       11.4575
       11.4575
       11.4575
       11.4575
       11.4575
       11.4575
       11.4575
       11.4575
       11.4575
       11.4575
       11.4575
       11.4575
       11.4575
       11.4575
       11.4575
       11.4575
       11.4575
       11.4575
       11.4575
       11.4575
       11.4575
       11.4575
       11.4575
       11.4575
       11.4575
       11.4575
       11.4579
       11.4811
       11.5043
       11.5274
       11.5508
       11.5741
       11.5974
       11.6206
       11.6438
       11.6669
       11.6901
       11.7133
       11.7364
       11.7598
       11.7831
       11.8064
       11.8296
       11.8528
       11.8759
       11.8991
       11.9223
       11.9454
       11.9688
       11.9921
       12.0154
       12.0386
       12.0618
       12.0849
       12.1081
       12.1313
       12.1547
         12.19
       12.2253
        12.261
        12.314
        12.367
       12.4195
       12.4452
       12.4708
        12.491
       12.2327
       11.9743
        11.716
       11.4578
       11.1996
       10.9415
       10.6833
       10.4251
       10.1669
       9.90876
       9.65057
       9.39239
       9.13421
       8.87603
       8.61785
       8.35951
       8.10118
       7.84285
       7.58467
       7.32649
       7.06831
       6.81014
       6.55196
        6.3027
       6.21876
       6.13482
         6.069
       6.31397
       6.55894
       6.80771
       7.11747
       7.42722
       7.73903
        8.0805
       8.42197
       8.76345
        9.1049
       9.44635
        9.7991
       10.2844
       10.7697
       11.2651
       11.8575
       12.4499
       13.0336
       13.5508
        14.068
       14.5856
        15.105
       15.6245
       16.1445
       16.6679
       17.1912
       17.6764
       17.9681
       18.2598
       18.5153
       18.5962
       18.6771
       18.7255
       18.6181
       18.5108
       18.3417
       17.8782
       17.4147
       16.9229
       16.3099
       15.6968
       15.0828
       14.4651
       13.8475
       13.3176
       13.0759
       12.8342
        12.654
       12.6663
       12.6787
        12.688
        12.688
        12.688
        12.688
        12.688
        12.688
        12.688
        12.688
        12.688
        12.688
            24
            24
        12.688
