160                           53.167                        
35                            53.167                        
34                            51.409                        
33                            48.928                        
32                            46.258                        
31                            43.488                        
30                            40.553                        
29                            37.936                        
28                            35.308                        
27                            32.684                        
26                            30.074                        
25                            27.397                        
24                            24.632                        
23                            21.804                        
22                            19.131                        
21                            16.517                        
20                            13.898                        
19                            11.259                        
18                            8.6053                        
17                            5.94                          
15                            15.146                        
14                            12.696                        
13                            18.47                         
12                            20.805                        
11                            20.332                        
10                            77.18                         
9                             81.924                        
8                             62.006                        
7                             49.239                        
6                             37.334                        
5                             34.063                        
4                             30.954                        
3                             28.078                        
2                             25.121                        
1                             22.297                        
0                             19.595                        
