Samples	1533	1132	92.7786	-0.3958	83.0490	-1.8562
Samples	1533	1132	93.2101	-0.5951	83.5391	-1.9018
Samples	1533	1132	93.6416	-0.7943	84.0286	-1.9517
Samples	1533	1132	94.0825	-0.9694	84.5199	-1.9808
Samples	1533	1132	94.5351	-1.1146	85.0110	-2.0142
Samples	1533	1132	94.9876	-1.2598	85.5014	-2.0535
Samples	1533	1132	95.4402	-1.4050	85.9896	-2.1163
Samples	1533	1132	95.8996	-1.5205	86.4798	-2.1517
Samples	1533	1132	96.3702	-1.5872	86.9716	-2.1314
Samples	1533	1132	96.8411	-1.6299	87.4622	-2.0979
Samples	1533	1132	97.3136	-1.5782	87.9543	-2.1043
Samples	1533	1132	97.7861	-1.5266	88.4459	-2.0824
Samples	1533	1132	98.2499	-1.4343	88.9331	-2.0147
Samples	1533	1132	98.7022	-1.2885	89.4229	-1.9763
Samples	1533	1132	99.1546	-1.1426	89.9114	-1.9166
Samples	1533	1132	99.6069	-0.9967	90.3976	-1.8407
Samples	1533	1132	100.0776	-0.9456	90.8888	-1.8095
Samples	1533	1132	100.5517	-0.9119	91.3803	-1.7869
Samples	1533	1132	101.0258	-0.8782	91.8703	-1.7474
Samples	1533	1132	101.4999	-0.8445	92.3556	-1.6658
Samples	1533	1132	101.9738	-0.8097	92.8460	-1.6276
Samples	1533	1132	102.4354	-0.7428	93.3355	-1.5761
Samples	1533	1132	102.8740	-0.8639	93.8261	-1.5970
Samples	1533	1132	103.3483	-0.8328	94.3169	-1.6319
Samples	1533	1132	103.8226	-0.8017	94.8085	-1.6277
Samples	1533	1132	104.2969	-0.7706	95.2994	-1.5924
Samples	1533	1132	104.7625	-0.6805	95.7892	-1.5446
Samples	1533	1132	105.2257	-0.5741	96.2777	-1.4845
Samples	1533	1132	105.6889	-0.4678	96.7690	-1.4974
Samples	1533	1132	106.1561	-0.4314	97.2556	-1.5661
Samples	1533	1132	106.6282	-0.4857	97.7328	-1.6824
Samples	1533	1132	107.0080	-0.2799	98.2233	-1.6871
Samples	1533	1132	107.4753	-0.1933	98.7144	-1.6632
Samples	399	306	105.1717	2.0173	98.7144	-1.6632
Samples	399	306	105.6602	2.0253	99.2049	-1.6626
Samples	399	306	106.1370	2.0966	99.6967	-1.6841
Samples	399	306	106.6112	2.1171	100.1865	-1.7088
Samples	399	306	107.0820	2.1649	100.6787	-1.7302
Samples	399	306	107.5696	2.1340	101.1701	-1.6951
Samples	399	306	108.0557	2.1385	101.6568	-1.6341
Samples	399	306	108.5332	2.2296	102.1494	-1.6224
Samples	399	306	108.9807	2.4256	102.6409	-1.5862
Samples	399	306	109.4465	2.5572	103.1309	-1.6313
Samples	399	306	109.9298	2.5618	103.6230	-1.6230
Samples	399	306	110.4126	2.4870	104.1136	-1.5918
Samples	399	306	110.8954	2.4122	104.6055	-1.6222
Samples	399	306	111.3769	2.3633	105.0973	-1.6540
Samples	399	306	111.8366	2.5173	105.5883	-1.6502
Samples	399	306	112.2545	2.7703	106.0793	-1.6292
Samples	399	306	112.6925	2.9566	106.5670	-1.5589
Samples	399	306	113.1807	2.9758	107.0570	-1.5079
Samples	399	306	113.5581	3.2807	107.5477	-1.4645
Samples	399	306	113.9317	3.5955	108.0272	-1.3537
Samples	399	306	114.3053	3.9103	108.3004	-1.3148
Samples	120642	316+343	109.6784	-5.2646	109.6757	-0.7548
Samples	120642	316+343	110.1424	-5.3107	110.0505	-0.4821
Samples	120642	316+343	110.5933	-5.2063	110.4982	-0.4510
Samples	120642	316+343	111.0294	-5.0520	110.9551	-0.4333
Samples	120642	316+343	111.3676	-4.7365	111.3524	-0.1957
Samples	120642	316+343	111.6782	-4.3888	111.7177	0.0921
Samples	120642	316+343	112.1204	-4.2826	112.0789	0.3837
Samples	120642	316+343	112.5860	-4.2573	112.5112	0.5517
Samples	120642	316+343	113.0516	-4.2320	112.9693	0.6379
Samples	120642	316+343	113.5172	-4.2067	113.4333	0.6368
Samples	452	335	109.1063	-7.0730	109.5840	-5.4967
Samples	452	335	109.5780	-6.9974	110.0600	-5.4566
Samples	452	335	110.0454	-6.8959	110.5146	-5.3246
Samples	452	335	110.4455	-6.6377	110.9740	-5.2120
Samples	452	335	110.8106	-6.3358	111.4058	-5.0255
Samples	452	335	111.1360	-5.9905	111.8371	-4.8224
Samples	452	335	111.5262	-5.7142	112.2609	-4.6025
Samples	452	335	111.9502	-5.4929	112.6724	-4.3587
Samples	452	335	112.3742	-5.2715	113.0925	-4.1306
Samples	458	339	112.3742	-5.2715	113.0925	-4.1306
Samples	458	339	112.8180	-5.1212	113.5332	-3.9354
Samples	458	339	113.2340	-4.8822	113.9377	-3.6541
Samples	458	339	113.6499	-4.6431	114.3636	-3.4065
Samples	458	339	114.0659	-4.4040	114.7745	-3.1358
Samples	458	339	114.5023	-4.2099	115.2048	-2.9003
Samples	458	339	114.9560	-4.0536	115.6615	-2.7155
Samples	458	339	115.4096	-3.8974	116.1087	-2.5088
Samples	458	339	115.8602	-3.7330	116.5571	-2.3054
Samples	458	339	116.3041	-3.5509	117.0058	-2.1023
Samples	458	339	116.7479	-3.3688	117.4644	-1.9222
Samples	458	339	117.1918	-3.1867	117.9162	-1.7257
Samples	458	339	117.6357	-3.0046	118.3588	-1.5098
Samples	458	339	118.0796	-2.8225	118.8226	-1.3450
Samples	464	340	116.1441	-5.3505	118.8226	-1.3450
Samples	464	340	116.6075	-5.1388	119.2790	-1.1624
Samples	464	340	117.0708	-4.9272	119.7154	-0.9355
Samples	464	340	117.5342	-4.7156	120.1521	-0.7090
Samples	464	340	117.9976	-4.5040	120.5880	-0.4810
Samples	464	340	118.4493	-4.2706	121.0247	-0.2545
Samples	464	340	118.8808	-3.9999	121.4366	0.0128
Samples	464	340	119.3518	-3.8064	121.8806	0.2173
Samples	464	340	119.8237	-3.6145	122.3319	0.4072
Samples	464	340	120.2779	-3.3843	122.7744	0.6221
Samples	464	340	120.7295	-3.1486	123.2086	0.8533
Samples	464	340	121.1811	-2.9129	123.6411	1.0873
Samples	464	340	121.6434	-2.7013	124.0830	1.3031
Samples	464	340	122.1208	-2.5236	124.5419	1.4787
Samples	464	340	122.5982	-2.3460	124.9977	1.6592
Samples	464	340	123.0464	-2.1097	125.4778	1.7579
Samples	464	340	123.5047	-1.8954	125.9225	1.9637
Samples	464	340	123.9609	-1.6755	126.4069	2.0371
Samples	464	340	124.3951	-1.4090	126.8725	2.1828
Samples	464	340	124.8292	-1.1425	127.3484	2.3070
Samples	464	340	125.2770	-0.9101	127.8091	2.4753
Samples	464	340	125.7745	-0.8017	128.3001	2.4474
Samples	464	340	126.2360	-0.5861	128.7832	2.5332
Samples	464	340	126.6975	-0.3704	129.2578	2.6531
Samples	120646+120806	120141+120301	137.5407	2.0145	140.1715	3.2380
Samples	120646+120806	120141+120301	138.0129	2.1589	140.6420	3.2886
Samples	120646+120806	120141+120301	138.4852	2.3033	141.1137	3.3280
Samples	120646+120806	120141+120301	138.9574	2.4477	141.5858	3.3619
Samples	120646+120806	120141+120301	139.4401	2.5516	142.0588	3.3759
Samples	120646+120806	120141+120301	139.9233	2.6532	142.5321	3.3753
Samples	120646+120806	120141+120301	140.4065	2.7550	143.0053	3.3774
Samples	120646+120806	120141+120301	140.8897	2.8570	143.4785	3.3839
Samples	120646+120806	120141+120301	141.3728	2.9590	143.9518	3.3776
Samples	120646+120806	120141+120301	141.8560	3.0610	144.4249	3.3660
Samples	120646+120806	120141+120301	142.3392	3.1631	144.8981	3.3591
Samples	120646+120806	120141+120301	142.8223	3.2651	145.3714	3.3640
Samples	120646+120806	120141+120301	143.3046	3.3696	145.8446	3.3688
Samples	120646+120806	120141+120301	143.7436	3.5958	146.3034	3.4736
Samples	120646+120806	120141+120301	144.1602	3.8586	146.7392	3.6572
Samples	120646+120806	120141+120301	144.5618	4.1459	147.1546	3.8834
Samples	120646+120806	120141+120301	144.9635	4.4331	147.5713	4.1073
Samples	120646+120806	120141+120301	145.3652	4.7204	148.0034	4.2981
Samples	1543	1482	143.8553	2.5288	146.4928	2.4236
Samples	1543	1482	144.2935	2.7412	146.9587	2.5369
Samples	1543	1482	144.7303	2.9558	147.4140	2.6882
Samples	1543	1482	145.1411	3.2173	147.8556	2.8764
Samples	1543	1482	145.5551	3.4726	148.3050	3.0424
Samples	1543	1482	146.0033	3.6627	148.7745	3.1417
Samples	1543	1482	146.4627	3.8018	149.2499	3.2062
Samples	1543	1482	146.9494	3.8146	149.7289	3.2362
Samples	1543	1482	147.4362	3.8274	150.2088	3.2458
Samples	1543	1482	147.9229	3.8403	150.6889	3.2441
Samples	1543	1482	148.4096	3.8531	151.1686	3.2580
Samples	1543	1482	148.8964	3.8659	151.6479	3.2849
Samples	1543	1482	149.3820	3.9000	152.1272	3.3103
Samples	1543	1482	149.8677	3.9354	152.6065	3.3375
Samples	1543	1482	150.3533	3.9708	153.0856	3.3671
Samples	1543	1482	150.8389	4.0063	153.5648	3.3953
Samples	1543	1482	151.3245	4.0417	154.0440	3.4236
Samples	1543	1482	151.8101	4.0771	154.5232	3.4527
Samples	1543	1482	152.2958	4.1126	155.0022	3.4833
Samples	1543	1482	152.7814	4.1480	155.4808	3.5198
Samples	120817	120313	151.3843	3.1283	154.0218	2.5156
Samples	120817	120313	151.8639	3.1704	154.5023	2.5442
Samples	120817	120313	152.3435	3.2124	154.9828	2.5706
Samples	120817	120313	152.8231	3.2544	155.4630	2.6028
Samples	120817	120313	153.3027	3.2965	155.9424	2.6446
Samples	120817	120313	153.7822	3.3385	156.4207	2.6980
Samples	120817	120313	154.2618	3.3805	156.8989	2.7527
Samples	120817	120313	154.7414	3.4226	157.3779	2.7989
Samples	120817	120313	155.2210	3.4646	157.8566	2.8489
Samples	120817	120313	155.7006	3.5066	158.3362	2.8890
Samples	120817	120313	156.1701	3.5867	158.8081	2.9694
Samples	120817	120313	156.6082	3.7864	159.2479	3.1645
Samples	120817	120313	157.0462	3.9861	159.6800	3.3764
Samples	120817	120313	157.4926	4.1653	160.1214	3.5675
Samples	120817	120313	157.9455	4.3285	160.5697	3.7428
Samples	120817	120313	158.3985	4.4917	161.0262	3.8921
Samples	120817	120313	158.8413	4.6773	161.4636	4.0894
Samples	120817	120313	159.2650	4.9060	161.8924	4.3053
Samples	120817	120313	159.7067	5.0910	162.3245	4.5135
Samples	120817	120313	160.1681	5.2281	162.7797	4.6696
Samples	120817	120313	160.6296	5.3652	163.2462	4.7807
Samples	120817	120313	161.0758	5.5299	163.6909	4.9463
Samples	120817	120313	161.4354	5.8500	164.0722	5.2390
Samples	120817	120313	161.7950	6.1700	164.4323	5.5583
Samples	1539	1143	143.8002	-1.4016	146.4353	-1.4955
Samples	1539	1143	144.2973	-1.2534	146.9317	-1.4483
Samples	1539	1143	144.7945	-1.1053	147.4287	-1.4079
Samples	1539	1143	145.2916	-0.9571	147.9255	-1.3660
Samples	1539	1143	145.8003	-0.8558	148.4239	-1.3653
Samples	1539	1143	146.3092	-0.7553	148.9224	-1.3753
Samples	1539	1143	146.8274	-0.7379	149.4206	-1.3573
Samples	1539	1143	147.3459	-0.7229	149.9189	-1.3403
Samples	1539	1143	147.8644	-0.7080	150.4165	-1.3087
Samples	1539	1143	148.3829	-0.6930	150.9148	-1.2886
Samples	1539	1143	148.9014	-0.6781	151.4133	-1.2783
Samples	1539	1143	149.4199	-0.6631	151.9119	-1.2684
Samples	1539	1143	149.9384	-0.6482	152.4104	-1.2550
Samples	1539	1143	150.4559	-0.6139	152.9085	-1.2326
Samples	1539	1143	150.9730	-0.5730	153.4062	-1.2019
Samples	1539	1143	151.4901	-0.5320	153.9036	-1.1663
Samples	1539	1143	152.0072	-0.4911	154.4010	-1.1303
Samples	1539	1143	152.5243	-0.4502	154.8983	-1.0942
Samples	1539	1143	153.0414	-0.4092	155.3955	-1.0563
Samples	1539	1143	153.5585	-0.3683	155.8927	-1.0177
Samples	1539	1143	154.0757	-0.3274	156.3899	-0.9793
Samples	1539	1143	154.5928	-0.2865	156.8870	-0.9398
Samples	1539	1143	155.1097	-0.2433	157.3839	-0.8982
Samples	1539	1143	155.6256	-0.1898	157.8800	-0.8479
Samples	1539	1143	156.1416	-0.1363	158.3758	-0.7954
Samples	1539	1143	156.6575	-0.0827	158.8692	-0.7242
Samples	1539	1143	157.1616	0.0349	159.3648	-0.6765
Samples	1539	1143	157.6626	0.1694	159.8390	-0.5231
Samples	1539	1143	158.1636	0.3039	160.3239	-0.4077
Samples	1539	1143	158.6762	0.3694	160.8043	-0.2760
Samples	1539	1143	159.1936	0.4060	161.3000	-0.2260
Samples	1539	1143	159.7111	0.4426	161.7965	-0.1793
Samples	1539	1143	160.2285	0.4792	162.2932	-0.1352
Samples	1539	1143	160.7461	0.4884	162.7907	-0.1010
Samples	1539	1143	161.2531	0.5187	163.2884	-0.0726
Samples	1539	1143	161.7281	0.7271	163.7845	-0.0954
Samples	1539	1143	162.2031	0.9356	164.2506	0.0817
Samples	1539	1143	162.6781	1.1440	164.7152	0.2627
Samples	1539	1143	163.1532	1.3524	165.1799	0.4438
Samples	1539	1143	163.6368	1.5234	165.6445	0.6248
Samples	1539	1143	164.1551	1.5448	166.1184	0.7765
Samples	1539	1143	164.6734	1.5661	166.6166	0.7907
Samples	1539	1143	165.1917	1.5875	167.1151	0.7835
Samples	1539	1143	165.7100	1.6089	167.6136	0.7686
Samples	1539	1143	166.2283	1.6302	168.1120	0.7539
Samples	1539	1143	166.7465	1.6516	168.6104	0.7384
Samples	1539	1143	167.2648	1.6730	169.1089	0.7231
Samples	1539	1143	167.7831	1.6943	169.6053	0.6794
Zj	120668	120163	91.0246	-4.7717	81.1246	-6.4673
Zj	120668	120163	91.4932	-4.9043	81.6116	-6.4612
Zj	120668	120163	91.9617	-5.0368	82.0985	-6.4548
Zj	120668	120163	92.4303	-5.1694	82.5854	-6.4505
Zj	120668	120163	92.8989	-5.3020	83.0723	-6.4556
Zj	120668	120163	93.3595	-5.4568	83.5590	-6.4728
Zj	120668	120163	93.8060	-5.6511	84.0443	-6.5092
Zj	120668	120163	94.2601	-5.8236	84.5291	-6.5549
Zj	120668	120163	94.7309	-5.9481	85.0140	-6.6007
Zj	120668	120163	95.2017	-6.0726	85.4989	-6.6448
Zj	120668	120163	95.6785	-6.1668	85.9832	-6.6957
Zj	120668	120163	96.1611	-6.2315	86.4685	-6.7338
Zj	120668	120163	96.6438	-6.2962	86.9554	-6.7364
Zj	120668	120163	97.1287	-6.2620	87.4394	-6.6855
Zj	120668	120163	97.6138	-6.2194	87.9227	-6.6265
Zj	120668	120163	98.0989	-6.1769	88.4058	-6.5650
Zj	120668	120163	98.5840	-6.1343	88.8891	-6.5055
Zj	120668	120163	99.0691	-6.0917	89.3724	-6.4456
Zj	120668	120163	99.5061	-5.8823	89.8511	-6.3603
Zj	120668	120163	99.9395	-5.6602	90.3270	-6.2570
Zj	120668	120163	100.3729	-5.4381	90.8002	-6.1426
Zj	120668	120163	100.8062	-5.2160	91.2645	-5.9965
Zj	120668	120163	101.2396	-4.9939	91.7230	-5.8326
Zj	120668	120163	101.6730	-4.7718	92.1781	-5.6597
Zj	120668	120163	102.0700	-4.4930	92.5965	-5.4149
Zj	120668	120163	102.4942	-4.2942	93.0038	-5.1521
Zj	120668	120163	102.9662	-4.1834	93.4668	-5.0020
Zj	120668	120163	103.4313	-4.0390	93.9423	-4.9010
Zj	120668	120163	103.9120	-4.0091	94.4268	-4.8736
Zj	120668	120163	104.3938	-4.0693	94.9115	-4.9193
Zj	120668	120163	104.8247	-4.1973	95.3951	-4.9767
Zj	120668	120163	105.3003	-4.2684	95.8790	-5.0279
Zj	120668	120163	105.7719	-4.3898	96.3639	-5.0717
Zj	120712	120207	102.2473	-3.3608	92.8509	-4.2463
Zj	120712	120207	102.6952	-3.5138	93.3057	-4.2970
Zj	120712	120207	103.1671	-3.5514	93.7604	-4.3472
Zj	120712	120207	103.6389	-3.5888	94.2106	-4.4271
Zj	120712	120207	104.1022	-3.6661	94.6560	-4.5319
Zj	120712	120207	104.5001	-3.8894	95.0990	-4.6462
Zj	120712	120207	104.9698	-3.9478	95.5421	-4.7604
Zj	120712	120207	105.3956	-4.1508	95.9783	-4.8972
Zj	120712	120207	105.8183	-4.3638	96.4124	-5.0419
Zj	120713	120208	105.3572	-4.6103	98.3105	-3.8832
Zj	120713	120208	105.7690	-4.4927	98.7262	-3.7636
Zj	120713	120208	106.1808	-4.3752	99.1449	-3.6551
Zj	120713	120208	106.5926	-4.2576	99.5600	-3.5365
Zj	120713	120208	107.0025	-4.1358	99.9658	-3.3867
Zj	120713	120208	107.3036	-3.8421	100.3656	-3.2216
Zj	120713	120208	107.5515	-3.4929	100.7621	-3.0493
Zj	120767+120766	120262	109.8003	-4.2660	107.4612	-5.7344
Zj	120767+120766	120261	110.2277	-4.3867	107.8705	-5.7896
Zj	120767+120766	120261	110.6589	-4.4920	108.3136	-5.8136
Zj	120767+120766	120261	111.0930	-4.5856	108.7571	-5.8077
Zj	120767+120766	120261	111.5294	-4.6081	109.1995	-5.7697
Zj	120767+120766	120261	111.9687	-4.5429	109.6405	-5.7178
Zj	120767+120766	120261	112.4054	-4.5220	110.0800	-5.7250
Zj	120767+120766	120261	112.8306	-4.5098	110.5216	-5.7430
Zj	120767+120766	120261	113.2520	-4.3698	110.9654	-5.7284
Zj	120636	120131	113.2520	-4.3699	113.9996	-3.0875
Zj	120636	120131	113.6646	-4.4902	114.3876	-3.2639
Zj	120636	120131	113.9726	-4.8889	114.7221	-3.6117
Zj	120636	120131	114.4203	-5.1308	115.1788	-3.8036
Zj	120636	120131	114.8680	-5.3726	115.6297	-4.0089
Zj	120636	120131	115.3157	-5.6145	116.0764	-4.2230
Zj	120636	120131	115.7634	-5.8563	116.5168	-4.4501
Zj	120638	120133	115.7638	-5.8565	118.4423	-1.8596
Zj	120638	120133	116.2308	-6.0308	118.9177	-2.0111
Zj	120638	120133	116.6977	-6.2051	119.3967	-2.1508
Zj	120638	120133	117.1714	-6.3579	119.8796	-2.2762
Zj	120638	120133	117.6538	-6.4834	120.3630	-2.3996
Zj	120638	120133	118.1362	-6.6088	120.8476	-2.5182
Zj	120638	120133	118.6294	-6.6309	121.3422	-2.5649
Zj	120638	120133	119.1165	-6.5758	121.8315	-2.4997
Zj	120638	120133	119.5134	-6.2803	122.2180	-2.1911
Zj	120638	120133	119.8057	-5.8766	122.5167	-1.7920
Zj	120638	120133	120.0980	-5.4729	122.8039	-1.3840
Zj	120638	120133	120.3904	-5.0692	123.0908	-0.9758
Zj	120638	120133	120.6827	-4.6655	123.3782	-0.5679
Zj	120638	120133	120.9750	-4.2618	123.6646	-0.1594
Zj	120638	120133	121.2744	-3.8644	123.9587	0.2435
Zj	120638	120133	121.6416	-3.5274	124.3129	0.5915
Zj	120638	120133	122.0614	-3.2653	124.7414	0.8448
Zj	120638	120133	122.5031	-3.0344	125.2050	1.0284
Zj	120638	120133	122.9773	-2.8907	125.6957	1.0920
Zj	120638	120133	123.4698	-2.9022	126.1825	0.9915
Zj	120638	120133	123.9650	-2.9589	126.6457	0.8066
Zj	120638	120133	124.4602	-3.0156	127.0977	0.5953
Zj	120787	120282	121.0920	-7.6104	123.7295	-3.5810
Zj	120787	120282	121.2277	-8.1046	123.8551	-4.0546
Zj	120787	120282	121.6279	-8.3282	124.2027	-4.3010
Zj	120787	120282	122.1404	-8.3257	124.6951	-4.3171
Zj	120787	120282	122.6494	-8.2946	125.1873	-4.3308
Zj	120787	120282	123.1464	-8.1696	125.6758	-4.2676
Zj	120787	120282	123.6329	-8.0148	126.1641	-4.2031
Zj	120787	120282	124.0964	-7.7961	126.6499	-4.1228
Zj	120787	120282	124.5600	-7.5775	127.1306	-4.0153
Zj	120787	120282	125.0236	-7.3588	127.6117	-3.9096
Zj	120787	120282	125.4937	-7.1561	128.0967	-3.8261
Zj	120787	120282	125.9786	-6.9901	128.5876	-3.7865
Zj	120787	120282	126.4635	-6.8240	129.0793	-3.7571
Zj	120787	120282	126.9595	-6.6953	129.5645	-3.6865
Zj	120787	120282	127.4566	-6.5705	130.0454	-3.5813
Zj	120787	120282	127.9526	-6.4422	130.5271	-3.4816
Zj	120787	120282	128.4306	-6.2573	131.0043	-3.3594
Zj	120787	120282	128.9087	-6.0724	131.4819	-3.2386
Zj	120787	120282	129.3441	-5.8033	131.9375	-3.0553
Zj	120787	120282	129.7762	-5.5275	132.3728	-2.8259
Zj	120787	120282	130.1828	-5.2164	132.7880	-2.5611
Zj	120787	120282	130.5814	-4.8942	133.1975	-2.2875
Zj	120787	120282	130.9800	-4.5720	133.6004	-2.0043
Zj	120787	120282	131.3787	-4.2498	133.9983	-1.7144
Zj	120787	120282	131.7993	-3.9620	134.4378	-1.4955
Zj	120787	120282	132.2584	-3.7341	134.9144	-1.3723
Zj	120787	120282	132.7175	-3.5061	135.3744	-1.1978
Zj	120787	120282	133.1765	-3.2781	135.8239	-0.9975
Zj	120787	120282	133.6356	-3.0501	136.2952	-0.8560
Zj	120787	120282	134.0947	-2.8222	136.7773	-0.7588
Zj	120787	120282	134.5651	-2.6259	137.2656	-0.7187
Zj	120787	120282	135.0544	-2.7449	137.6919	-0.9620
Zj	120677	120172	135.0752	-2.7127	137.7127	-0.9344
Zj	120677	120172	135.4401	-2.9049	138.0668	-1.2014
Zj	120677	120172	135.8050	-3.0971	138.4200	-1.4696
Zj	120677	120172	136.1699	-3.2892	138.7757	-1.7343
Zj	120677	120172	136.5752	-3.3059	139.1852	-1.8863
Zj	120677	120172	136.9874	-3.2925	139.6249	-1.9440
Zj	120596	120090	147.0954	0.9610	149.7329	0.3471
Zj	120596	120090	147.4741	1.2460	150.0849	0.6670
Zj	120596	120090	147.8528	1.5310	150.4838	0.9263
Zj	120596	120090	148.3141	1.6341	150.9452	1.0394
Zj	120596	120090	148.7779	1.7319	151.4124	1.1309
Zj	120596	120090	149.2416	1.8297	151.8786	1.2271
Zj	120596	120090	149.7054	1.9275	152.3428	1.3327
Zj	120595	120089	147.0954	0.9610	149.7329	0.3471
Zj	120595	120089	146.8042	0.6198	149.4458	0.0193
Zj	120595	120089	146.5129	0.2787	149.1573	-0.3072
Zj	120595	120089	146.2217	-0.0625	148.8688	-0.6308
Zj	120595	120089	145.9305	-0.4036	148.5680	-0.9450
Zj	120622	120117	157.7478	3.0764	160.3853	2.4782
Zj	120622	120117	158.2259	3.1818	160.8557	2.5915
Zj	120622	120117	158.7133	3.2177	161.3379	2.6353
Zj	120622	120117	159.2022	3.2314	161.8221	2.6527
Zj	120622	120117	159.6910	3.2050	162.3066	2.6565
Zj	120622	120117	160.1798	3.1785	162.7909	2.6443
Zj	120622	120117	160.6686	3.1521	163.2749	2.6247
Zj	120622	120117	161.1571	3.1268	163.7519	2.5500
Zj	120622	120117	161.5657	3.3963	164.1799	2.7700
Zj	120622	120117	161.9744	3.6659	164.5925	3.0241
Zj	120622	120117	162.3830	3.9354	165.0033	3.2810
Zj	120622	120117	162.7917	4.2049	165.4140	3.5380
Zj	120622	120117	163.2003	4.4744	165.8242	3.7958
Zj	120622	120117	163.6181	4.7240	166.2635	3.9937
Zj	120622	120117	164.0891	4.8573	166.7354	4.1033
Zj	120622	120117	164.5602	4.9905	167.2093	4.2042
Zj	120622	120117	165.0312	5.1238	167.6841	4.3010
Zj	120622	120117	165.5129	5.1904	168.1649	4.3382
Zj	120622	120117	166.0020	5.2102	168.6492	4.3225
Zj	120622	120117	166.4911	5.2301	169.1334	4.3068
Zj	120622	120117	166.9802	5.2499	169.6177	4.2911
Zj	120706	120201	144.1013	-3.3055	146.7387	-3.4624
Zj	120706	120201	144.5973	-3.2566	147.2355	-3.5048
Zj	120706	120201	145.0933	-3.2078	147.7320	-3.5501
Zj	120706	120201	145.5894	-3.1589	148.2278	-3.6035
Zj	120706	120201	146.0854	-3.1100	148.7216	-3.6721
Zj	120706	120201	146.5810	-3.1096	149.2165	-3.7326
Zj	120706	120201	147.0763	-3.1663	149.7134	-3.7734
Zj	120706	120201	147.5715	-3.2230	150.2105	-3.8117
Zj	120706	120201	148.0667	-3.2797	150.7077	-3.8493
Zj	120706	120201	148.5619	-3.3364	151.2042	-3.8942
Zj	120706	120201	149.0571	-3.3931	151.6988	-3.9575
Zj	120706	120201	149.5523	-3.4498	152.1934	-4.0205
Zj	120706	120201	150.0475	-3.5066	152.6878	-4.0849
Zj	120706	120201	150.5427	-3.5633	153.1822	-4.1497
Zj	120706	120201	151.0379	-3.6200	153.6765	-4.2146
Zj	120706	120201	151.5331	-3.6767	154.1709	-4.2794
Zj	120706	120201	152.0283	-3.7334	154.6653	-4.3443
Zj	120706	120201	152.5235	-3.7901	155.1596	-4.4090
Zj	120706	120201	153.0187	-3.8468	155.6540	-4.4739
Zj	120706	120201	153.5132	-3.9084	156.1481	-4.5405
Zj	120706	120201	154.0025	-4.0033	156.6395	-4.6250
Zj	120706	120201	154.4918	-4.0982	157.1303	-4.7126
Zj	120706	120201	154.9811	-4.1931	157.6212	-4.8000
Zj	120706	120201	155.4704	-4.2880	158.1114	-4.8884
Zj	120706	120201	155.9598	-4.3829	158.6018	-4.9784
Zj	120706	120201	156.4491	-4.4778	159.0918	-5.0706
Zj	120706	120201	156.9416	-4.5192	159.5799	-5.1287
Zj	120706	120201	157.4387	-4.4829	160.0764	-5.0829
Zj	120706	120201	157.9358	-4.4465	160.5732	-5.0409
Zj	120706	120201	158.4315	-4.4841	161.0704	-5.0597
Zj	120706	120201	158.9268	-4.5396	161.5643	-5.1278
ZCwsz	120673	120168	91.5964	-3.2859	81.6964	-4.8247
ZCwsz	120673	120168	92.0576	-3.4313	82.1758	-4.8444
ZCwsz	120673	120168	92.5189	-3.5767	82.6544	-4.8763
ZCwsz	120673	120168	92.9801	-3.7221	83.1306	-4.9347
ZCwsz	120673	120168	93.4207	-3.9198	83.6069	-4.9934
ZCwsz	120673	120168	93.8569	-4.1287	84.0838	-5.0463
ZCwsz	120673	120168	94.3107	-4.2899	84.5607	-5.0994
ZCwsz	120673	120168	94.7777	-4.4154	85.0384	-5.1439
ZCwsz	120673	120168	95.2447	-4.5409	85.5162	-5.1883
ZCwsz	120673	120168	95.7179	-4.6397	85.9942	-5.2294
ZCwsz	120673	120168	96.1929	-4.7306	86.4728	-5.2645
ZCwsz	120673	120168	96.6679	-4.8215	86.9516	-5.2969
ZCwsz	120673	120168	97.1429	-4.9124	87.4307	-5.3193
ZCwsz	120673	120168	97.6193	-4.9044	87.9069	-5.2868
ZCwsz	120673	120168	98.0968	-4.8275	88.3782	-5.1972
ZCwsz	120673	120168	98.5515	-4.6864	88.8460	-5.0932
ZCwsz	120673	120168	98.9707	-4.4453	89.3019	-4.9436
ZCwsz	120673	120168	99.3900	-4.2042	89.7589	-4.7972
ZCwsz	120673	120168	99.7489	-3.8832	90.1887	-4.5893
ZCwsz	120673	120168	100.0298	-3.4947	90.5429	-4.2759
ZCwsz	120673	120168	100.2723	-3.0763	90.8470	-3.9047
ZCwsz	120667	120162	96.7319	-2.5588	87.0578	-3.0127
ZCwsz	120667	120162	97.1957	-2.5143	87.5360	-2.9481
ZCwsz	120667	120162	97.6392	-2.3784	88.0123	-2.8617
ZCwsz	120667	120162	98.0782	-2.2224	88.4869	-2.7673
ZCwsz	120667	120162	98.5173	-2.0664	88.9608	-2.6685
ZCwsz	120667	120162	98.9633	-1.9357	89.4403	-2.6184
ZCwsz	120667	120162	99.4200	-1.8437	89.9240	-2.6362
ZCwsz	120667	120162	99.8819	-1.7901	90.4075	-2.6552
ZCwsz	120667	120162	100.3468	-1.7605	90.8892	-2.6089
ZCwsz	120667	120162	100.8118	-1.7308	91.3729	-2.6235
ZCwsz	120667	120162	101.2739	-1.7901	91.8546	-2.6696
ZCwsz	120667	120162	101.7360	-1.8496	92.3369	-2.7079
ZCwsz	120667	120162	102.1959	-1.8207	92.8205	-2.6952
ZCwsz	120667	120162	102.6540	-1.8682	93.3035	-2.6641
ZCwsz	120667	120162	103.1107	-1.7867	93.7863	-2.6297
ZCwsz	120667	120162	103.5282	-1.8682	94.2679	-2.6563
ZCwsz	120667	120162	103.9916	-1.9164	94.7289	-2.8023
ZCwsz	120667	120162	104.4304	-2.0702	95.1815	-2.9738
ZCwsz	120667	120162	104.8675	-2.2317	95.6338	-3.1463
ZCwsz	120667	120162	105.3045	-2.3932	96.0998	-3.2733
ZCwsz	120667	120162	105.7416	-2.5546	96.5723	-3.3770
ZCwsz	120667	120162	106.1792	-2.6696	97.0477	-3.3496
ZCwsz	120667	120162	106.6198	-2.5183	97.5268	-3.2837
ZCwsz	120667	120162	107.0039	-2.2887	98.0001	-3.1885
ZCwsz	120667	120162	107.3363	-1.9715	98.4670	-3.0629
ZCwsz	120667	120162	107.7242	-1.7134	98.9221	-2.8980
ZCwsz	120667	120162	108.1153	-1.4612	99.3941	-2.8076
ZCwsz	120667	120162	108.5425	-1.2752	99.8780	-2.8182
ZCwsz	120670	120165	109.7085	-0.3010	106.4634	-2.6979
ZCwsz	120670	120165	110.0889	-0.3281	106.8949	-2.7898
ZCwsz	120670	120165	110.4885	-0.4326	107.3288	-2.9251
ZCwsz	120670	120165	110.9054	-0.4443	107.7838	-2.9565
ZCwsz	120670	120165	111.3240	-0.4349	108.2386	-2.9069
ZCwsz	120670	120165	111.6987	-0.2650	108.6576	-2.7358
ZCwsz	120670	120165	112.0110	0.0138	109.0589	-2.5178
ZCwsz	120848	120097	111.9628	-0.0890	109.2854	-1.9666
ZCwsz	120848	120097	112.4465	-0.1597	109.7697	-1.9163
ZCwsz	120848	120097	112.9302	-0.2305	110.2569	-1.8804
ZCwsz	120848	120097	113.4139	-0.2997	110.7297	-1.7564
ZCwsz	120848	120097	113.9000	-0.2472	111.1818	-1.5765
ZCwsz	120848	120097	114.3860	-0.1948	111.5933	-1.3132
ZCwsz	120848	120097	114.7936	0.0274	111.8843	-0.9383
ZCwsz	120848	120097	115.0285	0.4348	112.0387	-0.4801
ZCwsz	120848	120097	115.0483	0.9141	112.0242	-0.0036
ZCwsz	120848	120097	115.1596	1.3577	112.1299	0.4297
ZCwsz	120848	120097	115.5984	1.5732	112.5533	0.6741
ZCwsz	120848	120097	116.0372	1.7888	112.9723	0.9258
ZCwsz	120848	120097	116.4760	2.0043	113.3862	1.1861
ZCwsz	120848	120097	116.8864	2.2693	113.7907	1.4603
ZCwsz	120848	120097	117.2765	2.5627	114.1833	1.7514
ZCwsz	120848	120097	117.6517	2.8761	114.5515	2.0730
ZCwsz	120848	120097	118.0269	3.1895	114.9274	2.3854
ZCwsz	120848	120097	118.4020	3.5029	115.3188	2.6783
ZCwsz	120848	120097	118.7772	3.8163	115.7123	2.9684
ZCwsz	120848	120097	119.1681	4.1086	116.1011	3.2645
ZCwsz	120848	120097	119.5815	4.3506	116.4813	3.5719
ZCwsz	120848	120097	120.0577	4.2400	116.8900	3.7917
ZCwsz	120848	120097	120.5339	4.1294	117.3756	3.7355
ZCwsz	120848	120097	121.0101	4.0188	117.8607	3.6748
ZCwsz	120848	120097	121.4863	3.9082	118.3455	3.6124
ZCwsz	120848	120097	121.9625	3.7977	118.8304	3.5497
ZCwsz	120848	120097	122.4460	3.7305	119.3153	3.4879
ZCwsz	120848	120097	122.9321	3.6786	119.8000	3.4246
ZCwsz	120848	120097	123.4202	3.6597	120.2849	3.3621
ZCwsz	120848	120097	123.8976	3.7402	120.7713	3.3140
ZCwsz	120848	120097	124.3682	3.8725	121.2554	3.3619
ZCwsz	120848	120097	124.8465	3.9691	121.7388	3.4347
ZCwsz	120848	120097	125.3299	4.0424	122.2225	3.5058
ZCwsz	120678	120173	126.6441	0.3474	129.2816	3.3941
ZCwsz	120678	120173	126.6699	-0.0127	129.3068	3.0326
ZCwsz	120678	120173	126.6957	-0.3729	129.3332	2.6712
ZCwsz	120789	120284	123.5740	-4.0603	126.2115	-0.2086
ZCwsz	120789	120284	123.5365	-4.5616	126.1743	-0.6975
ZCwsz	120789	120284	123.6913	-5.0318	126.3079	-1.1634
ZCwsz	120789	120284	124.1659	-5.1977	126.6761	-1.4613
ZCwsz	120789	120284	124.6610	-5.2183	127.1334	-1.6288
ZCwsz	120789	120284	125.1570	-5.1490	127.6143	-1.7200
ZCwsz	120789	120284	125.6466	-5.0349	128.1044	-1.7351
ZCwsz	120789	120284	126.1362	-4.9208	128.5945	-1.7531
ZCwsz	120789	120284	126.6258	-4.8067	129.0836	-1.7869
ZCwsz	120789	120284	127.1153	-4.6926	129.5654	-1.7091
ZCwsz	120789	120284	127.5986	-4.5572	130.0471	-1.6176
ZCwsz	120789	120284	128.0569	-4.3575	130.5175	-1.4826
ZCwsz	120789	120284	128.4770	-4.0815	130.9592	-1.2700
ZCwsz	120789	120284	128.8755	-3.7771	131.3829	-1.0244
ZCwsz	120789	120284	129.2537	-3.4458	131.7829	-0.7408
ZCwsz	120789	120284	129.6319	-3.1146	132.1803	-0.4537
ZCwsz	120789	120284	130.0100	-2.7834	132.5538	-0.1360
ZCwsz	120789	120284	130.3882	-2.4522	132.9474	0.1546
ZCwsz	120789	120284	130.8201	-2.1959	133.3829	0.3786
ZCwsz	120789	120284	131.2550	-1.9438	133.8220	0.5959
ZCwsz	120789	120284	131.6899	-1.6917	134.2650	0.8037
ZCwsz	120789	120284	132.1248	-1.4395	134.7295	0.9588
ZCwsz	120789	120284	132.5597	-1.1874	135.1915	1.1215
ZCwsz	120789	120284	132.9946	-0.9353	135.6311	1.3364
ZCwsz	120789	120284	133.4295	-0.6832	136.0801	1.5306
ZCwsz	120789	120284	133.8775	-0.4566	136.5577	1.6377
ZCwsz	120789	120284	134.3370	-0.2529	137.0371	1.7396
ZCwsz	120789	120284	134.7966	-0.0491	137.5159	1.8444
ZCwsz	120789	120284	135.2580	0.1481	138.0030	1.8795
ZCwsz	120789	120284	135.7555	0.1716	138.4745	1.7632
ZCwsz	120789	120284	136.2495	0.0788	138.9285	1.5781
ZCwsz	120789	120284	136.7436	-0.0140	139.3811	1.3893
ZCwsz	120680	120175	136.7590	0.0165	139.3966	1.4164
ZCwsz	120680	120175	137.1703	-0.1139	139.7899	1.1680
ZCwsz	120680	120175	137.5816	-0.2443	140.2052	0.9547
ZCwsz	120680	120175	137.9928	-0.3747	140.6205	0.7411
ZCwsz	120680	120175	138.4041	-0.5051	141.0345	0.5253
ZCwsz	120680	120175	138.8154	-0.6355	141.4487	0.3096
ZCwsz	120680	120175	138.9814	-1.0214	141.6474	-0.0957
ZCwsz	120680	120175	139.1284	-1.4270	141.7659	-0.5473
ZCwsz	120816	120312	136.4199	-3.7717	139.0573	-2.2956
ZCwsz	120816	120312	136.9015	-3.7202	139.5392	-2.3486
ZCwsz	120816	120312	137.3832	-3.6687	140.0210	-2.4015
ZCwsz	120816	120312	137.8649	-3.6172	140.5029	-2.4540
ZCwsz	120816	120312	138.3466	-3.5657	140.9847	-2.5068
ZCwsz	120816	120312	138.8283	-3.5143	141.4663	-2.5613
ZCwsz	120816	120312	139.3100	-3.4628	141.9475	-2.6196
ZCwsz	120659	120154	139.4941	-3.3832	142.1316	-2.5771
ZCwsz	120659	120154	139.9458	-3.3423	142.5582	-2.6259
ZCwsz	120659	120154	140.3975	-3.3015	142.9847	-2.6747
ZCwsz	120659	120154	140.7829	-3.0808	143.3989	-2.6016
ZCwsz	120659	120154	141.1530	-2.8188	143.7814	-2.4069
ZCwsz	120659	120154	141.5231	-2.5567	144.1566	-2.1982
ZCwsz	120659	120154	141.8933	-2.2946	144.5306	-1.9875
ZCwsz	120660	120155	144.9044	0.5020	147.8620	0.4441
ZCwsz	120660	120155	144.5668	0.1485	147.4849	0.1333
ZCwsz	120660	120155	144.2293	-0.2049	147.1060	-0.1754
ZCwsz	120660	120155	143.8917	-0.5584	146.7360	-0.4948
ZCwsz	120660	120155	143.5541	-0.9118	146.3672	-0.8155
ZCwsz	120660	120155	143.1879	-1.2333	145.9797	-1.1113
ZCwsz	120660	120155	142.7988	-1.5292	145.5466	-1.3372
ZCwsz	120660	120155	142.4098	-1.8250	145.1332	-1.5978
ZCwsz	120660	120155	142.0207	-2.1208	144.6977	-1.8197
ZCwsz	120660	120155	141.6316	-2.4167	144.2691	-2.0545
ZCwsz	120623	120118	160.7032	5.0012	163.3407	4.4280
ZCwsz	120623	120118	161.1819	4.9610	163.8117	4.3858
ZCwsz	120623	120118	161.5880	5.2303	164.2190	4.6399
ZCwsz	120623	120118	161.9941	5.4995	164.6262	4.8944
ZCwsz	120623	120118	162.4002	5.7688	165.0332	5.1490
ZCwsz	120623	120118	162.8063	6.0380	165.4401	5.4037
ZCwsz	120623	120118	163.2123	6.3073	165.8483	5.6565
ZCwsz	120623	120118	163.6185	6.5763	166.2852	5.8492
ZCwsz	120623	120118	164.0872	6.7097	166.7531	5.9568
ZCwsz	120623	120118	164.5558	6.8430	167.2228	6.0564
ZCwsz	120623	120118	165.0329	6.9236	167.6983	6.1052
ZCwsz	120623	120118	165.5197	6.9432	168.1782	6.0896
ZCwsz	120623	120118	166.0065	6.9627	168.6580	6.0741
ZCwsz	120623	120118	166.4934	6.9823	169.1379	6.0586
ZCwsz	120623	120118	166.9802	7.0018	169.6177	6.0430
ZCwsz	120709	120204	147.9143	-0.0327	150.5518	-0.6343
ZCwsz	120709	120204	148.4009	0.0684	151.0402	-0.5337
ZCwsz	120709	120204	148.8874	0.1695	151.5287	-0.4333
ZCwsz	120709	120204	149.3740	0.2706	152.0170	-0.3326
ZCwsz	120709	120204	149.8606	0.3717	152.5055	-0.2326
ZCwsz	120709	120204	150.3471	0.4728	152.9943	-0.1337
ZCwsz	120709	120204	150.8337	0.5740	153.4830	-0.0347
ZCwsz	120709	120204	151.3203	0.6751	153.9717	0.0642
ZCwsz	120709	120204	151.8082	0.7689	154.4620	0.1546
ZCwsz	120709	120204	152.2986	0.8492	154.9549	0.2300
ZCwsz	120709	120204	152.7890	0.9295	155.4478	0.3052
ZCwsz	120709	120204	153.2795	1.0097	155.9407	0.3804
ZCwsz	120709	120204	153.7743	1.0523	156.4359	0.4376
ZCwsz	120709	120204	154.2701	1.0852	156.9329	0.4774
ZCwsz	120709	120204	154.7660	1.1180	157.4300	0.5172
ZCwsz	120709	120204	155.2619	1.1508	157.9267	0.5606
ZCwsz	120709	120204	155.7578	1.1836	158.4239	0.5941
ZCwsz	120709	120204	156.2536	1.2165	158.9212	0.6313
ZCwsz	120709	120204	156.7495	1.2493	159.4184	0.6452
ZCwsz	120709	120204	157.2311	1.3699	159.8948	0.7924
ZCwsz	120709	120204	157.7117	1.4962	160.3722	0.9365
ZCwsz	120709	120204	158.1923	1.6226	160.8561	1.0543
ZCwsz	120709	120204	158.6838	1.6739	161.3526	1.0969
ZCwsz	120709	120204	159.1805	1.6882	161.8508	1.1174
ZCwsz	120709	120204	159.6773	1.7025	162.3493	1.1293
ZCwsz	120709	120204	160.1737	1.6929	162.8479	1.1274
ZCwsz	120709	120204	160.6697	1.6633	163.3461	1.1136
ZCwsz	120709	120204	161.1658	1.6337	163.8349	1.0395
ZCwsz	120709	120204	161.6500	1.5335	164.3140	0.9306
ZCwsz	120709	120204	162.1141	1.3658	164.7746	0.7416
ZCwsz	120709	120204	162.5402	1.1101	165.1777	0.4484
ZCwsz	120655	120150	150.5274	-0.9171	153.1648	-1.5206
ZCwsz	120655	120150	151.0202	-0.9647	153.6575	-1.5733
ZCwsz	120655	120150	151.5130	-1.0123	154.1500	-1.6262
ZCwsz	120655	120150	152.0058	-1.0599	154.6426	-1.6790
ZCwsz	120655	120150	152.4986	-1.1075	155.1353	-1.7316
ZCwsz	120655	120150	152.9914	-1.1551	155.6278	-1.7845
ZCwsz	120655	120150	153.4824	-1.2178	156.1191	-1.8479
ZCwsz	120655	120150	153.9719	-1.2921	156.6091	-1.9207
ZCwsz	120655	120150	154.4614	-1.3665	157.0992	-1.9935
ZCwsz	120655	120150	154.9529	-1.4226	157.5915	-2.0445
ZCwsz	120655	120150	155.4468	-1.4569	158.0853	-2.0678
ZCwsz	120655	120150	155.9407	-1.4913	158.5801	-2.0929
ZCwsz	120655	120150	156.4346	-1.5257	159.0749	-2.1182
ZCwsz	120655	120150	156.9268	-1.5228	159.5638	-2.1181
ZCwsz	120655	120150	157.4153	-1.4424	160.0471	-2.0092
ZCwsz	120655	120150	157.9038	-1.3620	160.5357	-1.9569
ZCwsz	120655	120150	158.3619	-1.5465	161.0052	-2.1111
ZCwsz	120655	120150	158.8194	-1.7357	161.4590	-2.3098
ZCwsz	120655	120150	159.2675	-1.9404	161.9048	-2.5226
ZCwsz	120655	120150	159.6456	-2.2600	162.2876	-2.8368
ZCwsz	120655	120150	160.0325	-2.5674	162.6725	-3.1465
ZCwsz	120655	120150	160.4580	-2.8206	163.1095	-3.3796
ZCwsz	120655	120150	160.8835	-3.0737	163.5363	-3.6306
ZCwsz	120655	120150	161.3356	-3.2294	163.9755	-3.8369
ZCwsz	120655	120150	161.8307	-3.2280	164.4682	-3.8421
ZCwsz	120656	120151	156.1004	-2.9516	158.7379	-3.5637
ZCwsz	120656	120151	156.5639	-3.0893	159.2030	-3.6908
ZCwsz	120656	120151	157.0379	-3.1591	159.6731	-3.7565
ZCwsz	120656	120151	157.5214	-3.1682	160.1552	-3.7511
ZCwsz	120656	120151	158.0048	-3.1773	160.6373	-3.7501
ZCwsz	120656	120151	158.4847	-3.2226	161.1134	-3.8205
ZCwsz	120656	120151	158.9607	-3.3078	161.5846	-3.9223
ZCwsz	120656	120151	159.4366	-3.3931	162.0612	-3.9905
ZCwsz	120656	120151	159.9126	-3.4784	162.5402	-4.0445
ZCwsz	120656	120151	160.3885	-3.5636	163.0185	-4.1052
ZCwsz	120656	120151	160.8645	-3.6489	163.4926	-4.1909
ZCwsz	120656	120151	161.3379	-3.6614	163.9559	-4.2445
ZCwsz	120656	120151	161.8066	-3.5426	164.4296	-4.1547
ZCwsz	120656	120151	162.2753	-3.4238	164.9034	-4.0656
ZCwsz	120656	120151	162.7440	-3.3050	165.3771	-3.9761
ZCwsz	120656	120151	163.2127	-3.1862	165.8514	-3.8894
ZCwsz	120656	120151	163.6919	-3.1584	166.3294	-3.8971
Cc	120672	120167	91.7182	-2.9518	81.8272	-4.4922
Cc	120672	120167	92.1935	-3.1141	82.3245	-4.5192
Cc	120672	120167	92.6687	-3.2764	82.8197	-4.5750
Cc	120672	120167	93.1407	-3.4466	83.3141	-4.6368
Cc	120672	120167	93.5919	-3.6672	83.8090	-4.6949
Cc	120672	120167	94.0461	-3.8796	84.3043	-4.7498
Cc	120672	120167	94.5327	-4.0039	84.7998	-4.8025
Cc	120672	120167	95.0193	-4.1281	85.2965	-4.8402
Cc	120672	120167	95.5093	-4.2362	85.7939	-4.8704
Cc	120672	120167	96.0043	-4.3208	86.2915	-4.8972
Cc	120672	120167	96.4994	-4.4053	86.7892	-4.9208
Cc	120672	120167	96.9944	-4.4899	87.2871	-4.9415
Cc	120672	120167	97.4895	-4.5745	87.7853	-4.9465
Cc	120672	120167	97.9877	-4.5127	88.2785	-4.8783
Cc	120672	120167	98.4566	-4.3544	88.7644	-4.7724
Cc	120672	120167	98.9040	-4.1262	89.2433	-4.6344
Cc	120672	120167	99.3081	-3.8349	89.7066	-4.4576
Cc	120672	120167	99.6334	-3.4594	90.1099	-4.1767
Cc	120672	120167	99.8937	-3.0299	90.4386	-3.8022
Cc	120692	120187	100.3118	-1.3320	90.9154	-2.2121
Cc	120692	120187	100.7772	-1.3675	91.4009	-2.2218
Cc	120692	120187	101.2425	-1.4031	91.8847	-2.2603
Cc	120692	120187	101.7079	-1.4386	92.3688	-2.2953
Cc	120692	120187	102.1683	-1.4107	92.8537	-2.2764
Cc	120692	120187	102.6264	-1.4387	93.3378	-2.2391
Cc	120692	120187	103.0724	-1.3943	93.8217	-2.1994
Cc	120692	120187	103.5069	-1.4184	94.3018	-2.2425
Cc	120692	120187	103.9565	-1.4964	94.7651	-2.3876
Cc	120692	120187	104.3983	-1.6469	95.2193	-2.5592
Cc	120692	120187	104.8401	-1.7974	95.6769	-2.7214
Cc	120692	120187	105.2819	-1.9479	96.1468	-2.8411
Cc	120692	120187	105.7237	-2.0984	96.6180	-2.9572
Cc	120692	120187	106.1647	-2.2390	97.0941	-2.9494
Cc	120692	120187	106.5792	-2.0245	97.5716	-2.8626
Cc	120692	120187	106.9736	-1.7857	98.0489	-2.7757
Cc	120692	120187	107.3184	-1.4799	98.5167	-2.6488
Cc	120692	120187	107.7064	-1.2205	98.9774	-2.4958
Cc	120692	120187	108.1235	-1.0207	99.4589	-2.4768
Cc	120692	120187	108.5665	-0.8738	99.9443	-2.4876
Cc	120676	120171	108.1100	-0.6081	102.2754	-3.9727
Cc	120676	120171	108.3888	-0.3241	102.6473	-3.7758
Cc	120676	120171	108.7036	-0.0883	103.0483	-3.6755
Cc	120676	120171	109.0546	0.0992	103.4664	-3.6306
Cc	120676	120171	109.4294	0.2326	103.8870	-3.6216
Cc	120676	120171	109.8052	0.3636	104.3070	-3.6442
Cc	120676	120171	110.1588	0.2288	104.6530	-3.8670
Cc	120669	120164	110.1588	0.2288	107.0157	-2.3178
Cc	120669	120164	110.5654	0.0353	107.4380	-2.5347
Cc	120669	120164	111.0109	-0.0402	107.9115	-2.5822
Cc	120669	120164	111.4429	0.0576	108.3740	-2.4858
Cc	120669	120164	111.8220	0.3033	108.7773	-2.2277
Cc	120669	120164	112.2512	0.4378	109.2349	-2.1011
Cc	120846	120098	112.2508	0.4377	109.4508	-1.4095
Cc	120846	120098	112.7332	0.3141	109.9448	-1.3637
Cc	120846	120098	113.2182	0.2080	110.4389	-1.3156
Cc	120846	120098	113.7155	0.1831	110.9129	-1.1634
Cc	120846	120098	114.2092	0.2305	111.3491	-0.9276
Cc	120846	120098	114.6142	0.4494	111.6576	-0.5667
Cc	120846	120098	114.6493	0.9199	111.5934	-0.0827
Cc	120846	120098	114.7679	1.4013	111.6854	0.4047
Cc	120846	120098	114.9747	1.8211	111.8964	0.8142
Cc	120846	120098	115.4147	2.0543	112.3277	1.0631
Cc	120846	120098	115.8547	2.2874	112.7528	1.3224
Cc	120846	120098	116.2947	2.5206	113.1742	1.5878
Cc	120846	120098	116.7347	2.7537	113.5907	1.8603
Cc	120846	120098	117.1341	3.0479	113.9904	2.1570
Cc	120846	120098	117.5197	3.3631	114.3745	2.4738
Cc	120846	120098	117.9052	3.6783	114.7566	2.7931
Cc	120846	120098	118.2908	3.9934	115.1561	3.0903
Cc	120846	120098	118.6763	4.3086	115.5621	3.3787
Cc	120846	120098	119.0887	4.5866	115.9564	3.6827
Cc	120846	120098	119.5085	4.8546	116.3493	3.9886
Cc	120846	120098	119.9734	4.7458	116.7441	4.2921
Cc	120846	120098	120.4561	4.6520	117.2380	4.2423
Cc	120846	120098	120.9419	4.5644	117.7315	4.1759
Cc	120846	120098	121.4201	4.4257	118.2248	4.1082
Cc	120846	120098	121.8984	4.2869	118.7180	4.0396
Cc	120846	120098	122.3865	4.1997	119.2113	3.9712
Cc	120846	120098	122.8821	4.1509	119.7045	3.9028
Cc	120846	120098	123.3776	4.1021	120.1987	3.8418
Cc	120846	120098	123.8666	4.1869	120.6940	3.7905
Cc	120846	120098	124.3549	4.2844	121.1881	3.8057
Cc	120846	120098	124.8455	4.3661	121.6814	3.8734
Cc	120846	120098	125.3419	4.4053	122.1751	3.9386
Cc	120846	120098	125.8383	4.4444	122.6726	3.9539
Cc	120600	120094	123.9873	1.4312	126.6952	5.2675
Cc	120600	120094	124.4138	1.4391	127.1117	5.1427
Cc	120600	120094	124.8403	1.4469	127.5288	5.0224
Cc	120600	120094	125.2668	1.4548	127.9410	4.8851
Cc	120600	120094	125.6932	1.4626	128.3527	4.7475
Cc	120600	120094	126.1197	1.4705	128.7595	4.5945
Cc	120600	120094	126.5412	1.4594	129.1738	4.5146
Cc	120600	120094	126.6240	1.0892	129.2615	4.1370
Cc	120679	120174	126.9560	0.5158	129.5935	3.5464
Cc	120679	120174	127.0100	0.0904	129.6475	3.1182
Cc	120788	120283	123.9861	-3.5516	126.6237	0.1880
Cc	120788	120283	124.0071	-4.0485	126.6275	-0.2967
Cc	120788	120283	124.1697	-4.4833	126.7536	-0.7467
Cc	120788	120283	124.5804	-4.7515	127.0947	-1.0876
Cc	120788	120283	125.0571	-4.7220	127.5251	-1.2666
Cc	120788	120283	125.5428	-4.6149	128.0089	-1.2968
Cc	120788	120283	126.0285	-4.5077	128.4914	-1.3402
Cc	120788	120283	126.5142	-4.4006	128.9759	-1.3243
Cc	120788	120283	126.9999	-4.2935	129.4575	-1.2741
Cc	120788	120283	127.4856	-4.1863	129.9386	-1.2141
Cc	120788	120283	127.9149	-3.9414	130.3989	-1.0764
Cc	120788	120283	128.3364	-3.6774	130.8266	-0.8491
Cc	120788	120283	128.7220	-3.3650	131.2321	-0.5851
Cc	120788	120283	129.0975	-3.0388	131.6224	-0.2981
Cc	120788	120283	129.4730	-2.7127	132.0133	-0.0117
Cc	120788	120283	129.8485	-2.3866	132.3915	0.2915
Cc	120788	120283	130.2368	-2.0774	132.7962	0.5559
Cc	120788	120283	130.6559	-1.8097	133.2396	0.7506
Cc	120788	120283	131.0750	-1.5419	133.6734	0.9650
Cc	120788	120283	131.4941	-1.2741	134.0912	1.2100
Cc	120788	120283	131.9366	-1.0483	134.5467	1.3708
Cc	120788	120283	132.3848	-0.8328	135.0004	1.5391
Cc	120788	120283	132.8101	-0.5757	135.4333	1.7554
Cc	120788	120283	133.2311	-0.3109	135.8750	1.9532
Cc	120788	120283	133.6566	-0.0549	136.3353	2.0982
Cc	120788	120283	134.1174	0.1323	136.8115	2.1871
Cc	120788	120283	134.5782	0.3195	137.2873	2.2794
Cc	120788	120283	135.0390	0.5067	137.7682	2.3377
Cc	120788	120283	135.4997	0.6940	138.2496	2.3664
Cc	120788	120283	135.9928	0.6459	138.7079	2.2159
Cc	120788	120283	136.4869	0.5897	139.1626	2.0478
Cc	120788	120283	136.9811	0.5334	139.6186	1.8834
Cc	120685	120180	136.9923	0.5558	139.6297	1.9033
Cc	120685	120180	137.4047	0.4363	140.0318	1.6860
Cc	120685	120180	137.8171	0.3168	140.4332	1.4672
Cc	120685	120180	138.2295	0.1973	140.8385	1.2561
Cc	120685	120180	138.6419	0.0779	141.2518	1.0610
Cc	120685	120180	139.0543	-0.0416	141.6655	0.8666
Cc	120685	120180	139.3775	-0.2625	142.0062	0.5987
Cc	120685	120180	139.4488	-0.6820	142.0901	0.1533
Cc	120685	120180	139.4890	-1.1095	142.1264	-0.3023
Cc	120663	120158	136.8018	-3.4498	139.4393	-2.0595
Cc	120663	120158	137.2849	-3.3972	139.9227	-2.1080
Cc	120663	120158	137.7680	-3.3446	140.4062	-2.1558
Cc	120663	120158	138.2512	-3.2920	140.8897	-2.2033
Cc	120663	120158	138.7343	-3.2394	141.3732	-2.2507
Cc	120663	120158	139.2175	-3.1868	141.8565	-2.2987
Cc	120663	120158	139.7006	-3.1342	142.3388	-2.3569
Cc	120663	120158	140.1837	-3.0816	142.8212	-2.4151
Cc	120661	120156	144.5449	0.4529	147.5555	0.5083
Cc	120661	120156	144.2207	0.1193	147.1886	0.2224
Cc	120661	120156	143.8964	-0.2143	146.8265	-0.0696
Cc	120661	120156	143.5722	-0.5479	146.4709	-0.3695
Cc	120661	120156	143.2425	-0.8754	146.1166	-0.6710
Cc	120661	120156	142.8745	-1.1599	145.7310	-0.9268
Cc	120661	120156	142.5065	-1.4445	145.3280	-1.1585
Cc	120661	120156	142.1385	-1.7290	144.9287	-1.3963
Cc	120661	120156	141.7704	-2.0136	144.5163	-1.6114
Cc	120661	120156	141.4024	-2.2981	144.1092	-1.8364
Cc	120661	120156	141.0344	-2.5827	143.7075	-2.0709
Cc	120661	120156	140.6664	-2.8673	143.3039	-2.3022
Cc	120657	120152	161.9452	-3.1968	164.5826	-3.8187
Cc	120657	120152	162.4024	-3.0846	165.0441	-3.7320
Cc	120657	120152	162.8596	-2.9723	165.5055	-3.6454
Cc	120657	120152	163.3168	-2.8601	165.9681	-3.5674
Cc	120657	120152	163.7846	-2.8278	166.4346	-3.5952
Cc	120657	120152	164.2553	-2.8175	166.9037	-3.6107
Cc	120657	120152	164.7259	-2.8072	167.3729	-3.6282
Cc	120657	120152	165.1966	-2.7970	167.8420	-3.6472
Cc	120657	120152	165.6673	-2.7867	168.3111	-3.6663
Cc	120657	120152	166.1380	-2.7765	168.7802	-3.6853
Cc	120657	120152	166.6087	-2.7662	169.2493	-3.7044
Cc	120657	120152	167.0793	-2.7559	169.7184	-3.7235
Cc	120657	120152	167.5500	-2.7457	170.1875	-3.7426
Cbn	120674	120169	92.1433	-1.9494	82.3193	-3.4372
Cbn	120674	120169	92.5914	-2.1198	82.7896	-3.5006
Cbn	120674	120169	93.0394	-2.2902	83.2592	-3.5696
Cbn	120674	120169	93.4676	-2.5054	83.7292	-3.6353
Cbn	120674	120169	93.8947	-2.7231	84.1992	-3.7006
Cbn	120674	120169	94.3500	-2.8685	84.6703	-3.7578
Cbn	120674	120169	94.8116	-2.9975	85.1420	-3.8105
Cbn	120674	120169	95.2733	-3.1264	85.6157	-3.8361
Cbn	120674	120169	95.7427	-3.2230	86.0901	-3.8489
Cbn	120674	120169	96.2132	-3.3146	86.5646	-3.8601
Cbn	120674	120169	96.6838	-3.4062	87.0391	-3.8694
Cbn	120674	120169	97.1600	-3.4567	87.5135	-3.8658
Cbn	120674	120169	97.6348	-3.4673	87.9870	-3.8449
Cbn	120674	120169	98.0484	-3.2548	88.4266	-3.6983
Cbn	120674	120169	98.3917	-2.9202	88.8159	-3.4269
Cbn	120841	120170	105.4461	1.7609	101.0731	-3.2220
Cbn	120841	120170	105.8364	2.0241	101.5020	-3.0288
Cbn	120841	120170	106.2266	2.2872	101.9479	-2.8787
Cbn	120841	120170	106.6169	2.5504	102.4074	-2.7786
Cbn	120841	120170	107.0584	2.6954	102.8706	-2.6948
Cbn	120841	120170	107.5172	2.8006	103.3329	-2.6061
Cbn	120841	120170	107.9760	2.9059	103.7977	-2.5324
Cbn	120841	120170	108.4234	3.0387	104.2657	-2.4877
Cbn	120841	120170	108.8287	3.2744	104.7363	-2.4818
Cbn	120841	120170	109.2877	3.3788	105.2058	-2.4507
Cbn	120841	120170	109.7467	3.4831	105.6760	-2.4598
Cbn	120841	120170	110.2161	3.4834	106.1421	-2.5213
Cbn	120841	120170	110.6867	3.4726	106.6062	-2.5997
Cbn	120612	120107	111.9522	1.6314	108.7347	-0.8011
Cbn	120612	120107	112.3920	1.8046	109.1448	-0.7084
Cbn	120612	120107	112.8604	1.7285	109.5232	-0.5181
Cbn	120612	120107	113.3152	1.8258	109.8893	-0.3043
Cbn	120854	120254	113.2656	1.7677	110.1237	0.2635
Cbn	120854	120254	113.7389	1.9167	110.5046	0.5626
Cbn	120854	120254	113.8882	2.3888	110.6232	1.0445
Cbn	120854	120254	114.0357	2.8626	110.7473	1.5249
Cbn	120854	120254	114.2941	3.2450	110.9713	1.9323
Cbn	120854	120254	114.7311	3.4801	111.3971	2.1872
Cbn	120854	120254	115.1681	3.7151	111.8166	2.4521
Cbn	120854	120254	115.6052	3.9502	112.2331	2.7220
Cbn	120854	120254	116.0422	4.1853	112.6473	2.9953
Cbn	120854	120254	116.4519	4.4651	113.0483	3.2871
Cbn	120854	120254	116.8608	4.7463	113.4499	3.5786
Cbn	120854	120254	117.2504	5.0526	113.8529	3.8682
Cbn	120854	120254	117.6274	5.3752	114.2552	4.1586
Cbn	120854	120254	118.0108	5.6888	114.6515	4.4572
Cbn	120854	120254	118.4420	5.9345	115.0489	4.7544
Cbn	120854	120254	118.8731	6.1802	115.4528	5.0427
Cbn	120854	120254	119.3043	6.4259	115.8583	5.3288
Cbn	120854	120254	119.7383	6.6279	116.2685	5.6081
Cbn	120854	120254	120.1976	6.4401	116.6798	5.8856
Cbn	120854	120254	120.6569	6.2523	117.1657	5.8517
Cbn	120854	120254	121.1162	6.0645	117.6558	5.7739
Cbn	120854	120254	121.5937	5.9849	118.1458	5.6950
Cbn	120854	120254	122.0802	5.9044	118.6355	5.6152
Cbn	120854	120254	122.5643	5.7953	119.1273	5.5489
Cbn	120854	120254	123.0484	5.6861	119.6194	5.4852
Cbn	120854	120254	123.5335	5.5868	120.1116	5.4216
Cbn	120854	120254	124.0298	5.5899	120.6035	5.3568
Cbn	120854	120254	124.5260	5.5929	121.0956	5.2986
Cbn	120854	120254	125.0220	5.6004	121.5915	5.3076
Cbn	120854	120254	125.5157	5.6505	122.0876	5.2968
Cbn	120854	120254	126.0094	5.7007	122.5835	5.2805
Cbn	120854	120254	126.5031	5.7509	123.0790	5.2548
Cbn	120854	120254	126.9979	5.7161	123.5707	5.1884
Cbn	120854	120254	127.4926	5.6782	124.0589	5.0993
Cbn	120855	120275	114.9776	5.0082	111.6428	3.7519
Cbn	120855	120275	115.4007	5.2682	112.0657	4.0120
Cbn	120855	120275	115.8024	5.5572	112.4609	4.3108
Cbn	120855	120275	116.1754	5.8850	112.8316	4.6412
Cbn	120855	120275	116.5260	6.2360	113.2021	4.9719
Cbn	120855	120275	116.8659	6.5980	113.5725	5.3026
Cbn	120855	120275	117.2057	6.9600	113.9374	5.6393
Cbn	120855	120275	117.5795	7.2867	114.2864	5.9924
Cbn	120855	120275	117.9553	7.6113	114.6308	6.3502
Cbn	120855	120275	118.3311	7.9359	114.9855	6.6976
Cbn	120855	120275	118.7069	8.2605	115.3526	7.0320
Cbn	120855	120275	119.1532	8.4580	115.7541	7.3183
Cbn	120855	120275	119.6275	8.6052	116.1942	7.5482
Cbn	120855	120275	120.1174	8.6402	116.6407	7.7605
Cbn	120855	120275	120.6045	8.5434	117.1347	7.8085
Cbn	120855	120275	121.0916	8.4467	117.6292	7.8541
Cbn	120855	120275	121.5786	8.3499	118.1237	7.8990
Cbn	120855	120275	122.0657	8.2532	118.6185	7.9417
Cbn	120855	120275	122.5534	8.1612	119.1133	7.9835
Cbn	120855	120275	123.0475	8.1114	119.6082	8.0164
Cbn	120855	120275	123.5381	8.0891	120.1024	8.0647
Cbn	120855	120275	124.0086	8.2437	120.5975	8.1038
Cbn	120855	120275	124.4985	8.3252	121.0930	8.1361
Cbn	120855	120275	124.9883	8.4068	121.5893	8.1424
Cbn	120855	120275	125.4516	8.5833	122.0857	8.1298
Cbn	120855	120275	125.8689	8.8475	122.5823	8.1282
Cbn	120855	120275	126.2726	9.1366	123.0789	8.1256
Cbn	120855	120275	126.6763	9.4258	123.5754	8.1228
Cbn	120855	120275	127.0800	9.7150	124.0644	8.2003
Cbn	120855	120275	127.4836	10.0042	124.5403	8.3404
Cbn	120855	120275	127.8972	10.2778	124.9937	8.5343
Cbn	120855	120275	128.3306	10.5203	125.4352	8.7583
Cbn	120855	120275	128.7639	10.7628	125.8880	8.9613
Cbn	120855	120275	129.1972	11.0053	126.3431	9.1593
Cbn	120855	120275	129.6305	11.2478	126.8276	9.2641
Cbn	120855	120275	130.0639	11.4904	127.3181	9.3389
Cbn	120855	120275	130.4343	11.8167	127.8130	9.3712
Cbn	120855	120275	130.7885	12.1647	128.3023	9.4489
Cbn	120855	120275	131.1151	12.5380	128.7891	9.5390
Cbn	120855	120275	131.4297	12.9222	129.2415	9.7317
Cbn	120855	120275	131.7534	13.2976	129.6543	10.0010
Cbn	120855	120275	132.1302	13.6209	130.0126	10.3436
Cbn	120855	120275	132.5579	13.8712	130.3779	10.6775
Cbn	120855	120275	133.0130	14.0628	130.7634	10.9892
Cbn	120855	120275	133.4882	14.2071	131.1588	11.2858
Cbn	120793	120288	125.6223	-1.8870	128.2598	1.4081
Cbn	120793	120288	125.5877	-2.3979	128.2254	0.9109
Cbn	120793	120288	125.5532	-2.9088	128.1912	0.4137
Cbn	120793	120288	125.9574	-3.2039	128.5188	0.0495
Cbn	120793	120288	126.4396	-3.2705	128.9408	-0.2030
Cbn	120793	120288	126.9138	-3.0848	129.4311	-0.1147
Cbn	120793	120288	127.3440	-2.8070	129.8783	0.1024
Cbn	120793	120288	127.7491	-2.4978	130.2836	0.3909
Cbn	120793	120288	128.1161	-2.1406	130.6602	0.7168
Cbn	120793	120288	128.4831	-1.7835	131.0352	1.0446
Cbn	120793	120288	128.8524	-1.4291	131.4114	1.3712
Cbn	120793	120288	129.2584	-1.1171	131.8239	1.6482
Cbn	120793	120288	129.7180	-0.8947	132.2738	1.8604
Cbn	120793	120288	130.1850	-0.6846	132.7513	1.9995
Cbn	120793	120288	130.6520	-0.4745	133.2313	2.1307
Cbn	120793	120288	131.1190	-0.2644	133.7076	2.2745
Cbn	120793	120288	131.5860	-0.0543	134.1865	2.4090
Cbn	120793	120288	132.0400	0.1780	134.6502	2.5886
Cbn	120793	120288	132.4525	0.4815	135.0822	2.8367
Cbn	120793	120288	132.8649	0.7849	135.5024	3.1042
Cbn	120825	120321	133.1114	0.9765	135.7488	3.2626
Cbn	120825	120321	133.5899	1.1546	136.2412	3.3316
Cbn	120825	120321	134.0684	1.3327	136.7355	3.3827
Cbn	120825	120321	134.5468	1.5107	137.2311	3.4222
Cbn	120825	120321	135.0253	1.6888	137.7226	3.4957
Cbn	120825	120321	135.5038	1.8669	138.2141	3.5671
Cbn	120825	120321	136.0012	1.9495	138.7058	3.5164
Cbn	120825	120321	136.5114	1.9676	139.1927	3.4158
Cbn	120825	120321	137.0216	1.9857	139.6797	3.3152
Cbn	120825	120321	137.5318	2.0038	140.1693	3.2300
Cbn	120609	120104	140.5308	1.0876	143.1682	1.6812
Cbn	120609	120104	140.6766	0.7660	143.3119	1.3339
Cbn	120609	120104	140.8148	0.4421	143.4557	0.9867
Cbn	120609	120104	140.8736	0.0938	143.5112	0.6153
Cbn	120710	120205	138.1717	-2.2721	140.8092	-1.1897
Cbn	120710	120205	138.6028	-2.0346	141.2741	-1.0281
Cbn	120710	120205	139.0338	-1.7972	141.7413	-0.8738
Cbn	120710	120205	139.5125	-1.7072	142.2266	-0.8902
Cbn	120710	120205	139.9912	-1.6094	142.7137	-0.9111
Cbn	120710	120205	140.4487	-1.4280	143.1884	-0.7900
Cbn	120710	120205	140.8554	-1.1551	143.6257	-0.5645
Cbn	120710	120205	141.2513	-0.8629	144.0615	-0.3359
Cbn	120710	120205	141.6472	-0.5706	144.4932	-0.0997
Cbn	120710	120205	142.0432	-0.2784	144.9288	0.1291
Cbn	120710	120205	142.4391	0.0139	145.3552	0.3741
Cbn	120710	120205	142.7988	0.3485	145.7409	0.6794
Cbn	120710	120205	143.1492	0.6940	146.1186	0.9949
Cbn	120784	120279	159.1938	0.1692	161.8312	-0.4168
Cbn	120784	120279	159.6421	-0.0460	162.2852	-0.6195
Cbn	120784	120279	160.0904	-0.2612	162.7339	-0.8339
Cbn	120784	120279	160.4962	-0.5391	163.1460	-1.1060
Cbn	120784	120279	160.8619	-0.8760	163.5070	-1.4477
Cbn	120784	120279	161.2598	-1.1456	163.8989	-1.7342
Cbn	120784	120279	161.7516	-1.2190	164.3869	-1.8299
Cbn	120784	120279	162.1925	-1.0336	164.8311	-1.6698
Cbn	120784	120279	162.5665	-0.7059	165.2128	-1.3510
Cbn	120784	120279	162.9405	-0.3782	165.5945	-1.0324
Cbn	120784	120279	163.3145	-0.0504	165.9814	-0.7204
Cbn	120784	120279	163.7214	0.2281	166.4138	-0.4790
Cbn	120784	120279	164.1671	0.4486	166.8676	-0.2757
Cbn	120784	120279	164.6128	0.6690	167.3248	-0.0801
Cbn	120784	120279	165.0585	0.8895	167.7832	0.1125
Cbn	120784	120279	165.5042	1.1100	168.2419	0.3047
Cbn	120784	120279	165.9500	1.3305	168.7005	0.4969
Cbn	120784	120279	166.3957	1.5510	169.1591	0.6891
Cbn	120784	120279	166.8414	1.7714	169.6177	0.8813
Cbn	120625	120120	163.4031	8.3365	166.0406	7.6171
Cbn	120625	120120	163.8366	8.4700	166.4732	7.7420
Cbn	120625	120120	164.2700	8.6035	166.9136	7.8413
Cbn	120625	120120	164.7139	8.6753	167.3615	7.8678
Cbn	120625	120120	165.1671	8.6910	167.8127	7.8534
Cbn	120625	120120	165.6204	8.7066	168.2640	7.8387
Cbn	120625	120120	166.0737	8.7223	168.7152	7.8241
Cbn	120625	120120	166.5270	8.7380	169.1665	7.8095
Cbn	120625	120120	166.9802	8.7537	169.6177	7.7949
PPu	120617	120112	93.4573	5.8574	83.8966	4.4659
PPu	120617	120112	93.9358	5.7530	84.3947	4.4940
PPu	120617	120112	94.4269	5.7169	84.8927	4.5242
PPu	120617	120112	94.9179	5.6808	85.3906	4.5463
PPu	120617	120112	95.4089	5.6447	85.8879	4.5770
PPu	120617	120112	95.9000	5.6086	86.3861	4.5944
PPu	120617	120112	96.3910	5.5725	86.8846	4.6135
PPu	120617	120112	96.8821	5.5443	87.3818	4.6538
PPu	120617	120112	97.3732	5.5791	87.8785	4.6999
PPu	120617	120112	97.8643	5.6139	88.3741	4.7572
PPu	120617	120112	98.3555	5.6487	88.8694	4.8167
PPu	120617	120112	98.8437	5.6466	89.3665	4.8400
PPu	120617	120112	99.3222	5.6326	89.8636	4.8426
PPu	120617	120112	99.7348	5.8920	90.3139	5.0411
PPu	120617	120112	100.1336	6.1809	90.7397	5.3010
PPu	120840	120111	100.2091	6.1154	93.3548	2.9835
PPu	120840	120111	100.7078	6.0033	93.8272	2.8600
PPu	120840	120111	101.2065	5.8912	94.2996	2.7363
PPu	120840	120111	101.7051	5.7791	94.7691	2.6020
PPu	120840	120111	102.2052	5.7925	95.2346	2.4545
PPu	120840	120111	102.6981	5.8137	95.7012	2.3108
PPu	120840	120111	103.1927	5.9428	96.1811	2.2210
PPu	120840	120111	103.6882	5.9592	96.6599	2.1253
PPu	120840	120111	104.1584	5.9928	97.1355	2.0150
PPu	120840	120111	104.6339	6.1620	97.5911	1.8415
PPu	120840	120111	105.1309	6.2810	98.0553	1.7295
PPu	120840	120111	105.6280	6.4000	98.5370	1.7993
PPu	120840	120111	106.1251	6.5190	99.0136	1.9051
PPu	120840	120111	106.5521	6.7836	99.4935	1.9955
PPu	120840	120111	107.0564	6.8356	99.9748	2.0785
PPu	120840	120111	107.5674	6.8432	100.4571	2.1545
PPu	120840	120111	108.0785	6.8508	100.9359	2.2474
PPu	120840	120111	108.5896	6.8584	101.4095	2.3667
PPu	120840	120111	109.1000	6.8369	101.8897	2.4547
PPu	120840	120111	109.6103	6.8078	102.3701	2.5421
PPu	120840	120111	110.1206	6.7788	102.8501	2.6323
PPu	120840	120111	110.6304	6.7632	103.3294	2.7252
PPu	120840	120111	111.1182	6.8878	103.8054	2.8346
PPu	120840	120111	111.5659	7.1344	104.2728	2.9740
PPu	120840	120111	111.9699	7.4430	104.7243	3.1585
PPu	120840	120111	112.3081	7.8239	105.1454	3.4057
PPu	120840	120111	112.6255	8.2245	105.5836	3.6201
PPu	120840	120111	113.0559	8.4825	106.0282	3.8217
PPu	120840	120111	113.4565	8.7932	106.4790	4.0067
PPu	120840	120111	113.8359	9.1357	106.9500	4.1355
PPu	120840	120111	114.2154	9.4781	107.4250	4.2484
PPu	120840	120111	114.5483	9.8641	107.9027	4.3498
PPu	120840	120111	114.8648	10.2654	108.3815	4.4458
PPu	120840	120111	115.1814	10.6668	108.8619	4.5333
PPu	120840	120111	115.4979	11.0681	109.3425	4.6197
PPu	120840	120111	115.8031	11.4778	109.8216	4.7144
PPu	120840	120111	116.0960	11.8967	110.3003	4.8110
PPu	120840	120111	116.3890	12.3155	110.7787	4.9085
PPu	120840	120111	116.7216	12.6998	111.2588	4.9979
PPu	120840	120111	117.1253	13.0100	111.7301	5.1242
PPu	120840	120111	117.5560	13.2853	112.1854	5.3006
PPu	120849	120302	116.7873	10.9157	113.4899	9.6882
PPu	120849	120302	117.2219	11.1612	113.9085	9.9601
PPu	120849	120302	117.6564	11.4066	114.3247	10.2355
PPu	120849	120302	118.0910	11.6521	114.7369	10.5168
PPu	120849	120302	118.5450	11.8567	115.1562	10.7875
PPu	120849	120302	119.0100	12.0381	115.5790	11.0527
PPu	120849	120302	119.4750	12.2195	116.0051	11.3127
PPu	120849	120302	119.9711	12.2023	116.4713	11.4614
PPu	120849	120302	120.4679	12.1614	116.9688	11.4827
PPu	120849	120302	120.9560	12.0574	117.4662	11.4412
PPu	120849	120302	121.4442	11.9535	117.9630	11.3935
PPu	120849	120302	121.9324	11.8495	118.4588	11.3364
PPu	120849	120302	122.3814	11.6581	118.9541	11.2749
PPu	120849	120302	122.8680	11.5723	119.4488	11.2131
PPu	120849	120302	123.3652	11.6159	119.9469	11.1835
PPu	120849	120302	123.8358	11.7726	120.4456	11.1616
PPu	120849	120302	124.3002	11.9553	120.9442	11.1386
PPu	120849	120302	124.7647	12.1381	121.4427	11.1157
PPu	120849	120302	125.2052	12.3680	121.9411	11.1098
PPu	120849	120302	125.5578	12.7162	122.4309	11.1959
PPu	120849	120302	125.8978	13.0795	122.8990	11.3586
PPu	120849	120302	126.3214	13.3426	123.3327	11.5995
PPu	120849	120302	126.7592	13.5822	123.7911	11.7958
PPu	120849	120302	127.1970	13.8219	124.2470	11.9978
PPu	120849	120302	127.6348	14.0616	124.7315	12.1121
PPu	120849	120302	128.0726	14.3013	125.2099	12.2518
PPu	120849	120302	128.4244	14.6456	125.7026	12.3230
PPu	120849	120302	128.7444	15.0286	126.1865	12.4400
PPu	120849	120302	129.0644	15.4116	126.6671	12.5714
PPu	120849	120302	129.3845	15.7946	127.1210	12.7691
PPu	120849	120302	129.7045	16.1776	127.5355	13.0432
PPu	120849	120302	130.0895	16.4939	127.8894	13.3944
PPu	120849	120302	130.5315	16.7193	128.2656	13.7201
PPu	120849	120302	130.9889	16.9190	128.6716	14.0084
PPu	120849	120302	131.4692	17.0354	129.0608	14.3193
PPu	120849	120302	131.9644	17.0977	129.4820	14.5862
PPu	120849	120302	132.4596	17.1601	129.9252	14.8126
PPu	120849	120302	132.9471	17.2477	130.3665	15.0425
PPu	120849	120302	133.3930	17.4720	130.7771	15.3239
PPu	120849	120302	133.8370	17.6986	131.2009	15.5830
PPu	120849	120302	134.1567	18.0819	131.5794	15.9067
PPu	120849	120302	134.4185	18.5033	131.9015	16.2861
PPu	120849	120302	134.6446	18.9483	132.2292	16.6618
PPu	120849	120302	134.8707	19.3932	132.5720	17.0231
PPu	120849	120302	135.0968	19.8382	132.9554	17.3425
PPu	120849	120302	135.4107	20.2225	133.3540	17.6429
PPu	120849	120302	135.7469	20.5913	133.8029	17.8547
PPu	120849	120302	136.1332	20.8978	134.2758	18.0139
PPu	120849	120302	136.5666	21.1453	134.7547	18.1544
PPu	120849	120302	137.0000	21.3929	135.2359	18.2860
PPu	120849	120302	137.4410	21.6249	135.7106	18.4398
PPu	120849	120302	137.9014	21.8176	136.1785	18.6094
PPu	120849	120302	138.3618	22.0104	136.6216	18.8230
PPu	120849	120302	138.7951	22.2494	137.0333	19.0935
PPu	120849	120302	139.1890	22.5560	137.4496	19.3656
PPu	120849	120302	139.5828	22.8626	137.8417	19.6702
PPu	120849	120302	139.9766	23.1692	138.2870	19.8923
PPu	120849	120302	140.3813	23.4585	138.7164	20.1425
PPu	120849	120302	140.8291	23.6789	139.1839	20.3015
PPu	120849	120302	141.2466	23.9496	139.6758	20.3855
PPu	120849	120302	141.6638	24.2192	140.1588	20.5074
PPu	120849	120302	142.1260	24.4075	140.6112	20.7171
PPu	120849	120302	142.5882	24.5958	141.0763	20.8973
PPu	120627	120122	165.3558	10.8388	167.9933	9.9887
PPu	120627	120122	165.7619	10.8528	168.3994	9.9756
PPu	120627	120122	166.1680	10.8669	168.8055	9.9624
PPu	120627	120122	166.5741	10.8809	169.2116	9.9493
PPu	120627	120122	166.9802	10.8949	169.6177	9.9361
OMu	120614	120109	93.3943	3.6515	83.7204	2.3752
OMu	120614	120109	93.8364	3.5061	84.2015	2.3896
OMu	120614	120109	94.2989	3.4623	84.6823	2.4128
OMu	120614	120109	94.7628	3.4254	85.1629	2.4389
OMu	120614	120109	95.2268	3.3931	85.6439	2.4591
OMu	120614	120109	95.6918	3.4098	86.1246	2.4845
OMu	120614	120109	96.1569	3.4266	86.6051	2.5121
OMu	120614	120109	96.6219	3.4434	87.0844	2.5532
OMu	120614	120109	97.0870	3.4602	87.5621	2.6027
OMu	120614	120109	97.5520	3.4770	88.0428	2.6286
OMu	120614	120109	98.0171	3.4937	88.5231	2.6603
OMu	120614	120109	98.4822	3.5105	89.0031	2.6962
OMu	120614	120109	98.9437	3.5699	89.4831	2.7327
OMu	120614	120109	99.4051	3.6301	89.9630	2.7699
OMu	120614	120109	99.8666	3.6904	90.4429	2.8068
OMu	120614	120109	100.3122	3.6057	90.9238	2.7997
OMu	120614	120109	100.7775	3.6104	91.4049	2.7820
OMu	120614	120109	101.2428	3.6152	91.8859	2.7650
OMu	120614	120109	101.7082	3.6199	92.3666	2.7394
OMu	120614	120109	102.1735	3.6247	92.8464	2.7027
OMu	120614	120109	102.6251	3.5286	93.3241	2.6436
OMu	120614	120109	103.0754	3.6463	93.8027	2.5950
OMu	120842	120124	103.1617	3.5928	96.4856	0.3282
OMu	120842	120124	103.6461	3.6225	96.9417	0.1621
OMu	120842	120124	104.1111	3.4978	97.3893	-0.0249
OMu	120842	120124	104.5866	3.5199	97.8206	-0.2470
OMu	120842	120124	104.9784	3.7826	98.2866	-0.3663
OMu	120842	120124	105.3589	4.0807	98.7395	-0.2128
OMu	120842	120124	105.7923	4.2951	99.1951	-0.0457
OMu	120842	120124	106.2523	4.4501	99.6565	0.1048
OMu	120842	120124	106.7122	4.6050	100.1253	0.2289
OMu	120842	120124	107.1722	4.7599	100.6045	0.3059
OMu	120842	120124	107.6322	4.9148	101.0721	0.4342
OMu	120842	120124	108.1088	4.9876	101.5428	0.5516
OMu	120842	120124	108.5928	5.0242	102.0209	0.6352
OMu	120842	120124	109.0767	5.0608	102.5002	0.7117
OMu	120842	120124	109.5607	5.0445	102.9802	0.7837
OMu	120842	120124	110.0447	5.0078	103.4587	0.8640
OMu	120842	120124	110.5286	4.9711	103.9334	0.9654
OMu	120842	120124	111.0126	4.9344	104.4084	1.0645
OMu	120842	120124	111.4907	4.9710	104.8819	1.1704
OMu	120842	120124	111.9543	5.0976	105.3507	1.2963
OMu	120842	120124	112.2530	5.4801	105.8127	1.4445
OMu	120842	120124	112.5518	5.8626	106.2637	1.6220
OMu	120842	120124	112.9220	6.1552	106.7251	1.7688
OMu	120842	120124	113.3376	6.3984	107.1995	1.8710
OMu	120842	120124	113.7109	6.7086	107.6755	1.9652
OMu	120842	120124	114.0843	7.0187	108.1476	2.0776
OMu	120842	120124	114.4473	7.3400	108.6216	2.1819
OMu	120842	120124	114.7836	7.6899	109.0973	2.2782
OMu	120842	120124	115.0800	8.0703	109.5779	2.3460
OMu	120842	120124	115.3287	8.4871	110.0592	2.4089
OMu	120842	120124	115.5774	8.9039	110.5409	2.4684
OMu	120842	120124	115.8421	9.3097	111.0241	2.5102
OMu	120851	120274	115.9326	8.0325	112.6555	6.7231
OMu	120851	120274	116.2803	8.3821	113.0250	7.0493
OMu	120851	120274	116.6584	8.6979	113.3911	7.3796
OMu	120851	120274	117.0420	9.0077	113.7570	7.7101
OMu	120851	120274	117.4256	9.3174	114.1237	8.0397
OMu	120851	120274	117.8092	9.6272	114.4841	8.3762
OMu	120851	120274	118.1928	9.9369	114.8477	8.7091
OMu	120851	120274	118.6339	10.1451	115.2646	8.9671
OMu	120851	120274	119.0970	10.3143	115.7038	9.1912
OMu	120851	120274	119.5601	10.4834	116.1404	9.4201
OMu	120851	120274	120.0372	10.5450	116.5963	9.5894
OMu	120851	120274	120.5282	10.5000	117.0862	9.6423
OMu	120851	120274	120.9775	10.3063	117.5786	9.6665
OMu	120851	120274	121.4432	10.1482	118.0713	9.6816
OMu	120851	120274	121.9160	10.0085	118.5634	9.6516
OMu	120851	120274	122.3889	9.8688	119.0552	9.6175
OMu	120851	120274	122.8700	9.7836	119.5472	9.6101
OMu	120851	120274	123.3630	9.7769	120.0397	9.6320
OMu	120851	120274	123.8560	9.7701	120.5326	9.6261
OMu	120851	120274	124.3401	9.8480	121.0252	9.6051
OMu	120851	120274	124.7504	10.0895	121.5181	9.5944
OMu	120851	120274	125.1472	10.3786	122.0110	9.5827
OMu	120851	120274	125.5646	10.6411	122.5039	9.5709
OMu	120851	120274	125.9820	10.9035	122.9949	9.5839
OMu	120851	120274	126.3562	11.2238	123.4702	9.7124
OMu	120851	120274	126.7286	11.5464	123.9329	9.8763
OMu	120851	120274	127.1719	11.7621	124.3615	10.1146
OMu	120851	120274	127.6153	11.9779	124.8131	10.3116
OMu	120851	120274	128.0586	12.1936	125.2616	10.5157
OMu	120851	120274	128.5020	12.4093	125.7417	10.6183
OMu	120851	120274	128.9453	12.6251	126.2305	10.6803
OMu	120851	120274	129.2898	12.9683	126.7224	10.7010
OMu	120851	120274	129.6090	13.3440	127.1985	10.8242
OMu	120851	120274	129.9282	13.7198	127.6669	10.9754
OMu	120851	120274	130.2475	14.0955	128.1230	11.1522
OMu	120851	120274	130.5667	14.4713	128.5434	11.4063
OMu	120851	120274	130.9134	14.8190	128.9061	11.7394
OMu	120851	120274	131.3091	15.1087	129.2672	12.0720
OMu	120851	120274	131.7561	15.3168	129.6596	12.3689
OMu	120851	120274	132.2061	15.5158	130.0412	12.6798
OMu	120851	120274	132.6895	15.6127	130.4357	12.9732
OMu	120851	120274	133.1729	15.7096	130.8541	13.2324
OMu	120851	120274	133.6563	15.8065	131.2925	13.4554
OMu	120851	120274	134.1058	15.9960	131.6889	13.7469
OMu	120851	120274	134.5372	16.2348	132.1097	14.0023
OMu	120851	120274	134.9211	16.5319	132.4901	14.3134
OMu	120851	120274	135.2323	16.9125	132.8165	14.6815
OMu	120851	120274	135.4501	17.3548	133.1212	15.0687
OMu	120851	120274	135.6679	17.7971	133.4425	15.4415
OMu	120851	120274	135.8858	18.2394	133.8331	15.7379
OMu	120851	120274	136.1561	18.6470	134.2543	15.9939
OMu	120851	120274	136.4882	19.0103	134.6963	16.2091
OMu	120851	120274	136.8598	19.3344	135.1746	16.3286
OMu	120851	120274	137.2901	19.5710	135.6551	16.4388
OMu	120851	120274	137.7305	19.7926	136.1405	16.5249
OMu	120851	120274	138.1710	20.0143	136.6238	16.6215
OMu	120851	120274	138.6114	20.2359	137.1063	16.7227
OMu	120852	120256	121.9584	7.2655	119.0286	6.9668
OMu	120852	120256	122.4136	7.0970	119.5084	6.8820
OMu	120852	120256	122.8902	7.0360	119.9881	6.7970
OMu	120852	120256	123.3461	6.8641	120.4633	6.6903
OMu	120852	120256	123.8176	6.7451	120.9349	6.5680
OMu	120852	120256	124.2936	6.6414	121.4099	6.4673
OMu	120852	120256	124.7781	6.6667	121.8960	6.4348
OMu	120852	120256	125.2637	6.7070	122.3819	6.3992
OMu	120852	120256	125.7492	6.7473	122.8658	6.3437
OMu	120852	120256	126.2347	6.7877	123.3471	6.2685
OMu	120852	120256	126.7090	6.8988	123.8293	6.1991
OMu	120852	120256	127.1831	7.0111	124.3114	6.1287
OMu	120852	120256	127.6571	7.1234	124.7923	6.0506
OMu	120852	120256	128.1312	7.2357	125.2733	5.9732
OMu	120852	120256	128.6053	7.3481	125.7592	5.9440
OMu	120681	120176	140.2829	-0.4010	142.9205	0.2446
OMu	120681	120176	140.5431	-0.5495	143.1286	0.0226
OMu	120681	120176	140.9222	-0.2854	143.5216	0.1962
OMu	120681	120176	141.2954	-0.0097	143.9048	0.3956
OMu	120681	120176	141.6686	0.2659	144.2854	0.5998
OMu	120681	120176	142.0418	0.5416	144.6683	0.7994
OMu	120681	120176	142.4150	0.8173	145.0567	0.9885
OMu	120681	120176	142.7882	1.0930	145.4257	1.2120
OMu	120652+120621	120147+120116	160.6353	0.3590	163.2727	-0.2148
OMu	120652+120621	120147+120116	160.9906	0.0334	163.6329	-0.5349
OMu	120652+120621	120147+120116	161.4010	-0.2019	164.0329	-0.7912
OMu	120652+120621	120147+120116	161.8698	-0.2880	164.4950	-0.9162
OMu	120652+120621	120147+120116	162.2685	-0.0738	164.9070	-0.7305
OMu	120652+120621	120147+120116	162.6320	0.2426	165.2770	-0.4217
OMu	120652+120621	120147+120116	162.9956	0.5590	165.6463	-0.1121
OMu	120652+120621	120147+120116	163.3591	0.8754	166.0268	0.1833
OMu	120652+120621	120147+120116	163.7773	1.1132	166.4635	0.3816
OMu	120652+120621	120147+120116	164.2171	1.3101	166.9116	0.5582
OMu	120652+120621	120147+120116	164.6577	1.5056	167.3625	0.7284
OMu	120652+120621	120147+120116	165.0982	1.7011	167.8135	0.8983
OMu	120652+120621	120147+120116	165.5387	1.8966	168.2646	1.0681
OMu	120652+120621	120147+120116	165.9792	2.0921	168.7156	1.2380
OMu	120652+120621	120147+120116	166.4198	2.2876	169.1667	1.4077
OMu	120652+120621	120147+120116	166.8603	2.4831	169.6177	1.5776
OMu	120626	120121	164.2463	9.4215	166.8838	8.6457
OMu	120626	120121	164.7020	9.4400	167.3392	8.6471
OMu	120626	120121	165.1576	9.4585	167.7949	8.6326
OMu	120626	120121	165.6133	9.4769	168.2506	8.6178
OMu	120626	120121	166.0689	9.4954	168.7063	8.6030
OMu	120626	120121	166.5246	9.5139	169.1620	8.5883
OMu	120626	120121	166.9802	9.5323	169.6177	8.5735
TsO	120819	120315	127.1239	0.2690	129.7613	3.2908
TsO	120819	120315	127.6075	0.4002	130.2299	3.3984
TsO	120819	120315	128.0912	0.5315	130.7034	3.4806
TsO	120819	120315	128.5754	0.6598	131.1785	3.5539
TsO	120819	120315	129.0705	0.7379	131.6589	3.5506
TsO	120819	120315	129.5553	0.8574	132.1359	3.6047
TsO	120819	120315	130.0299	1.0185	132.6013	3.7240
TsO	120819	120315	130.5044	1.1795	133.0733	3.8117
TsO	120819	120315	130.9790	1.3405	133.5452	3.9012
TsO	120819	120315	131.4412	1.5312	134.0045	4.0313
TsO	120819	120315	131.8944	1.7432	134.4606	4.1807
TsO	120819	120315	132.3745	1.8870	134.9354	4.2517
TsO	120819	120315	132.8545	2.0307	135.4111	4.3155
TsO	120819	120315	133.3142	2.2238	135.8778	4.4302
TsO	120819	120315	133.7556	2.4611	136.3417	4.5566
TsO	120819	120315	134.2065	2.6778	136.8063	4.6665
TsO	120819	120315	134.6738	2.8590	137.2856	4.6992
TsO	120819	120315	135.1410	3.0401	137.7569	4.7940
TsO	120819	120315	135.6123	3.2103	138.2331	4.8561
TsO	120819	120315	136.0853	3.3761	138.7111	4.9074
TsO	120819	120315	136.5582	3.5419	139.1864	4.9750
TsO	120819	120315	137.0311	3.7077	139.6589	5.0626
TsO	120819	120315	137.5041	3.8734	140.1359	5.1211
TsO	120819	120315	137.9770	4.0392	140.6144	5.1654
TsO	120634	120129	137.6376	1.9789	140.2751	3.1814
TsO	120634	120129	138.1153	2.0685	140.7542	3.1766
TsO	120634	120129	138.5930	2.1581	141.2331	3.1591
TsO	120634	120129	139.0707	2.2477	141.7120	3.1423
TsO	120634	120129	139.5517	2.3161	142.1900	3.1098
TsO	120634	120129	140.0341	2.3760	142.6678	3.0734
TsO	120634	120129	140.5165	2.4358	143.1456	3.0363
TsO	120634	120129	140.9988	2.4956	143.6232	2.9983
TsO	120634	120129	141.4812	2.5555	144.0998	2.9479
TsO	120634	120129	141.9635	2.6153	144.5761	2.8955
TsO	120634	120129	142.4459	2.6751	145.0535	2.8544
TsO	120634	120129	142.9282	2.7350	145.5315	2.8218
TsO	120634	120129	143.4045	2.8301	146.0105	2.8103
TsO	120634	120129	143.8656	2.9768	146.4853	2.8611
TsO	120634	120129	144.3122	3.1686	146.9497	2.9674
TsO	120686	120181	143.5206	2.2267	146.1581	2.1918
TsO	120686	120181	143.9868	2.3441	146.6312	2.2095
TsO	120686	120181	144.4387	2.5067	147.0965	2.2902
TsO	120686	120181	144.8874	2.6792	147.5563	2.3965
TsO	120686	120181	145.3361	2.8517	148.0258	2.4571
TsO	120686	120181	145.7922	2.9995	148.4970	2.4954
TsO	120686	120181	146.2628	3.0977	148.9703	2.4880
TsO	120686	120181	146.7406	3.0802	149.4434	2.4737
TsO	120686	120181	147.2197	3.0410	149.9155	2.4383
TsO	120686	120181	147.6989	3.0017	150.3863	2.3887
TsO	120686	120181	148.1780	2.9625	150.8587	2.3579
TsO	120686	120181	148.6581	2.9524	151.3320	2.3542
TsO	120686	120181	149.1388	2.9616	151.8053	2.3577
TsO	120686	120181	149.6194	2.9707	152.2787	2.3652
TsO	120686	120181	150.1001	2.9799	152.7520	2.3741
TsO	120686	120181	150.5808	2.9891	153.2254	2.3828
TsO	120686	120181	151.0614	2.9983	153.6988	2.3890
TsO	120631	120126	150.4171	2.4980	153.0546	1.8957
TsO	120631	120126	150.8964	2.5008	153.5343	1.8957
TsO	120631	120126	151.3756	2.5036	154.0140	1.8941
TsO	120631	120126	151.8549	2.5064	154.4936	1.8907
TsO	120631	120126	152.3332	2.5286	154.9726	1.9061
TsO	120631	120126	152.8106	2.5704	155.4507	1.9445
TsO	120631	120126	153.2881	2.6121	155.9289	1.9826
TsO	120631	120126	153.7655	2.6539	156.4065	2.0265
TsO	120631	120126	154.2436	2.6846	156.8850	2.0586
TsO	120631	120126	154.7226	2.7006	157.3645	2.0732
TsO	120631	120126	155.2016	2.7166	157.8440	2.0846
TsO	120631	120126	155.6805	2.7326	158.3230	2.1107
TsO	120631	120126	156.1595	2.7486	158.8020	2.1357
TsO	120631	120126	156.6320	2.7934	159.2764	2.1807
TsO	120631	120126	157.0711	2.9854	159.7140	2.3770
TsO	120631	120126	157.5102	3.1775	160.1506	2.5755
TsO	120631	120126	157.9493	3.3695	160.5881	2.7723
TsO	120631	120126	158.3884	3.5616	161.0257	2.9688
ZYp	120763	120258	90.4936	-6.3195	80.5936	-8.1642
ZYp	120763	120258	90.9647	-6.4379	81.0838	-8.1369
ZYp	120763	120258	91.4358	-6.5564	81.5750	-8.1289
ZYp	120763	120258	91.9069	-6.6748	82.0661	-8.1157
ZYp	120763	120258	92.3780	-6.7932	82.5570	-8.0954
ZYp	120763	120258	92.8491	-6.9116	83.0480	-8.0804
ZYp	120763	120258	93.3122	-7.0546	83.5392	-8.0698
ZYp	120763	120258	93.7634	-7.2346	84.0302	-8.0538
ZYp	120763	120258	94.2187	-7.3990	84.5213	-8.0379
ZYp	120763	120258	94.6998	-7.4661	85.0120	-8.0166
ZYp	120763	120258	95.1809	-7.5332	85.5032	-8.0097
ZYp	120763	120258	95.6640	-7.5769	85.9945	-8.0081
ZYp	120763	120258	96.1496	-7.5899	86.4858	-8.0045
ZYp	120763	120258	96.6351	-7.6028	86.9749	-7.9654
ZYp	120763	120258	97.1157	-7.5512	87.4596	-7.8869
ZYp	120763	120258	97.5934	-7.4630	87.9436	-7.8029
ZYp	120763	120258	98.0710	-7.3747	88.4273	-7.7168
ZYp	120763	120258	98.5487	-7.2864	88.9112	-7.6316
ZYp	120763	120258	99.0264	-7.1982	89.3952	-7.5473
ZYp	120763	120258	99.5041	-7.1099	89.8800	-7.4681
ZYp	120763	120258	99.9476	-6.9211	90.3646	-7.3901
ZYp	120763	120258	100.3806	-6.7008	90.8392	-7.2632
ZYp	120763	120258	100.8135	-6.4805	91.3128	-7.1327
ZYp	120763	120258	101.2465	-6.2602	91.7824	-6.9884
ZYp	120763	120258	101.6794	-6.0399	92.2490	-6.8346
ZYp	120763	120258	102.1124	-5.8196	92.7161	-6.6822
ZYp	120763	120258	102.5773	-5.6898	93.1723	-6.5037
ZYp	120763	120258	103.0036	-5.4607	93.6072	-6.2773
ZYp	120717	120212	102.6079	-5.7139	95.5912	-5.5606
ZYp	120717	120212	103.0685	-5.5796	96.0459	-5.3732
ZYp	120717	120212	103.5435	-5.5219	96.5192	-5.2401
ZYp	120717	120212	104.0206	-5.5503	97.0043	-5.1559
ZYp	120717	120212	104.4973	-5.6047	97.4940	-5.1144
ZYp	120717	120212	104.9740	-5.6591	97.9856	-5.1099
ZYp	120717	120212	105.4500	-5.7153	98.4738	-5.0473
ZYp	120717	120212	105.8925	-5.7362	98.9509	-4.9250
ZYp	120717	120212	106.3632	-5.6455	99.4339	-4.8320
ZYp	120717	120212	106.8429	-5.6370	99.9245	-4.7886
ZYp	120717	120212	107.3162	-5.5922	100.4134	-4.7301
ZYp	120717	120212	107.7693	-5.4345	100.9015	-4.6727
ZYp	120717	120212	108.1981	-5.2267	101.3769	-4.5439
ZYp	120717	120212	108.6020	-4.9677	101.8637	-4.4758
ZYp	120641	120136	109.6844	-9.2847	109.7410	-7.4303
ZYp	120641	120136	110.1309	-9.1794	110.1879	-7.3266
ZYp	120641	120136	110.5774	-9.0740	110.6365	-7.2313
ZYp	120641	120136	111.0239	-8.9687	111.0918	-7.1777
ZYp	120641	120136	111.4604	-8.8317	111.5500	-7.1540
ZYp	120641	120136	111.8862	-8.6610	112.0081	-7.1304
ZYp	120641	120136	112.3310	-8.5729	112.4662	-7.1054
ZYp	120641	120136	112.7886	-8.5410	112.9222	-7.1302
ZYp	120641	120136	113.2465	-8.5533	113.3768	-7.1915
ZYp	120641	120136	113.7043	-8.5815	113.8294	-7.2659
ZYp	120708	120203	140.9843	-5.3485	143.6217	-4.8502
ZYp	120708	120203	141.4603	-5.1917	144.1159	-4.7884
ZYp	120708	120203	141.9364	-5.0349	144.6100	-4.7266
ZYp	120708	120203	142.4125	-4.8782	145.1042	-4.6647
ZYp	120708	120203	142.8885	-4.7214	145.5984	-4.6029
ZYp	120708	120203	143.3705	-4.5904	146.0952	-4.5964
ZYp	120708	120203	143.8674	-4.5253	146.5923	-4.6265
ZYp	120708	120203	144.3644	-4.4602	147.0894	-4.6576
ZYp	120708	120203	144.8614	-4.3951	147.5863	-4.6905
ZYp	120708	120203	145.3583	-4.3300	148.0828	-4.7297
ZYp	120708	120203	145.8553	-4.2650	148.5779	-4.7830
ZYp	120708	120203	146.3525	-4.2072	149.0728	-4.8390
ZYp	120708	120203	146.8522	-4.2453	149.5697	-4.8719
ZYp	120708	120203	147.3520	-4.2834	150.0669	-4.8996
ZYp	120708	120203	147.8518	-4.3215	150.5642	-4.9263
ZYp	120708	120203	148.3515	-4.3596	151.0615	-4.9526
ZYp	120708	120203	148.8513	-4.3977	151.5589	-4.9791
ZYp	120708	120203	149.3510	-4.4358	152.0562	-5.0054
ZYp	120708	120203	149.8508	-4.4740	152.5534	-5.0340
ZYp	120708	120203	150.3506	-4.5121	153.0490	-5.0828
ZYp	120708	120203	150.8503	-4.5502	153.5446	-5.1319
ZYp	120708	120203	151.3501	-4.5883	154.0402	-5.1810
ZYp	120708	120203	151.8498	-4.6264	154.5358	-5.2301
ZYp	120708	120203	152.3496	-4.6645	155.0314	-5.2791
ZYp	120708	120203	152.8494	-4.7026	155.5270	-5.3282
ZYp	120708	120203	153.3491	-4.7407	156.0226	-5.3773
ZYp	120708	120203	153.8472	-4.7962	156.5182	-5.4264
ZYp	120708	120203	154.3451	-4.8539	157.0138	-5.4755
ZYp	120708	120203	154.8430	-4.9116	157.5094	-5.5246
ZYp	120708	120203	155.3409	-4.9693	158.0048	-5.5746
ZYp	120708	120203	155.8388	-5.0269	158.5002	-5.6258
ZYp	120708	120203	156.3366	-5.0846	158.9955	-5.6779
ZYp	120708	120203	156.8341	-5.1179	159.4870	-5.7255
ZYp	120708	120203	157.3294	-5.0416	159.9778	-5.6411
ZYp	120708	120203	157.8248	-4.9653	160.4686	-5.5570
ZYp	120708	120203	158.3231	-4.9377	160.9643	-5.5164
ZYp	120708	120203	158.8241	-4.9538	161.4615	-5.5429
Xmi	120770	120265	87.1758	-12.2435	79.6554	-12.2963
Xmi	120770	120265	87.6701	-12.1781	80.1448	-12.2043
Xmi	120770	120265	88.1643	-12.1127	80.6410	-12.1642
Xmi	120770	120265	88.6585	-12.0472	81.1358	-12.1096
Xmi	120770	120265	89.1527	-11.9818	81.6280	-12.0341
Xmi	120770	120265	89.6469	-11.9164	82.1202	-11.9587
Xmi	120770	120265	90.1411	-11.8509	82.6134	-11.8893
Xmi	120770	120265	90.6354	-11.7855	83.1076	-11.8283
Xmi	120770	120265	91.1296	-11.7201	83.6024	-11.7718
Xmi	120770	120265	91.6267	-11.6923	84.0991	-11.7473
Xmi	120770	120265	92.1251	-11.6807	84.5970	-11.7401
Xmi	120770	120265	92.6235	-11.6691	85.0948	-11.7250
Xmi	120770	120265	93.1219	-11.6576	85.5924	-11.7073
Xmi	120770	120265	93.6187	-11.6892	86.0903	-11.6949
Xmi	120770	120265	94.1149	-11.7372	86.5881	-11.6815
Xmi	120770	120265	94.6111	-11.7851	87.0859	-11.6693
Xmi	120770	120265	95.1074	-11.8331	87.5835	-11.6533
Xmi	120770	120265	95.6036	-11.8811	88.0814	-11.6521
Xmi	120770	120265	96.0998	-11.9291	88.5794	-11.6538
Xmi	120769	120264	88.8962	-14.6882	84.7380	-12.4805
Xmi	120769	120264	89.3689	-14.6452	85.2334	-12.4451
Xmi	120769	120264	89.8415	-14.6022	85.7284	-12.4052
Xmi	120769	120264	90.3141	-14.5591	86.2234	-12.3649
Xmi	120769	120264	90.7868	-14.5161	86.7183	-12.3238
Xmi	120769	120264	91.2594	-14.4731	87.2130	-12.2803
Xmi	120769	120264	91.7320	-14.4300	87.7065	-12.2248
Xmi	120769	120264	92.2047	-14.3870	88.1991	-12.1617
Xmi	120769	120264	92.6773	-14.3440	88.6912	-12.0949
Xmi	120769	120264	93.1499	-14.3009	89.1832	-12.0275
Xmi	120769	120264	93.6225	-14.2579	89.6745	-11.9549
Xmi	120769	120264	94.0952	-14.2149	90.1674	-11.8937
Xmi	120769	120264	94.5652	-14.1527	90.6594	-11.8261
Xmi	120769	120264	95.0317	-14.0657	91.1512	-11.7570
Xmi	120769	120264	95.4983	-13.9788	91.6418	-11.6800
Xmi	120769	120264	95.9648	-13.8918	92.1318	-11.5991
Xmi	120769	120264	96.4314	-13.8048	92.6208	-11.5129
Xmi	120769	120264	96.8979	-13.7179	93.1066	-11.4116
Xmi	120769	120264	97.3645	-13.6309	93.5785	-11.2567
Xmi	120769	120264	97.8310	-13.5440	94.0516	-11.1060
Xmi	120769	120264	98.2976	-13.4570	94.5309	-10.9761
Xmi	120769	120264	98.7641	-13.3701	95.0073	-10.8357
Xmi	120769	120264	99.2257	-13.2651	95.4842	-10.6972
Xmi	120769	120264	99.6709	-13.1006	95.9535	-10.5384
Xmi	120769	120264	100.0796	-12.8607	96.3921	-10.3070
Xmi	120769	120264	100.4848	-12.6137	96.8435	-10.1007
Xmi	120769	120264	100.9215	-12.4357	97.3250	-9.9796
Xmi	120769	120264	101.3833	-12.3293	97.8199	-9.9418
Xmi	120769	120264	101.8493	-12.2393	98.3055	-9.8407
Xmi	120769	120264	102.3153	-12.1494	98.7749	-9.6808
Xmi	120769	120264	102.7826	-12.0678	99.2499	-9.5401
Xmi	120769	120264	103.2534	-12.0077	99.7330	-9.4255
Xmi	120769	120264	103.7241	-11.9476	100.2094	-9.2851
Xmi	120769	120264	104.1949	-11.8875	100.6831	-9.1363
Xmi	120769	120264	104.6600	-11.7970	101.1365	-8.9343
Xmi	120769	120264	105.1212	-11.6848	101.5981	-8.7517
Xmi	120769	120264	105.5905	-11.6193	102.0810	-8.6356
Xmi	120769	120264	106.0623	-11.5677	102.5656	-8.5270
Xmi	120769	120264	106.5341	-11.5162	103.0528	-8.4310
Xmi	120769	120264	107.0052	-11.4609	103.5421	-8.3465
Xmi	120769	120264	107.4635	-11.3379	104.0301	-8.2544
Xmi	120769	120264	107.9219	-11.2148	104.5180	-8.1616
Xmi	120769	120264	108.3802	-11.0917	105.0036	-8.0582
Xmi	120769	120264	108.8385	-10.9686	105.4865	-7.9423
Xmi	120769	120264	109.2969	-10.8455	105.9728	-7.8413
Xmi	120769	120264	109.7562	-10.7268	106.4592	-7.7413
Xmi	120769	120264	110.2256	-10.6573	106.9457	-7.6414
Xmi	120769	120264	110.6951	-10.5879	107.4323	-7.5421
Xmi	120769	120264	111.1337	-10.4360	107.9169	-7.4335
Xmi	120769	120264	111.5335	-10.1802	108.3986	-7.3130
Xmi	120769	120264	111.9332	-9.9243	108.8802	-7.1915
Xmi	120768	120263	112.6522	-10.1346	115.3311	-6.1802
Xmi	120768	120263	113.1176	-10.1806	115.7945	-6.2067
Xmi	120768	120263	113.5787	-10.2455	116.2555	-6.2560
Xmi	120768	120263	114.0194	-10.4018	116.7056	-6.3695
Xmi	120768	120263	114.4601	-10.5581	117.1462	-6.5149
Xmi	120768	120263	114.9008	-10.7144	117.5812	-6.6770
Xmi	120768	120263	115.3416	-10.8707	118.0150	-6.8423
Xmi	120768	120263	115.7823	-11.0270	118.4479	-7.0098
Xmi	120768	120263	116.2230	-11.1833	118.8805	-7.1782
Xmi	120768	120263	116.6637	-11.3395	119.3134	-7.3458
Xmi	120768	120263	117.1044	-11.4958	119.7477	-7.5099
Xmi	120768	120263	117.5452	-11.6521	120.1827	-7.6719
Xmi	120716	120211	117.1524	-11.7363	119.7919	-7.7623
Xmi	120716	120211	117.6538	-11.7405	120.2866	-7.7504
Xmi	120716	120211	118.1553	-11.7446	120.7814	-7.7383
Xmi	120716	120211	118.6567	-11.7488	121.2762	-7.7263
Xmi	120716	120211	119.1581	-11.7530	121.7710	-7.7142
Xmi	120716	120211	119.6595	-11.7572	122.2658	-7.7038
Xmi	120716	120211	120.1609	-11.7614	122.7606	-7.7042
Xmi	120716	120211	120.6623	-11.7656	123.2554	-7.7152
Xmi	120716	120211	121.1637	-11.7698	123.7502	-7.7265
Xmi	120716	120211	121.6651	-11.7740	124.2450	-7.7348
Xmi	120716	120211	122.1655	-11.7610	124.7399	-7.7329
Xmi	120716	120211	122.6631	-11.6991	125.2347	-7.7221
Xmi	120716	120211	123.1607	-11.6371	125.7296	-7.7192
Xmi	120716	120211	123.6518	-11.5424	126.2246	-7.7169
Xmi	120716	120211	124.1357	-11.4108	126.7195	-7.7146
Xmi	120716	120211	124.6195	-11.2792	127.2144	-7.7123
Xmi	120716	120211	125.1034	-11.1477	127.7093	-7.7099
Xmi	120716	120211	125.5872	-11.0161	128.2042	-7.7084
Xmi	120716	120211	126.0711	-10.8846	128.6991	-7.7077
Xmi	120716	120211	126.5558	-10.7582	129.1941	-7.7070
Xmi	120716	120211	127.0564	-10.7291	129.6890	-7.7066
Xmi	120716	120211	127.5570	-10.7001	130.1839	-7.7073
Xmi	120716	120211	128.0568	-10.6623	130.6786	-7.6948
Xmi	120716	120211	128.5545	-10.6016	131.1735	-7.6962
Xmi	120716	120211	129.0522	-10.5409	131.6683	-7.7029
Xmi	120716	120211	129.5500	-10.4802	132.1632	-7.7095
Xmi	120716	120211	130.0477	-10.4195	132.6581	-7.7166
Xmi	120716	120211	130.5455	-10.3588	133.1529	-7.7244
Xmi	120716	120211	131.0432	-10.2981	133.6478	-7.7322
Xmi	120716	120211	131.5409	-10.2374	134.1427	-7.7396
Xmi	120716	120211	132.0344	-10.1492	134.6372	-7.7270
Xmi	120716	120211	132.5268	-10.0546	135.1312	-7.6955
Xmi	120716	120211	133.0192	-9.9599	135.6251	-7.6640
Xmi	120716	120211	133.5011	-9.8229	136.1190	-7.6325
Xmi	120716	120211	133.9806	-9.6764	136.6129	-7.6009
Xmi	120716	120211	134.4602	-9.5299	137.1070	-7.5745
Xmi	120716	120211	134.9397	-9.3833	137.6019	-7.5710
Xmi	120716	120211	135.4277	-9.2683	138.0968	-7.5663
Xmi	120716	120211	135.9162	-9.1551	138.5917	-7.5625
Xmi	120716	120211	136.4047	-9.0420	139.0866	-7.5595
Xmi	120716	120211	136.8932	-8.9289	139.5816	-7.5565
Xmi	120716	120211	137.3817	-8.8158	140.0764	-7.5573
Xmi	120716	120211	137.8785	-8.7490	140.5696	-7.5979
Xmi	120716	120211	138.3758	-8.6850	141.0622	-7.6454
Xmi	120716	120211	138.8732	-8.6211	141.5549	-7.6930
Xmi	120716	120211	139.3705	-8.5571	142.0475	-7.7405
Xmi	120716	120211	139.8678	-8.4932	142.5401	-7.7881
Xmi	120716	120211	140.3652	-8.4292	143.0328	-7.8353
Xmi	120716	120211	140.8625	-8.3653	143.5258	-7.8780
Xmi	120716	120211	141.3598	-8.3013	144.0194	-7.9132
Xmi	120716	120211	141.8571	-8.2374	144.5131	-7.9485
Xmi	120716	120211	142.3545	-8.1735	145.0068	-7.9838
Xmi	120716	120211	142.8518	-8.1095	145.5004	-8.0190
Xmi	120716	120211	143.3491	-8.0456	145.9941	-8.0543
Xmi	120716	120211	143.8465	-7.9816	146.4878	-8.0896
Xmi	120716	120211	144.3438	-7.9177	146.9813	-8.1256
Xmi	120702	120197	144.4438	-7.6543	147.0813	-7.8833
Xmi	120702	120197	144.9343	-7.6395	147.5700	-7.9580
Xmi	120702	120197	145.4247	-7.6246	148.0578	-8.0385
Xmi	120702	120197	145.9152	-7.6098	148.5433	-8.1321
Xmi	120702	120197	146.4049	-7.6066	149.0278	-8.2308
Xmi	120702	120197	146.8892	-7.6856	149.5162	-8.3071
Xmi	120702	120197	147.3735	-7.7646	150.0057	-8.3770
Xmi	120702	120197	147.8578	-7.8437	150.4952	-8.4461
Xmi	120700	120195	148.0170	-7.2765	150.6545	-7.8765
Xmi	120700	120195	148.4779	-7.2797	151.1154	-7.8808
Xmi	120700	120195	148.9388	-7.2828	151.5763	-7.8852
Xmi	120700	120195	149.3997	-7.2860	152.0372	-7.8894
Xmi	120700	120195	149.8606	-7.2891	152.4980	-7.8943
Xmi	120700	120195	150.3215	-7.2923	152.9589	-7.9002
Xmi	120700	120195	150.7824	-7.2954	153.4198	-7.9061
Xmi	120700	120195	151.2433	-7.2986	153.8807	-7.9120
Xmi	120700	120195	151.7042	-7.3017	154.3415	-7.9178
Xmi	120699	120194	151.8731	-6.5557	154.5106	-7.1736
Xmi	120699	120194	152.3467	-6.6852	154.9783	-7.3271
Xmi	120699	120194	152.8205	-6.8122	155.4553	-7.4404
Xmi	120699	120194	153.3100	-6.7730	155.9455	-7.3953
Xmi	120699	120194	153.7994	-6.7339	156.4355	-7.3502
Xmi	120699	120194	154.2888	-6.6947	156.9257	-7.3052
Xmi	120699	120194	154.7783	-6.6555	157.4158	-7.2602
Xmi	120699	120194	155.2677	-6.6163	157.9059	-7.2152
Xmi	120699	120194	155.7571	-6.5771	158.3957	-7.1726
Xmi	120699	120194	156.2465	-6.5380	158.8860	-7.1300
Xmi	120699	120194	156.7348	-6.4930	159.3773	-7.1078
Xmi	120699	120194	157.1996	-6.3348	159.8406	-6.9461
Xmi	120699	120194	157.6644	-6.1766	160.3024	-6.7759
Xmi	120699	120194	158.1329	-6.0324	160.7692	-6.6213
Xmi	120699	120194	158.6159	-5.9446	161.2535	-6.5355
Xmi	120653	120148	158.9268	-4.5396	161.5643	-5.1279
Xmi	120653	120148	159.3925	-4.5644	162.0269	-5.1381
Xmi	120653	120148	159.8582	-4.5892	162.4891	-5.1592
Xmi	120653	120148	160.3238	-4.6141	162.9509	-5.1882
Xmi	120653	120148	160.7845	-4.6832	163.4109	-5.2346
Xmi	120653	120148	161.2406	-4.7098	163.8605	-5.2966
Xmi	120653	120148	161.6865	-4.5732	164.3088	-5.1820
Xmi	120653	120148	162.1323	-4.4366	164.7574	-5.0689
Xmi	120653	120148	162.5782	-4.2999	165.2060	-4.9557
Xmi	120653	120148	163.0241	-4.1633	165.6542	-4.8407
Xmi	120653	120148	163.4699	-4.0267	166.1075	-4.7506
Xmi	120654	120149	163.6919	-3.1584	166.3294	-3.8971
Xmi	120654	120149	164.1799	-3.1415	166.8176	-3.9022
Xmi	120654	120149	164.6679	-3.1247	167.3057	-3.9176
Xmi	120654	120149	165.1559	-3.1079	167.7937	-3.9351
Xmi	120654	120149	165.6439	-3.0910	168.2816	-3.9528
Xmi	120654	120149	166.1320	-3.0742	168.7696	-3.9705
Xmi	120654	120149	166.6200	-3.0573	169.2576	-3.9883
Xmi	120654	120149	167.1080	-3.0405	169.7455	-4.0060
Xmi	120654	120149	167.5960	-3.0237	170.2335	-4.0237
TsT	120682	120177	127.7864	-0.2793	130.4239	2.7082
TsT	120682	120177	128.2468	-0.1250	130.8948	2.8291
TsT	120682	120177	128.7135	0.0068	131.3778	2.8842
TsT	120682	120177	129.1878	0.1110	131.8634	2.9104
TsT	120682	120177	129.6620	0.2151	132.3478	2.9503
TsT	120682	120177	130.1363	0.3193	132.8308	3.0076
TsT	120682	120177	130.6106	0.4235	133.3144	3.0590
TsT	120682	120177	131.0794	0.5479	133.7963	3.1186
TsT	120682	120177	131.5402	0.7010	134.2723	3.2167
TsT	120682	120177	132.0010	0.8541	134.7459	3.3267
TsT	120682	120177	132.4619	1.0072	135.2248	3.4123
TsT	120682	120177	132.9251	1.1518	135.7078	3.4564
TsT	120682	120177	133.3984	1.2604	136.1940	3.4773
TsT	120682	120177	133.8717	1.3690	136.6795	3.4617
TsT	120682	120177	134.3491	1.4511	137.1616	3.3954
TsT	120682	120177	134.8330	1.4912	137.6416	3.3157
TsT	120682	120177	135.3155	1.4966	138.1039	3.1679
TsT	120682	120177	135.7940	1.4141	138.5543	2.9836
TsT	120682	120177	136.2726	1.3317	139.0007	2.7921
TsT	120682	120177	136.7003	1.1046	139.3862	2.4957
TsT	120682	120177	137.1254	0.8698	139.7628	2.1874
TsT	120691	120186	137.1155	0.8478	139.7530	2.1676
TsT	120691	120186	137.5920	0.8913	140.2241	2.0737
TsT	120691	120186	138.0684	0.9348	140.6974	1.9918
TsT	120691	120186	138.5448	0.9783	141.1775	1.9746
TsT	120691	120186	139.0213	1.0218	141.6573	1.9522
TsT	120691	120186	139.4977	1.0652	142.1351	1.9037
TsT	120691	120186	139.9741	1.1087	142.6117	1.8435
TsT	120691	120186	140.4506	1.1522	143.0882	1.7825
TsT	120691	120186	140.9270	1.1957	143.5644	1.7190
TsT	120691	120186	141.4034	1.2392	144.0407	1.6559
TsT	120691	120186	141.8799	1.2826	144.5168	1.5924
TsT	120691	120186	142.3563	1.3261	144.9938	1.5360
TsT	120689	120184	142.3743	1.3405	145.0118	1.5465
TsT	120689	120184	142.8568	1.3936	145.4911	1.5100
TsT	120689	120184	143.3394	1.4467	145.9701	1.4704
TsT	120689	120184	143.8219	1.4998	146.4483	1.4234
TsT	120689	120184	144.3044	1.5530	146.9249	1.3614
TsT	120689	120184	144.7824	1.6270	147.4027	1.3158
TsT	120689	120184	145.2428	1.7808	147.8802	1.3462
TsT	120689	120184	145.7032	1.9346	148.3543	1.4216
TsT	120689	120184	146.1637	2.0884	148.8287	1.4988
TsT	120689	120184	146.6401	2.1675	149.3063	1.5515
TsT	120689	120184	147.1217	2.1563	149.7853	1.5625
TsT	120689	120184	147.6017	2.0840	150.2634	1.5167
TsT	120689	120184	148.0817	2.0118	150.7341	1.4198
TsT	120689	120184	148.5618	1.9396	151.2079	1.3399
TsT	120689	120184	149.0418	1.8673	151.6838	1.2725
TsT	120689	120184	149.5218	1.7951	152.1593	1.2024
TsT	120815	120311	149.5423	1.8099	152.1798	1.2169
TsT	120815	120311	150.0199	1.7993	152.6575	1.2055
TsT	120815	120311	150.4975	1.7886	153.1351	1.1907
TsT	120815	120311	150.9751	1.7780	153.6127	1.1752
TsT	120815	120311	151.4528	1.7674	154.0903	1.1597
TsT	120815	120311	151.9304	1.7568	154.5679	1.1446
TsT	120815	120311	152.4080	1.7462	155.0455	1.1282
TsT	120815	120311	152.8856	1.7355	155.5231	1.1126
TsT	120815	120311	153.3632	1.7249	156.0007	1.0979
TsT	120815	120311	153.8408	1.7143	156.4783	1.0831
TsN	120730	120225	134.5471	3.2577	136.8655	5.0986
TsN	120730	120225	134.9710	3.4639	137.3220	5.2154
TsN	120730	120225	135.3950	3.6700	137.7795	5.3276
TsN	120730	120225	135.8175	3.8785	138.2385	5.4343
TsN	120730	120225	136.2074	4.1435	138.6832	5.5845
TsN	120730	120225	136.5972	4.4085	139.0915	5.8188
TsN	120730	120225	136.9871	4.6736	139.5266	5.9988
TsN	120730	120225	137.3988	4.9001	139.9722	6.1516
TsN	120730	120225	137.8262	5.0989	140.4301	6.2637
TsN	120730	120225	138.2536	5.2978	140.8911	6.3618
TsN	120688	120183	142.1118	3.0969	144.7493	3.3582
TsN	120688	120183	142.6078	3.1060	145.2336	3.2610
TsN	120688	120183	143.1038	3.1150	145.7182	3.1654
TsN	120688	120183	143.5947	3.1577	146.2060	3.0925
TsN	120688	120183	144.0710	3.2964	146.6968	3.1123
TsN	120688	120183	144.5473	3.4351	147.1849	3.1844
Yc	120764	120259	89.5799	-10.1002	82.0595	-10.1477
Yc	120764	120259	90.0636	-10.0878	82.5550	-10.0973
Yc	120764	120259	90.5472	-10.0755	83.0532	-10.0998
Yc	120764	120259	91.0308	-10.0631	83.5515	-10.1023
Yc	120764	120259	91.5145	-10.0508	84.0496	-10.0906
Yc	120764	120259	91.9981	-10.0384	84.5478	-10.0781
Yc	120764	120259	92.4817	-10.0260	85.0459	-10.0682
Yc	120764	120259	92.9653	-10.0137	85.5441	-10.0573
Yc	120764	120259	93.4474	-10.0310	86.0423	-10.0613
Yc	120764	120259	93.9270	-10.0945	86.5405	-10.0659
Yc	120764	120259	94.4066	-10.1580	87.0384	-10.0854
Yc	120764	120259	94.8862	-10.2214	87.5365	-10.0910
Yc	120764	120259	95.3658	-10.2849	88.0347	-10.0993
Yc	120764	120259	95.8454	-10.3484	88.5329	-10.1059
Yc	120764	120259	96.3279	-10.3709	89.0312	-10.1085
Yc	120764	120259	96.8117	-10.3748	89.5295	-10.1043
Yc	120764	120259	97.2942	-10.3505	90.0262	-10.0671
Yc	120764	120259	97.7759	-10.3057	90.5235	-10.0345
Yc	120764	120259	98.2577	-10.2608	91.0208	-10.0034
Yc	120764	120259	98.7394	-10.2160	91.5177	-9.9673
Yc	120764	120259	99.2211	-10.1712	92.0142	-9.9254
Yc	120764	120259	99.7028	-10.1263	92.5020	-9.8237
Yc	120764	120259	100.1845	-10.0815	92.9899	-9.7227
Yc	120764	120259	100.6662	-10.0367	93.4780	-9.6223
Yc	120764	120259	101.1479	-9.9919	93.9645	-9.5148
Yc	120764	120259	101.6199	-9.8939	94.4527	-9.4150
Yc	120764	120259	102.0864	-9.7658	94.9400	-9.3112
Yc	120764	120259	102.4947	-9.5144	95.4021	-9.1260
Yc	120764	120259	102.9541	-9.3734	95.8846	-9.0022
Yc	120764	120259	103.4221	-9.2509	96.3692	-8.8917
Yc	120764	120259	103.8947	-9.1504	96.8514	-8.7674
Yc	120764	120259	104.3738	-9.1452	97.3395	-8.6678
Yc	120764	120259	104.8541	-9.2037	97.8373	-8.6513
Yc	120814	120310	113.8210	-8.4244	116.4985	-4.4742
Yc	120814	120310	114.2438	-8.6854	116.9381	-4.6972
Yc	120814	120310	114.6666	-8.9463	117.3668	-4.9408
Yc	120814	120310	115.0893	-9.2073	117.7967	-5.1823
Yc	120814	120310	115.5121	-9.4682	118.2217	-5.4321
Yc	120814	120310	115.9349	-9.7292	118.6432	-5.6880
Yc	120814	120310	116.3681	-9.9722	119.0675	-5.9391
Yc	120814	120310	116.8036	-10.2113	119.4949	-6.1850
Yc	120814	120310	117.2391	-10.4504	119.9206	-6.4338
Yc	120814	120310	117.6746	-10.6896	120.3450	-6.6847
Yc	120814	120310	118.1101	-10.9287	120.7670	-6.9397
Yc	120814	120310	118.5788	-11.0724	121.2330	-7.0784
Yc	120814	120310	119.0686	-11.1553	121.7197	-7.1573
Yc	120814	120310	119.5623	-11.1068	122.2089	-7.0984
Yc	120814	120310	120.0561	-11.0522	122.6982	-7.0373
Yc	120814	120310	120.5499	-10.9976	123.1874	-6.9761
Yc	120715	120210	120.9297	-10.9156	123.5672	-6.8886
Yc	120715	120210	121.4358	-10.9275	124.0646	-6.8937
Yc	120715	120210	121.9418	-10.9394	124.5619	-6.8989
Yc	120715	120210	122.4451	-10.8978	125.0592	-6.9040
Yc	120715	120210	122.9471	-10.8331	125.5566	-6.9029
Yc	120715	120210	123.4483	-10.7645	126.0536	-6.8853
Yc	120715	120210	123.9320	-10.6156	126.5506	-6.8663
Yc	120715	120210	124.4158	-10.4666	127.0476	-6.8472
Yc	120715	120210	124.8996	-10.3177	127.5446	-6.8281
Yc	120715	120210	125.3834	-10.1687	128.0416	-6.8093
Yc	120715	120210	125.8671	-10.0198	128.5387	-6.7918
Yc	120715	120210	126.3509	-9.8708	129.0356	-6.7710
Yc	120715	120210	126.8461	-9.7737	129.5323	-6.7453
Yc	120715	120210	127.3477	-9.7058	130.0290	-6.7206
Yc	120715	120210	127.8493	-9.6379	130.5259	-6.6986
Yc	120715	120210	128.3509	-9.5700	131.0229	-6.6785
Yc	120715	120210	128.8525	-9.5021	131.5198	-6.6581
Yc	120715	120210	129.3541	-9.4342	132.0169	-6.6422
Yc	120715	120210	129.8557	-9.3663	132.5142	-6.6363
Yc	120715	120210	130.3573	-9.2984	133.0115	-6.6398
Yc	120715	120210	130.8572	-9.2201	133.5088	-6.6371
Yc	120715	120210	131.3542	-9.1239	134.0053	-6.6081
Yc	120715	120210	131.8512	-9.0278	134.5017	-6.5767
Yc	120715	120210	132.3481	-8.9316	134.9980	-6.5453
Yc	120715	120210	132.8451	-8.8354	135.4944	-6.5138
Yc	120715	120210	133.3334	-8.7067	135.9906	-6.4795
Yc	120715	120210	133.8128	-8.5441	136.4857	-6.4321
Yc	120715	120210	134.2921	-8.3815	136.9807	-6.3842
Yc	120715	120210	134.7715	-8.2189	137.4772	-6.3550
Yc	120715	120210	135.2548	-8.0691	137.9738	-6.3271
Yc	120715	120210	135.7417	-7.9305	138.4704	-6.2996
Yc	120715	120210	136.2285	-7.7920	138.9670	-6.2733
Yc	120715	120210	136.7154	-7.6534	139.4637	-6.2471
Yc	120715	120210	137.2022	-7.5149	139.9602	-6.2185
Yc	120715	120210	137.6891	-7.3764	140.4561	-6.1803
Yc	120715	120210	138.1759	-7.2378	140.9519	-6.1410
Yc	120715	120210	138.6628	-7.0993	141.4477	-6.1017
Yc	120715	120210	139.1496	-6.9608	141.9437	-6.0640
Yc	120715	120210	139.6365	-6.8222	142.4397	-6.0281
Yc	120715	120210	140.1234	-6.6837	142.9356	-5.9896
Yc	120715	120210	140.6056	-6.5301	143.4303	-5.9400
Yc	120715	120210	141.0871	-6.3738	143.9241	-5.8806
Yc	120715	120210	141.5685	-6.2176	144.4179	-5.8213
Yc	120715	120210	142.0500	-6.0613	144.9118	-5.7619
Yc	120715	120210	142.5315	-5.9051	145.4055	-5.7026
Yc	120715	120210	143.0129	-5.7489	145.8996	-5.6458
Yc	120715	120210	143.4986	-5.6109	146.3955	-5.6550
Yc	120715	120210	143.9998	-5.5395	146.8917	-5.6895
Yc	120715	120210	144.5009	-5.4682	147.3878	-5.7251
Yc	120715	120210	145.0027	-5.4024	147.8835	-5.7652
Yc	120715	120210	145.5064	-5.3526	148.3782	-5.8159
Yc	120715	120210	146.0101	-5.3028	148.8717	-5.8782
Yc	120715	120210	146.5143	-5.2781	149.3668	-5.9239
Yc	120715	120210	147.0194	-5.3106	149.8631	-5.9561
Yc	120715	120210	147.5246	-5.3432	150.3595	-5.9872
Yc	120715	120210	148.0297	-5.3758	150.8560	-6.0175
Yc	120715	120210	148.5348	-5.4084	151.3524	-6.0478
Yc	120715	120210	149.0400	-5.4410	151.8489	-6.0780
Yc	120715	120210	149.5451	-5.4735	152.3453	-6.1083
Yc	120715	120210	150.0502	-5.5061	152.8417	-6.1402
Yc	120715	120210	150.5553	-5.5387	153.3380	-6.1721
Yc	120715	120210	151.0605	-5.5713	153.8343	-6.2040
Yc	120715	120210	151.5656	-5.6039	154.3307	-6.2360
Yc	120715	120210	152.0708	-5.6364	154.8270	-6.2679
Yc	120715	120210	152.5759	-5.6690	155.3234	-6.2998
Yc	120715	120210	153.0810	-5.7016	155.8197	-6.3317
Yc	120715	120210	153.5861	-5.7342	156.3160	-6.3636
Yc	120715	120210	154.0913	-5.7667	156.8124	-6.3955
Yc	120715	120210	154.5964	-5.7993	157.3087	-6.4275
Yc	120715	120210	155.1015	-5.8319	157.8050	-6.4594
Yc	120715	120210	155.6056	-5.8764	158.3006	-6.4933
Yc	120715	120210	156.1082	-5.9365	158.7967	-6.5284
Yc	120715	120210	156.6108	-5.9966	159.2879	-6.6021
Yc	120715	120210	157.1134	-5.9782	159.7790	-6.5766
Yc	120715	120210	157.6159	-5.9178	160.2721	-6.5118
Yc	120715	120210	158.1193	-5.8802	160.7667	-6.4651
Yc	120715	120210	158.6249	-5.9045	161.2624	-6.4953
