Samples	562	744	92.1140	-2.3001	77.3936	-1.6857
Samples	562	744	92.5448	-2.1816	77.8301	-1.7909
Samples	562	744	92.9598	-1.9983	78.2780	-1.8455
Samples	562	744	93.3691	-1.7981	78.7308	-1.9069
Samples	1578	750	93.3691	-1.7981	78.7308	-1.9069
Samples	1578	750	93.7716	-1.5484	79.2027	-1.8545
Samples	1578	750	94.2030	-1.3968	79.6232	-2.0907
Samples	1578	750	94.6718	-1.4385	80.0683	-2.2719
Samples	1578	750	95.0884	-1.2056	80.5468	-2.1839
Samples	1578	750	95.4639	-0.9017	81.0035	-2.0063
Samples	1578	750	95.8102	-0.5645	81.4856	-1.9749
Samples	1578	750	96.2337	-0.3389	81.9625	-2.0992
Samples	1578	750	96.7005	-0.2138	82.4293	-2.2525
Samples	1578	750	97.1769	-0.1542	82.8695	-2.4730
Samples	1578	750	97.6591	-0.1568	83.3365	-2.6279
Samples	1578	750	98.1335	-0.0800	83.8187	-2.6329
Samples	1578	750	98.5393	0.1733	84.3001	-2.5787
Samples	1578	750	98.9632	0.3954	84.7912	-2.5342
Samples	1578	750	99.3947	0.6105	85.2775	-2.5430
Samples	1578	750	99.8466	0.7642	85.7335	-2.3585
Samples	1578	750	100.2356	1.0515	86.1449	-2.0877
Samples	1578	750	100.5864	1.3843	86.6033	-1.9530
Samples	1578	750	101.0037	1.5963	87.0934	-2.0080
Samples	1578	750	101.4868	1.6217	87.5831	-2.0638
Samples	1578	750	101.9693	1.6474	88.0563	-2.1955
Samples	1578	750	102.4487	1.6157	88.5473	-2.2039
Samples	1578	750	102.9142	1.7462	89.0351	-2.1352
Samples	1578	750	103.3672	1.9152	89.5120	-2.0270
Samples	1578	750	103.7936	2.1334	89.9990	-1.9569
Samples	1578	750	104.2111	2.3774	90.4697	-2.0290
Samples	1578	750	104.6804	2.2767	90.9282	-2.2096
Samples	1578	750	105.1556	2.1961	91.4092	-2.3078
Samples	1578	750	105.6276	2.2809	91.9005	-2.2956
Samples	1578	750	106.0417	2.5192	92.3745	-2.1616
Samples	1578	750	106.4185	2.8225	92.8370	-1.9911
Samples	1578	750	106.8298	3.0765	93.2873	-1.7901
Samples	1578	750	107.2717	3.2675	93.7614	-1.6605
Samples	1578	750	107.7512	3.2930	94.2520	-1.6178
Samples	788+789	649	78.4732	-10.2344	73.8136	-8.3961
Samples	788+789	649	78.9814	-10.2085	74.3077	-8.3542
Samples	788+789	649	79.4737	-10.0774	74.7858	-8.2256
Samples	788+789	649	79.9728	-9.9742	75.2681	-8.1071
Samples	788+789	649	80.4789	-9.9171	75.7539	-8.0048
Samples	788+789	649	80.9868	-9.8746	76.2432	-7.9196
Samples	788+789	649	81.4939	-9.8254	76.7311	-7.8289
Samples	788+789	649	82.0025	-9.8119	77.2251	-7.7930
Samples	788+789	649	82.5002	-9.7402	77.7133	-7.7455
Samples	788+789	649	82.9674	-9.5405	78.1808	-7.5846
Samples	788+789	649	83.4188	-9.3423	78.6305	-7.4220
Samples	788+789	649	83.8510	-9.0825	79.0709	-7.2045
Samples	788+789	649	84.3266	-8.8992	79.5425	-7.0489
Samples	788+789	649	84.7979	-8.7057	80.0072	-6.8740
Samples	788+789	649	85.2782	-8.5360	80.4798	-6.7218
Samples	788+789	649	85.7774	-8.4448	80.9674	-6.6400
Samples	788+789	649	86.2778	-8.3886	81.4539	-6.5807
Samples	788+789	649	86.7379	-8.1703	81.9003	-6.3640
Samples	788+789	649	87.2210	-8.0079	82.3733	-6.2125
Samples	788+789	649	87.7167	-7.8917	82.8597	-6.1149
Samples	788+789	649	88.1942	-7.7227	83.3280	-5.9625
Samples	788+789	649	88.6957	-7.6701	83.8164	-5.9171
Samples	788+789	649	89.2031	-7.6549	84.3107	-5.9138
Samples	788+789	649	89.6577	-7.4344	84.7463	-5.6855
Samples	788+789	649	90.1047	-7.1927	85.1803	-5.4488
Samples	25	759	90.1432	-7.1832	85.1803	-5.4488
Samples	25	759	90.6290	-7.2212	85.6406	-5.5076
Samples	25	759	91.1164	-7.2150	86.1044	-5.5234
Samples	25	759	91.6054	-7.1655	86.5724	-5.5018
Samples	25	759	92.0735	-7.0283	87.0239	-5.3965
Samples	25	759	92.4627	-6.7334	87.3914	-5.1122
Samples	25	759	92.8827	-6.4840	87.7983	-4.8888
Samples	25	759	93.3676	-6.4191	88.2660	-4.8767
Samples	25	759	93.8575	-6.3878	88.7336	-4.9002
Samples	25	759	94.3276	-6.2616	89.1831	-4.7890
Samples	25	759	94.7976	-6.1572	89.6408	-4.7521
Samples	25	759	95.2291	-5.9477	90.0643	-4.5728
Samples	25	759	95.6683	-5.7333	90.5204	-4.4804
Samples	25	759	96.0865	-5.4775	90.9787	-4.3827
Samples	25	759	96.4968	-5.2071	91.4368	-4.2855
Samples	25	759	96.9171	-4.9528	91.8979	-4.2034
Samples	118165	676+677	113.3691	1.8943	110.7969	1.7104
Samples	118165	676+677	113.8543	1.9625	111.2872	1.7778
Samples	118165	676+677	114.3399	2.0236	111.7657	1.9053
Samples	118165	676+677	114.8076	2.1592	112.2440	2.0354
Samples	118165	676+677	115.2780	2.2937	112.7265	2.1460
Samples	118165	676+677	115.7611	2.3751	113.2215	2.1732
Samples	118165	676+677	116.2442	2.4564	113.7128	2.2393
Samples	118165	676+677	116.7326	2.4914	114.2058	2.2854
Samples	118165	676+677	117.2225	2.4981	114.7016	2.2780
Samples	118165	676+677	117.7122	2.4902	115.1950	2.2298
Samples	118165	676+677	118.2000	2.5329	115.6900	2.2100
Samples	118165	676+677	118.6878	2.5782	116.1858	2.2115
Samples	118165	676+677	119.1706	2.6586	116.6812	2.2213
Samples	118165	676+677	119.6399	2.7980	117.1724	2.2869
Samples	118165	676+677	120.1029	2.9582	117.6336	2.4636
Samples	118165	676+677	120.5780	3.0755	118.1098	2.5984
Samples	118165	676+677	121.0581	3.1714	118.6027	2.6513
Samples	118165	676+677	121.5299	3.3037	119.0881	2.7501
Samples	118165	676+677	122.0120	3.3902	119.5708	2.8626
Samples	118165	676+677	122.4905	3.4951	120.0582	2.9537
Samples	118165	676+677	122.9728	3.5816	120.5464	3.0407
Samples	118165	676+677	123.4451	3.7118	121.0308	3.1460
Samples	118165	676+677	123.9249	3.8089	121.5153	3.2501
Samples	118165	676+677	124.4085	3.8872	122.0048	3.3292
Samples	118165	676+677	124.8895	3.9796	122.4971	3.3858
Samples	118165	676+677	125.3567	4.1262	122.9764	3.5023
Samples	118165	676+677	125.8229	4.2769	123.4455	3.6627
Samples	118165	676+677	126.2971	4.3983	123.9255	3.7852
Samples	117958+118162	117627	125.8125	2.4750	123.5433	2.2316
Samples	117958+118162	117627	126.3018	2.4772	124.0318	2.2291
Samples	117958+118162	117627	126.7911	2.4837	124.5204	2.2266
Samples	117958+118162	117627	127.2804	2.4839	125.0090	2.2240
Samples	117958+118162	117627	127.7696	2.4733	125.4976	2.2215
Samples	117958+118162	117627	128.2587	2.4591	125.9862	2.2190
Samples	117958+118162	117627	128.7479	2.4500	126.4748	2.2207
Samples	117958+118162	117627	129.2372	2.4476	126.9634	2.2222
Samples	117958+118162	117627	129.7265	2.4432	127.4519	2.2284
Samples	117958+118162	117627	130.2158	2.4384	127.9404	2.2373
Samples	117958+118162	117627	130.7050	2.4287	128.4290	2.2433
Samples	117958+118162	117627	131.1933	2.3997	128.9171	2.2258
Samples	117958+118162	117627	131.6803	2.3519	129.4047	2.1951
Samples	117958+118162	117627	132.1690	2.3329	129.8931	2.1906
Samples	117958+118162	117627	132.6579	2.3477	130.3809	2.2170
Samples	117958+118162	117627	133.1472	2.3474	130.8693	2.2278
Samples	117958+118162	117627	133.6361	2.3628	131.3570	2.2545
Samples	117958+118162	117627	134.1198	2.4326	131.8447	2.2831
Samples	1466	643	133.1516	1.8638	131.0415	1.8472
Samples	1466	643	133.6381	1.8347	131.5253	1.8304
Samples	1466	643	134.1253	1.8190	132.0095	1.8293
Samples	1466	643	134.6090	1.8781	132.4908	1.8736
Samples	1466	643	135.0900	1.9561	132.9699	1.9411
Samples	1466	643	135.5760	1.9937	133.4530	1.9738
Samples	1466	643	136.0618	2.0333	133.9355	2.0147
Samples	1466	643	136.5487	2.0557	134.4187	2.0448
Samples	1466	643	137.0360	2.0688	134.9025	2.0657
Samples	1466	643	137.5235	2.0745	135.3864	2.0823
Samples	1466	643	138.0109	2.0747	135.8705	2.0926
Samples	1466	643	138.4984	2.0725	136.3547	2.0998
Samples	1466	643	138.9859	2.0724	136.8388	2.1071
Samples	1466	643	139.4733	2.0729	137.3230	2.1129
Samples	1466	643	139.9608	2.0743	137.8071	2.1185
Samples	1466	643	140.4482	2.0781	138.2913	2.1257
Samples	1466	643	140.9355	2.0910	138.7752	2.1410
Samples	1466	643	141.4228	2.1051	139.2591	2.1576
Samples	1466	643	141.9101	2.1178	139.7431	2.1715
Samples	1466	643	142.3973	2.1336	140.2271	2.1878
Samples	118159	117548	141.7040	1.6421	139.7065	1.8431
Samples	118159	117548	142.1825	1.6548	140.1868	1.8567
Samples	118159	117548	142.6610	1.6672	140.6671	1.8687
Samples	118159	117548	143.1393	1.6855	141.1473	1.8854
Samples	118159	117548	143.6175	1.7078	141.6274	1.9041
Samples	118159	117548	144.0956	1.7313	142.1076	1.9202
Samples	118159	117548	144.5732	1.7631	142.5876	1.9393
Samples	118159	117548	145.0502	1.8032	143.0677	1.9590
Samples	118159	117548	145.5265	1.8501	143.5465	1.9963
Samples	118159	117548	146.0034	1.8912	144.0234	2.0542
Samples	118159	117548	146.4800	1.9348	144.5008	2.1087
Samples	118159	117548	146.9545	1.9974	144.9777	2.1669
Samples	118159	117548	147.4286	2.0633	145.4541	2.2287
Samples	118159	117548	147.9030	2.1276	145.9316	2.2811
Samples	118159	117548	148.3803	2.1632	146.4111	2.3117
Samples	118159	117548	148.8576	2.1992	146.8900	2.3494
Samples	118159	117548	149.3349	2.2362	147.3693	2.3838
Samples	118159	117548	149.8117	2.2785	147.8493	2.4011
Samples	118159	117548	150.2883	2.3226	148.3297	2.4105
Samples	118159	117548	150.7649	2.3671	148.8099	2.4236
Samples	118159	117548	151.2414	2.4128	149.2903	2.4344
Samples	118159	117548	151.7188	2.4474	149.7706	2.4411
Samples	118159	117548	152.1966	2.4754	150.2507	2.4461
Samples	118159	117548	152.6743	2.5052	150.7310	2.4371
Samples	118159	117548	153.1520	2.5365	151.2114	2.4256
Samples	118159	117548	153.6294	2.5711	151.6916	2.4112
Samples	623	631	143.7227	0.0386	143.8010	0.6922
Samples	623	631	144.2131	0.0730	144.2893	0.7311
Samples	623	631	144.7040	0.1001	144.7783	0.7615
Samples	623	631	145.1944	0.1342	145.2668	0.7970
Samples	623	631	145.6855	0.1265	145.7562	0.7909
Samples	623	631	146.1767	0.1087	146.2459	0.7771
Samples	623	631	146.6680	0.1225	146.7353	0.7935
Samples	623	631	147.1592	0.1324	147.2248	0.8058
Samples	623	631	147.6500	0.1613	147.7137	0.8371
Samples	623	631	148.1412	0.1802	148.2032	0.8413
Samples	623	631	148.6328	0.1897	148.6924	0.8157
Samples	623	631	149.1243	0.1985	149.1816	0.7886
Samples	623	631	149.6158	0.2111	149.6709	0.7643
Samples	623	631	150.1068	0.2342	150.1605	0.7496
Samples	623	631	150.5973	0.2670	150.6504	0.7434
Samples	623	631	151.0874	0.3056	151.1403	0.7431
Samples	623	631	151.5773	0.3471	151.6302	0.7441
Samples	623	631	152.0672	0.3890	152.1200	0.7442
Samples	623	631	152.5567	0.4345	152.6100	0.7461
Samples	623	631	153.0460	0.4823	153.0998	0.7496
Samples	623	631	153.5350	0.5330	153.5897	0.7578
Samples	623	631	154.0236	0.5871	154.0795	0.7645
Samples	623	631	154.5115	0.6471	154.5693	0.7740
Samples	623	631	154.9984	0.7150	155.0590	0.7859
Samples	623	631	155.4837	0.7928	155.5485	0.8031
Samples	623	631	155.9658	0.8887	156.0374	0.8337
Samples	623	631	156.4448	0.9922	156.5244	0.8634
Samples	623	631	156.9294	1.0721	157.0137	0.8858
Samples	623	631	157.4197	1.0512	157.5000	0.8346
Samples	623	631	157.9094	1.0863	157.9893	0.8275
Samples	623	631	158.3991	1.0542	158.4787	0.8061
Samples	623	631	158.8889	1.0140	158.9685	0.7979
Samples	623	631	159.3801	0.9946	159.4583	0.7910
Samples	623	631	159.8717	0.9872	159.9480	0.7750
Samples	623	631	160.3630	1.0026	160.4373	0.7825
Samples	623	631	160.8543	1.0091	160.9265	0.7846
Samples	623	631	161.3428	0.9572	161.4161	0.7719
Samples	623	631	161.8320	0.9092	161.9059	0.7756
Samples	623	631	162.3232	0.8920	162.3958	0.7792
Samples	623	631	162.8144	0.9071	162.8857	0.7830
Samples	623	631	163.3048	0.9381	163.3755	0.7796
Samples	623	631	163.7927	0.8869	163.8652	0.7772
Samples	623	631	164.2810	0.8301	164.3551	0.7794
Samples	623	631	164.7699	0.7790	164.8449	0.7715
Samples	623	631	165.2592	0.7313	165.3348	0.7632
Samples	623	631	165.7485	0.6838	165.8246	0.7548
Samples	623	631	166.2378	0.6358	166.3144	0.7461
Samples	623	631	166.7271	0.5875	166.8042	0.7372
Samples	623	631	167.2163	0.5389	167.2940	0.7276
Samples	623	631	167.7056	0.4913	167.7838	0.7187
Zj	118042	117424	76.2212	-5.0783	66.0672	-1.9090
Zj	118042	117424	76.7065	-5.1680	66.4905	-2.1129
Zj	118042	117424	77.1920	-5.2572	66.9075	-2.3293
Zj	118042	117424	77.6719	-5.3715	67.2929	-2.5979
Zj	118042	117424	78.1451	-5.5117	67.6669	-2.8823
Zj	118042	117424	78.6161	-5.6595	68.0382	-3.1702
Zj	118042	117424	79.0866	-5.8084	68.4098	-3.4577
Zj	118042	117424	79.5555	-5.9613	68.7588	-3.7721
Zj	118042	117424	80.0283	-6.1031	69.0964	-4.0989
Zj	118110	117493	90.4064	-6.4575	85.4026	-4.6978
Zj	118110	117493	90.8124	-6.5386	85.7938	-4.7992
Zj	118110	117493	91.2187	-6.6186	86.1847	-4.9014
Zj	118109	117492	91.1869	-6.6274	86.1548	-4.9092
Zj	118109	117492	91.6975	-6.6812	86.6379	-4.9985
Zj	118109	117492	92.2105	-6.7105	87.1238	-5.0757
Zj	118109	117492	92.7237	-6.6958	87.6141	-5.1103
Zj	118109	117492	93.2360	-6.6558	88.1061	-5.1180
Zj	118109	117492	93.7461	-6.6322	88.5935	-5.1455
Zj	118109	117492	94.2560	-6.6766	89.0730	-5.2459
Zj	118109	117492	94.7696	-6.6596	89.5635	-5.2855
Zj	117946	117328	97.8242	-3.8508	93.0595	-3.5803
Zj	117946	117328	98.1720	-3.9499	93.4307	-3.7677
Zj	117946	117328	98.4255	-4.2831	93.6798	-4.1432
Zj	117946	117328	98.8077	-4.4504	94.0686	-4.3665
Zj	117946	117328	99.1955	-4.6150	94.4878	-4.5378
Zj	117946	117328	99.5818	-4.7833	94.9063	-4.7107
Zj	117946	117328	99.9636	-4.9616	95.3222	-4.8897
Zj	117946	117328	100.3414	-5.1481	95.7340	-5.0780
Zj	118005	117387	123.2493	-1.4527	121.0178	-1.7526
Zj	118005	117387	123.6068	-1.7372	121.3744	-2.0355
Zj	118005	117387	123.9632	-2.0231	121.7302	-2.3195
Zj	118005	117387	124.3218	-2.3063	122.0878	-2.6011
Zj	118005	117387	124.7362	-2.4840	122.5022	-2.7734
Zj	118005	117387	125.1847	-2.5709	122.9499	-2.8557
Zj	117901	117582	136.6062	-0.7006	134.4983	-0.6685
Zj	117901	117582	136.2690	-0.9568	134.1601	-0.9235
Zj	117901	117582	135.9142	-1.1874	133.7953	-1.1384
Zj	117901	117582	135.5528	-1.4080	133.4387	-1.3667
Zj	117901	117582	135.2120	-1.6587	133.1026	-1.6237
Zj	118070	117452	134.2308	-1.8291	134.3090	-1.3775
Zj	118070	117452	134.7128	-1.8501	134.7920	-1.3807
Zj	118070	117452	135.1949	-1.8715	135.2751	-1.3871
Zj	118070	117452	135.6768	-1.8950	135.7581	-1.3947
Zj	118070	117452	136.1589	-1.9171	136.2411	-1.4027
Zj	118070	117452	136.6409	-1.9386	136.7241	-1.4092
Zj	118070	117452	137.1231	-1.9578	137.2071	-1.4151
Zj	118070	117452	137.6053	-1.9754	137.6901	-1.4199
Zj	118070	117452	138.0875	-1.9920	138.1732	-1.4241
Zj	118070	117452	138.5698	-2.0072	138.6562	-1.4266
Zj	118070	117452	139.0522	-2.0208	139.1393	-1.4292
Zj	118070	117452	139.5345	-2.0330	139.6223	-1.4315
Zj	118070	117452	140.0170	-2.0437	140.1054	-1.4332
Zj	118070	117452	140.4993	-2.0498	140.5881	-1.4279
Zj	118070	117452	140.9772	-1.9845	141.0647	-1.3516
Zj	118070	117452	141.4271	-1.8101	141.5131	-1.1718
Zj	118070	117452	141.8765	-1.6344	141.9616	-0.9924
Zj	118070	117452	142.3253	-1.4571	142.4089	-0.8100
Zj	118070	117452	142.7735	-1.2785	142.8562	-0.6275
Zj	118070	117452	143.2200	-1.0955	143.3020	-0.4417
Zj	118070	117452	143.6656	-0.9103	143.7476	-0.2551
Zj	118070	117452	144.1097	-0.7216	144.1908	-0.0630
Zj	118070	117452	144.5365	-0.4974	144.6165	0.1644
Zj	118070	117452	144.9574	-0.2615	145.0372	0.4020
Zj	118070	117452	145.3776	-0.0245	145.4574	0.6398
Zj	118070	117452	145.7584	0.2712	145.8379	0.9368
Zj	118070	117452	146.1058	0.6061	146.1841	1.2737
Zj	117932	117314	157.6704	3.9328	157.7486	3.6968
Zj	117932	117314	158.1605	3.9390	158.2402	3.6747
Zj	117932	117314	158.6484	3.8869	158.7320	3.6572
Zj	117932	117314	159.1358	3.8291	159.2228	3.6213
Zj	117932	117314	159.6240	3.7776	159.7124	3.5709
Zj	117932	117314	160.1127	3.7333	160.2009	3.5124
Zj	117932	117314	160.6026	3.7033	160.6920	3.4832
Zj	117932	117314	161.0897	3.6479	161.1781	3.4303
Zj	117932	117314	161.5792	3.6703	161.6623	3.5154
Zj	117932	117314	162.0634	3.7498	162.1409	3.6303
Zj	117932	117314	162.5415	3.8603	162.6191	3.7467
Zj	117932	117314	163.0124	3.9985	163.0975	3.8626
Zj	117932	117314	163.4868	4.1200	163.5788	3.9645
Zj	117932	117314	163.9754	4.1662	164.0567	4.0822
Zj	117932	117314	164.4626	4.2260	164.5365	4.1917
Zj	117932	117314	164.9491	4.2912	165.0175	4.2960
Zj	117932	117314	165.4375	4.3001	165.5047	4.3464
Zj	117932	117314	165.9259	4.2516	165.9968	4.3369
Zj	117932	117314	166.4143	4.2030	166.4889	4.3276
Zj	117932	117314	166.9027	4.1544	166.9810	4.3182
Zj	118036	117418	144.0238	-1.9367	144.1020	-1.2803
Zj	118036	117418	144.5038	-1.9896	144.5873	-1.3296
Zj	118036	117418	144.9839	-2.0431	145.0723	-1.3815
Zj	118036	117418	145.4632	-2.1025	145.5564	-1.4412
Zj	118036	117418	145.9408	-2.1744	146.0390	-1.5115
Zj	118036	117418	146.4190	-2.2417	146.5227	-1.5744
Zj	118036	117418	146.8998	-2.2880	147.0085	-1.6175
Zj	118036	117418	147.3810	-2.3288	147.4947	-1.6571
Zj	118036	117418	147.8624	-2.3681	147.9807	-1.6975
Zj	118036	117418	148.3436	-2.4091	148.4629	-1.7705
Zj	118036	117418	148.8230	-2.4681	148.9413	-1.8651
Zj	118036	117418	149.3021	-2.5294	149.4195	-1.9617
Zj	118036	117418	149.7813	-2.5902	149.8976	-2.0582
Zj	118036	117418	150.2605	-2.6500	150.3757	-2.1547
Zj	118036	117418	150.7399	-2.7092	150.8538	-2.2512
Zj	118036	117418	151.2193	-2.7675	151.3320	-2.3477
Zj	118036	117418	151.6989	-2.8247	151.8100	-2.4446
Zj	118036	117418	152.1787	-2.8807	152.2881	-2.5414
Zj	118036	117418	152.6586	-2.9349	152.7661	-2.6383
Zj	118036	117418	153.1388	-2.9876	153.2446	-2.7329
Zj	118036	117418	153.6183	-3.0450	153.7218	-2.8337
Zj	118036	117418	154.0963	-3.1142	154.1958	-2.9487
Zj	118036	117418	154.5748	-3.1795	154.6699	-3.0633
Zj	118036	117418	155.0540	-3.2406	155.1441	-3.1779
Zj	118036	117418	155.5336	-3.2973	155.6178	-3.2939
Zj	118036	117418	156.0139	-3.3484	156.0916	-3.4100
Zj	118036	117418	156.4945	-3.3963	156.5641	-3.5309
Zj	118036	117418	156.9699	-3.4812	157.0320	-3.6669
Zj	118036	117418	157.4456	-3.5646	157.5068	-3.7786
Zj	118036	117418	157.9225	-3.6410	157.9803	-3.8957
Zj	118036	117418	158.3880	-3.7681	158.4534	-4.0142
Zj	118036	117418	158.8494	-3.9108	158.9276	-4.1283
ZCwsz	117910	117292	93.1098	-2.9581	78.3654	-2.9149
ZCwsz	117910	117292	93.5919	-2.9022	78.8101	-3.1167
ZCwsz	117910	117292	94.0768	-2.8595	79.2519	-3.3263
ZCwsz	117910	117292	94.5460	-2.7289	79.7279	-3.4344
ZCwsz	117910	117292	94.9895	-2.5333	80.2135	-3.4727
ZCwsz	117910	117292	95.3883	-2.2542	80.6981	-3.4062
ZCwsz	117910	117292	95.6853	-1.8855	81.0431	-3.1000
ZCwsz	117910	117292	95.8513	-1.4327	81.1789	-2.6358
ZCwsz	117910	117292	95.8649	-0.9571	81.1048	-2.1589
ZCwsz	117910	117292	95.8960	-0.4933	81.4316	-1.9277
ZCwsz	117910	117292	96.3056	-0.2296	81.9191	-1.8852
ZCwsz	117910	117292	96.7127	0.0378	82.4022	-1.8073
ZCwsz	117910	117292	97.1132	0.3152	82.8815	-1.7090
ZCwsz	117910	117292	97.5076	0.6009	83.3588	-1.6006
ZCwsz	117910	117292	97.8904	0.9022	83.8318	-1.4758
ZCwsz	117910	117292	98.2570	1.2228	84.2993	-1.3312
ZCwsz	117910	117292	98.6222	1.5451	84.7573	-1.1587
ZCwsz	117910	117292	99.0046	1.8469	85.2112	-0.9758
ZCwsz	117910	117292	99.3921	2.1420	85.6594	-0.7796
ZCwsz	117910	117292	99.7798	2.4370	86.0898	-0.5468
ZCwsz	117910	117292	100.1549	2.7478	86.5531	-0.5558
ZCwsz	117910	117292	100.5303	3.0583	87.0246	-0.6869
ZCwsz	117910	117292	100.9988	3.0776	87.4978	-0.8118
ZCwsz	117910	117292	101.4834	3.0284	87.9691	-0.9437
ZCwsz	117910	117292	101.9679	2.9780	88.4396	-1.0782
ZCwsz	117910	117292	102.4524	2.9266	88.9103	-1.2125
ZCwsz	117910	117292	102.9368	2.8751	89.3799	-1.3503
ZCwsz	117910	117292	103.4212	2.8238	89.8459	-1.4997
ZCwsz	117910	117292	103.9056	2.7725	90.3144	-1.6406
ZCwsz	117910	117292	104.3907	2.7285	90.7913	-1.7458
ZCwsz	117910	117292	104.8745	2.7366	91.2798	-1.7752
ZCwsz	117910	117292	105.3548	2.8182	91.7676	-1.8137
ZCwsz	117910	117292	105.8353	2.8983	92.2548	-1.8599
ZCwsz	117910	117292	106.3163	2.9754	92.7430	-1.8919
ZCwsz	117910	117292	106.8026	3.0018	93.2324	-1.8871
ZCwsz	117910	117292	107.2897	3.0064	93.7216	-1.8997
ZCwsz	117905	117287	109.8726	4.3247	96.4820	-0.2269
ZCwsz	117905	117287	110.3215	4.1653	96.9533	-0.2933
ZCwsz	117905	117287	110.7727	4.0128	97.4218	-0.3777
ZCwsz	117905	117287	111.2212	3.8526	97.8868	-0.4796
ZCwsz	117905	117287	111.6654	3.6809	98.3512	-0.5844
ZCwsz	117905	117287	112.1041	3.4955	98.8093	-0.7138
ZCwsz	117905	117287	112.5426	3.3098	99.2621	-0.8604
ZCwsz	117905	117287	112.9673	3.1033	99.7179	-0.9858
ZCwsz	118139	117522	110.0332	-0.7136	107.3788	-1.4164
ZCwsz	118139	117522	109.9977	-1.2012	107.3056	-1.9035
ZCwsz	118139	117522	110.1301	-1.6656	107.4541	-2.3675
ZCwsz	118139	117522	110.4969	-1.9612	107.9017	-2.5615
ZCwsz	118139	117522	110.9546	-2.1225	108.3872	-2.6327
ZCwsz	118139	117522	111.4354	-2.2063	108.8784	-2.6396
ZCwsz	118139	117522	111.9242	-2.2144	109.3689	-2.5933
ZCwsz	118139	117522	112.4129	-2.2253	109.8579	-2.5346
ZCwsz	118139	117522	112.9010	-2.2524	110.3473	-2.4793
ZCwsz	118139	117522	113.3808	-2.1709	110.8194	-2.3431
ZCwsz	118139	117522	113.8605	-2.0769	111.2940	-2.2116
ZCwsz	118139	117522	114.3336	-1.9537	111.7592	-2.0495
ZCwsz	118139	117522	114.8069	-1.8315	112.2263	-1.8931
ZCwsz	118139	117522	115.2802	-1.7089	112.7060	-1.7815
ZCwsz	118139	117522	115.7519	-1.5806	113.1888	-1.6835
ZCwsz	118139	117522	116.1935	-1.3713	113.6559	-1.5332
ZCwsz	118139	117522	116.6048	-1.1071	114.0823	-1.2871
ZCwsz	118139	117522	117.0002	-0.8202	114.4984	-1.0247
ZCwsz	118139	117522	117.4330	-0.5932	114.9486	-0.8250
ZCwsz	118139	117522	117.8649	-0.3644	115.4020	-0.6328
ZCwsz	118139	117522	118.3258	-0.2073	115.8693	-0.4838
ZCwsz	118139	117522	118.8127	-0.1655	116.3598	-0.4432
ZCwsz	118139	117522	119.3013	-0.1715	116.8517	-0.4601
ZCwsz	118139	117522	119.7894	-0.1514	117.3430	-0.4938
ZCwsz	118139	117522	120.2749	-0.0952	117.8356	-0.4868
ZCwsz	118139	117522	120.7621	-0.0549	118.3278	-0.4889
ZCwsz	118139	117522	121.2482	-0.0054	118.8186	-0.5081
ZCwsz	118139	117522	121.7304	0.0754	119.3099	-0.4760
ZCwsz	118139	117522	122.2156	0.1298	119.7954	-0.3999
ZCwsz	118139	117522	122.7000	0.0868	120.2831	-0.4361
ZCwsz	118139	117522	123.1513	-0.0942	120.7325	-0.6313
ZCwsz	118139	117522	123.5910	-0.3079	121.1732	-0.8514
ZCwsz	118139	117522	124.0328	-0.5173	121.6160	-1.0671
ZCwsz	118008	117390	124.9727	0.7746	122.7191	0.5164
ZCwsz	118008	117390	125.3673	0.5059	123.1136	0.2468
ZCwsz	118008	117390	125.7842	0.2702	123.5294	0.0084
ZCwsz	118008	117390	126.1996	0.0318	123.9428	-0.2340
ZCwsz	118008	117390	126.6140	-0.2084	124.3574	-0.4746
ZCwsz	118008	117390	127.0264	-0.4519	124.7699	-0.7185
ZCwsz	118008	117390	127.2393	-0.8608	124.9762	-1.1331
ZCwsz	118008	117390	127.3561	-1.3252	125.0948	-1.5974
ZCwsz	117976	117571	125.5875	-2.3408	123.5333	-2.5226
ZCwsz	117976	117571	126.0714	-2.4169	124.0129	-2.5950
ZCwsz	117976	117571	126.5552	-2.4939	124.4919	-2.6717
ZCwsz	117976	117571	127.0388	-2.5719	124.9713	-2.7459
ZCwsz	117976	117571	127.5223	-2.6506	125.4505	-2.8212
ZCwsz	117976	117571	128.0053	-2.7323	125.9300	-2.8950
ZCwsz	117976	117571	128.4881	-2.8149	126.4093	-2.9694
ZCwsz	117972	117354	134.5194	-0.2313	132.4094	-0.2139
ZCwsz	117972	117354	134.1231	-0.4893	132.0146	-0.4827
ZCwsz	117972	117354	133.7406	-0.7673	131.6338	-0.7709
ZCwsz	117972	117354	133.3673	-1.0577	131.2641	-1.0733
ZCwsz	117972	117354	132.9948	-1.3490	130.8943	-1.3755
ZCwsz	117972	117354	132.6020	-1.6093	130.5052	-1.6498
ZCwsz	117972	117354	132.1712	-1.8038	130.0754	-1.8579
ZCwsz	117972	117354	131.7533	-2.0247	129.6594	-2.0920
ZCwsz	117972	117354	131.3167	-2.2066	129.2231	-2.2865
ZCwsz	117972	117354	130.8858	-2.4016	128.7930	-2.4943
ZCwsz	117971	117353	139.4167	-0.8796	139.4949	-0.2803
ZCwsz	117971	117353	139.8374	-0.9423	139.9176	-0.3355
ZCwsz	117971	117353	140.2583	-1.0035	140.3405	-0.3883
ZCwsz	117971	117353	140.6720	-0.9511	140.7537	-0.3258
ZCwsz	117971	117353	141.0588	-0.7743	141.1386	-0.1428
ZCwsz	117971	117353	141.4379	-0.5815	141.5167	0.0540
ZCwsz	117971	117353	141.8156	-0.3857	141.8939	0.2526
ZCwsz	117933	117315	160.6257	5.5135	160.7040	5.2945
ZCwsz	117933	117315	161.1120	5.4685	161.1906	5.2490
ZCwsz	117933	117315	161.5981	5.5201	161.6677	5.3645
ZCwsz	117933	117315	162.0801	5.6016	162.1445	5.4806
ZCwsz	117933	117315	162.5563	5.7124	162.6214	5.5967
ZCwsz	117933	117315	163.0250	5.8515	163.0983	5.7128
ZCwsz	117933	117315	163.4982	5.9698	163.5782	5.8156
ZCwsz	117933	117315	163.9848	6.0169	164.0552	5.9314
ZCwsz	117933	117315	164.4701	6.0762	164.5337	6.0405
ZCwsz	117933	117315	164.9565	6.0987	165.0181	6.1057
ZCwsz	117933	117315	165.4431	6.0514	165.5088	6.0982
ZCwsz	117933	117315	165.9297	6.0031	165.9995	6.0888
ZCwsz	117933	117315	166.4162	5.9547	166.4903	6.0794
ZCwsz	117933	117315	166.9027	5.9063	166.9810	6.0701
ZCwsz	118039	117421	147.8369	0.8373	147.9151	1.5169
ZCwsz	118039	117421	148.3194	0.9349	148.3977	1.5823
ZCwsz	118039	117421	148.8018	1.0331	148.8805	1.6459
ZCwsz	118039	117421	149.2839	1.1323	149.3634	1.7094
ZCwsz	118039	117421	149.7660	1.2319	149.8462	1.7731
ZCwsz	118039	117421	150.2479	1.3325	150.3290	1.8367
ZCwsz	118039	117421	150.7297	1.4337	150.8119	1.9003
ZCwsz	118039	117421	151.2112	1.5358	151.2947	1.9639
ZCwsz	118039	117421	151.6938	1.6328	151.7783	2.0206
ZCwsz	118039	117421	152.1793	1.7143	152.2637	2.0603
ZCwsz	118039	117421	152.6645	1.7971	152.7491	2.0996
ZCwsz	118039	117421	153.1495	1.8816	153.2343	2.1412
ZCwsz	118039	117421	153.6359	1.9569	153.7201	2.1727
ZCwsz	118039	117421	154.1250	2.0127	154.2071	2.1804
ZCwsz	118039	117421	154.6136	2.0724	154.6940	2.1884
ZCwsz	118039	117421	155.1017	2.1367	155.1810	2.1963
ZCwsz	118039	117421	155.5891	2.2054	155.6679	2.2029
ZCwsz	118039	117421	156.0757	2.2802	156.1549	2.2093
ZCwsz	118039	117421	156.5623	2.3542	156.6418	2.2063
ZCwsz	118039	117421	157.0543	2.3687	157.1274	2.1752
ZCwsz	118039	117421	157.5462	2.3877	157.6142	2.1627
ZCwsz	118039	117421	158.0380	2.4080	158.1004	2.1371
ZCwsz	118039	117421	158.5280	2.3627	158.5872	2.1253
ZCwsz	118039	117421	159.0168	2.3045	159.0733	2.0962
ZCwsz	118039	117421	159.5071	2.2605	159.5589	2.0593
ZCwsz	118039	117421	159.9979	2.2233	160.0432	2.0083
ZCwsz	118039	117421	160.4899	2.2054	160.5295	1.9870
ZCwsz	118039	117421	160.9793	2.1570	161.0130	1.9368
ZCwsz	118039	117421	161.4018	1.9199	161.4592	1.7585
ZCwsz	118039	117421	161.7785	1.6029	161.8513	1.4696
ZCwsz	118039	117421	162.1361	1.2657	162.2157	1.1483
ZCwsz	118039	117421	162.4628	0.8975	162.5410	0.7859
ZCwsz	117967	117349	150.4499	-0.0466	150.5281	0.4413
ZCwsz	117967	117349	150.9323	-0.0945	151.0054	0.3566
ZCwsz	117967	117349	151.4148	-0.1410	151.4826	0.2715
ZCwsz	117967	117349	151.8974	-0.1863	151.9599	0.1863
ZCwsz	117967	117349	152.3802	-0.2304	152.4371	0.1011
ZCwsz	117967	117349	152.8630	-0.2728	152.9143	0.0159
ZCwsz	117967	117349	153.3453	-0.3214	153.3908	-0.0724
ZCwsz	117967	117349	153.8267	-0.3785	153.8651	-0.1728
ZCwsz	117967	117349	154.3084	-0.4324	154.3393	-0.2735
ZCwsz	117967	117349	154.7915	-0.4673	154.8151	-0.3645
ZCwsz	117967	117349	155.2762	-0.4640	155.2967	-0.4195
ZCwsz	117967	117349	155.7608	-0.4545	155.7784	-0.4736
ZCwsz	117967	117349	156.2453	-0.4381	156.2601	-0.5280
ZCwsz	117967	117349	156.7298	-0.4396	156.7397	-0.5976
ZCwsz	117967	117349	157.2139	-0.4644	157.2202	-0.6600
ZCwsz	117967	117349	157.6949	-0.5035	157.7011	-0.7154
ZCwsz	117967	117349	158.1353	-0.7001	158.1346	-0.9271
ZCwsz	117967	117349	158.5476	-0.9550	158.5618	-1.1562
ZCwsz	117967	117349	158.9621	-1.2063	158.9868	-1.3894
ZCwsz	117967	117349	159.3472	-1.4966	159.3843	-1.6619
ZCwsz	117967	117349	159.6982	-1.8310	159.7349	-1.9967
ZCwsz	117967	117349	160.0800	-2.1257	160.1020	-2.3106
ZCwsz	117967	117349	160.5063	-2.3564	160.5262	-2.5444
ZCwsz	117967	117349	160.9223	-2.6052	160.9418	-2.7933
ZCwsz	117967	117349	161.3183	-2.8846	161.3537	-3.0486
ZCwsz	117967	117349	161.7532	-3.0951	161.8031	-3.2253
ZCwsz	117968	117350	156.0229	-1.9100	156.1012	-1.9728
ZCwsz	117968	117350	156.5050	-1.9967	156.5666	-2.1287
ZCwsz	117968	117350	156.9788	-2.1212	157.0258	-2.3007
ZCwsz	117968	117350	157.4533	-2.2425	157.4936	-2.4491
ZCwsz	117968	117350	157.9297	-2.3568	157.9605	-2.6003
ZCwsz	117968	117350	158.3907	-2.5214	158.4255	-2.7570
ZCwsz	117968	117350	158.8469	-2.6998	158.8927	-2.9071
ZCwsz	117968	117350	159.3166	-2.8356	159.3664	-3.0331
ZCwsz	117968	117350	159.7965	-2.9336	159.8462	-3.1362
ZCwsz	117968	117350	160.2791	-3.0174	160.3267	-3.2341
ZCwsz	117968	117350	160.7617	-3.1003	160.8103	-3.3156
ZCwsz	117968	117350	161.2315	-3.2376	161.2861	-3.4341
ZCwsz	117968	117350	161.6989	-3.3843	161.7681	-3.5264
ZCwsz	117968	117350	162.1734	-3.5053	162.2500	-3.6197
ZCwsz	117968	117350	162.6545	-3.5972	162.7318	-3.7131
ZCwsz	117968	117350	163.1401	-3.6609	163.2131	-3.8090
ZCwsz	117968	117350	163.6144	-3.7765	163.6927	-3.9134
Cc	118022	117404	75.9455	-3.2756	64.1122	1.2026
Cc	118022	117404	76.4416	-3.2988	64.5933	1.0816
Cc	118022	117404	76.9381	-3.3116	65.0498	0.8861
Cc	118022	117404	77.4347	-3.3239	65.5125	0.7078
Cc	118022	117404	77.9270	-3.3748	65.9924	0.5796
Cc	118022	117404	78.4048	-3.5104	66.4710	0.4468
Cc	118022	117404	78.8743	-3.6727	66.9180	0.2401
Cc	118022	117404	79.3435	-3.8355	67.3138	-0.0598
Cc	118022	117404	79.8257	-3.9533	67.6926	-0.3811
Cc	118022	117404	80.3077	-4.0717	68.0750	-0.6980
Cc	118022	117404	80.7961	-4.0577	68.4550	-1.0179
Cc	118022	117404	81.2770	-3.9359	68.8354	-1.3368
Cc	118022	117404	81.7556	-3.8036	69.2967	-1.4435
Cc	118022	117404	82.2325	-3.6670	69.7730	-1.3138
Cc	118022	117404	82.7001	-3.4996	70.2449	-1.1593
Cc	118022	117404	83.1882	-3.4313	70.7231	-1.1352
Cc	118022	117404	83.6835	-3.3946	71.1966	-1.2851
Cc	117911	117293	93.2754	-2.3996	78.5219	-2.4449
Cc	117911	117293	93.7584	-2.3473	78.9701	-2.6497
Cc	117911	117293	94.2420	-2.2966	79.4223	-2.8455
Cc	117911	117293	94.7033	-2.1401	79.9074	-2.9363
Cc	117911	117293	95.1248	-1.8991	80.3979	-2.9292
Cc	117911	117293	95.4596	-1.5628	80.7621	-2.6834
Cc	117911	117293	95.4413	-1.0903	80.6932	-2.2024
Cc	117911	117293	95.4880	-0.6140	80.7992	-1.7218
Cc	117911	117293	95.6143	-0.1545	81.0959	-1.4450
Cc	117911	117293	96.0246	0.1089	81.5885	-1.4131
Cc	117911	117293	96.4315	0.3774	82.0779	-1.3490
Cc	117911	117293	96.8323	0.6550	82.5645	-1.2656
Cc	117911	117293	97.2329	0.9328	83.0492	-1.1714
Cc	117911	117293	97.6199	1.2292	83.5322	-1.0690
Cc	117911	117293	97.9907	1.5456	84.0068	-0.9335
Cc	117911	117293	98.3590	1.8651	84.4727	-0.7702
Cc	117911	117293	98.7342	2.1763	84.9377	-0.6042
Cc	117911	117293	99.1255	2.4671	85.3943	-0.4164
Cc	117911	117293	99.5167	2.7580	85.8410	-0.2062
Cc	117911	117293	99.8960	3.0642	86.2919	-0.0328
Cc	117911	117293	100.2769	3.3686	86.7679	-0.1635
Cc	117911	117293	100.6829	3.5974	87.2429	-0.2981
Cc	117911	117293	101.1680	3.5492	87.7206	-0.4231
Cc	117911	117293	101.6525	3.4951	88.1932	-0.5657
Cc	117911	117293	102.1369	3.4393	88.6645	-0.7129
Cc	117911	117293	102.6211	3.3832	89.1367	-0.8572
Cc	117911	117293	103.1055	3.3275	89.6083	-1.0034
Cc	117911	117293	103.5898	3.2712	90.0780	-1.1554
Cc	117911	117293	104.0750	3.2244	90.5546	-1.2845
Cc	117911	117293	104.5609	3.1852	91.0395	-1.3671
Cc	117911	117293	105.0440	3.2190	91.5307	-1.4162
Cc	117911	117293	105.5258	3.2940	92.0212	-1.4724
Cc	117911	117293	106.0079	3.3663	92.5128	-1.5176
Cc	117911	117293	106.4947	3.3901	93.0063	-1.5268
Cc	117911	117293	106.9820	3.4061	93.5000	-1.5309
Cc	117911	117293	107.4694	3.4146	93.9936	-1.5334
Cc	117911	117293	107.9569	3.4172	94.4832	-1.4704
Cc	117906	117596	110.5944	4.6566	97.2261	0.2305
Cc	117906	117596	111.0351	4.4792	97.7046	0.1084
Cc	117906	117596	111.4721	4.2934	98.1803	-0.0233
Cc	117906	117596	111.9081	4.1047	98.6486	-0.1795
Cc	117906	117596	112.3518	3.9363	99.1185	-0.3305
Cc	117906	117596	112.7893	3.7516	99.5947	-0.4590
Cc	117906	117596	113.2434	3.6468	100.0831	-0.4922
Cc	117906	117596	113.3651	3.2531	100.2218	-0.8199
Cc	118138	117521	110.4428	-0.3081	107.8368	-0.9797
Cc	118138	117521	110.4479	-0.7930	107.8164	-1.4657
Cc	118138	117521	110.5741	-1.2431	107.9755	-1.8948
Cc	118138	117521	110.9175	-1.5816	108.3711	-2.1716
Cc	118138	117521	111.3508	-1.7529	108.8388	-2.2228
Cc	118138	117521	111.8352	-1.7764	109.3242	-2.1914
Cc	118138	117521	112.3185	-1.8120	109.8061	-2.1336
Cc	118138	117521	112.8028	-1.7885	110.2782	-2.0170
Cc	118138	117521	113.2842	-1.7333	110.7526	-1.9098
Cc	118138	117521	113.7650	-1.6703	111.2277	-1.8057
Cc	118138	117521	114.2378	-1.5651	111.6902	-1.6571
Cc	118138	117521	114.7052	-1.4358	112.1470	-1.4901
Cc	118138	117521	115.1723	-1.3055	112.6176	-1.3677
Cc	118138	117521	115.6282	-1.1443	113.0926	-1.2635
Cc	118138	117521	116.0602	-0.9243	113.5402	-1.0752
Cc	118138	117521	116.4703	-0.6660	113.9592	-0.8291
Cc	118138	117521	116.8774	-0.4036	114.3888	-0.6035
Cc	118138	117521	117.3183	-0.2018	114.8459	-0.4388
Cc	118138	117521	117.7499	0.0189	115.2923	-0.2463
Cc	118138	117521	118.2072	0.1778	115.7479	-0.0807
Cc	118138	117521	118.6881	0.2287	116.2314	-0.0445
Cc	118138	117521	119.1728	0.2195	116.7165	-0.0769
Cc	118138	117521	119.6561	0.2559	117.2021	-0.0947
Cc	118138	117521	120.1379	0.3111	117.6883	-0.0874
Cc	118138	117521	120.6151	0.3949	118.1734	-0.0542
Cc	118138	117521	121.0937	0.4719	118.6594	-0.0424
Cc	118138	117521	121.5737	0.5412	119.1423	-0.0042
Cc	118138	117521	122.0574	0.5744	119.6242	0.0559
Cc	118138	117521	122.5420	0.5653	120.1095	0.0478
Cc	118138	117521	123.0180	0.4886	120.5838	-0.0502
Cc	118138	117521	123.4607	0.2906	121.0252	-0.2544
Cc	118138	117521	123.9005	0.0863	121.4676	-0.4567
Cc	118138	117521	124.3350	-0.1289	121.9074	-0.6645
Cc	118015	117397	125.2125	1.2418	122.9548	0.9884
Cc	118015	117397	125.6156	1.0013	123.3564	0.7463
Cc	118015	117397	126.0179	0.7594	123.7571	0.5030
Cc	118015	117397	126.4220	0.5209	124.1597	0.2627
Cc	118015	117397	126.8323	0.2929	124.5691	0.0343
Cc	118015	117397	127.2428	0.0653	124.9776	-0.1958
Cc	118015	117397	127.6171	-0.1951	125.3491	-0.4589
Cc	118015	117397	127.7133	-0.6491	125.4440	-0.9126
Cc	118015	117397	127.7372	-1.1179	125.4703	-1.3807
Cc	117975	117599	125.9694	-2.1226	123.9082	-2.2975
Cc	117975	117599	126.4580	-2.1954	124.3923	-2.3709
Cc	117975	117599	126.9463	-2.2692	124.8769	-2.4410
Cc	117975	117599	127.4348	-2.3429	125.3611	-2.5132
Cc	117975	117599	127.9226	-2.4204	125.8459	-2.5824
Cc	117975	117599	128.4102	-2.4990	126.3303	-2.6534
Cc	117975	117599	128.8976	-2.5791	126.8150	-2.7230
Cc	117975	117599	129.3850	-2.6593	127.2997	-2.7921
Cc	117973	117355	134.2027	-0.1256	132.0931	-0.1171
Cc	117973	117355	133.8241	-0.3754	131.7160	-0.3766
Cc	117973	117355	133.4563	-0.6409	131.3507	-0.6523
Cc	117973	117355	133.0948	-0.9150	130.9927	-0.9376
Cc	117973	117355	132.7341	-1.1901	130.6350	-1.2231
Cc	117973	117355	132.3424	-1.4142	130.2468	-1.4613
Cc	117973	117355	131.9372	-1.6177	129.8429	-1.6764
Cc	117973	117355	131.5302	-1.8169	129.4383	-1.8891
Cc	117973	117355	131.1136	-1.9964	129.0223	-2.0800
Cc	117973	117355	130.7030	-2.1892	128.6129	-2.2848
Cc	117973	117355	130.2932	-2.3838	128.2044	-2.4911
Cc	117973	117355	129.8811	-2.5736	127.7938	-2.6934
Cc	117934	117316	160.9832	5.7621	161.0614	5.5325
Cc	117934	117316	161.4422	5.8086	161.5128	5.6350
Cc	117934	117316	161.8985	5.8759	161.9628	5.7445
Cc	117934	117316	162.3501	5.9695	162.4128	5.8541
Cc	117934	117316	162.7959	6.0884	162.8628	5.9637
Cc	117934	117316	163.2358	6.2274	163.3138	6.0690
Cc	117934	117316	163.6913	6.2949	163.7659	6.1692
Cc	117934	117316	164.1498	6.3453	164.2161	6.2779
Cc	117934	117316	164.6076	6.4027	164.6683	6.3779
Cc	117934	117316	165.0663	6.3809	165.1287	6.3975
Cc	117934	117316	165.5254	6.3353	165.5918	6.3886
Cc	117934	117316	165.9845	6.2896	166.0548	6.3797
Cc	117934	117316	166.4436	6.2439	166.5179	6.3709
Cc	117934	117316	166.9027	6.1983	166.9810	6.3621
Cc	117963	117345	153.2058	0.0028	153.2840	0.2571
Cc	117963	117345	153.6865	-0.0550	153.7614	0.1565
Cc	117963	117345	154.1677	-0.1099	154.2386	0.0550
Cc	117963	117345	154.6492	-0.1608	154.7159	-0.0462
Cc	117963	117345	155.1333	-0.1635	155.1999	-0.1067
Cc	117963	117345	155.6175	-0.1562	155.6847	-0.1611
Cc	117963	117345	156.1015	-0.1415	156.1696	-0.2155
Cc	117963	117345	156.5855	-0.1321	156.6527	-0.2822
Cc	117963	117345	157.0692	-0.1558	157.1357	-0.3494
Cc	117963	117345	157.5531	-0.1737	157.6210	-0.3993
Cc	117963	117345	158.0161	-0.2910	158.0789	-0.5490
Cc	117963	117345	158.4320	-0.5386	158.5069	-0.7827
Cc	117963	117345	158.8441	-0.7929	158.9347	-1.0174
Cc	117963	117345	159.2597	-1.0412	159.3583	-1.2590
Cc	117963	117345	159.6292	-1.3516	159.7272	-1.5755
Cc	117963	117345	159.9829	-1.6822	160.0783	-1.9141
Cc	117963	117345	160.3872	-1.9448	160.4862	-2.1755
Cc	117963	117345	160.8079	-2.1843	160.9072	-2.4214
Cc	117963	117345	161.2073	-2.4579	161.3197	-2.6812
Cc	117963	117345	161.6142	-2.7189	161.7564	-2.8959
Cc	117963	117345	162.0714	-2.7425	162.2186	-2.8304
Cc	117963	117345	162.5148	-2.5481	162.6631	-2.6293
Cc	117963	117345	162.9483	-2.3323	163.1076	-2.4282
Cc	117963	117345	163.3824	-2.1191	163.5571	-2.2383
Cc	117963	117345	163.8432	-1.9713	164.0016	-2.0373
Cc	117963	117345	164.2976	-1.8045	164.4395	-1.8222
Cc	117963	117345	164.7469	-1.6239	164.8777	-1.6076
Cc	117963	117345	165.1952	-1.4407	165.3159	-1.3932
Cc	117963	117345	165.6433	-1.2571	165.7540	-1.1785
Cc	117963	117345	166.0859	-1.0609	166.1856	-0.9511
Cc	117963	117345	166.5254	-0.8576	166.6144	-0.7183
Cc	117963	117345	166.9649	-0.6543	167.0432	-0.4856
Cc	117969	117351	161.8677	-3.1239	161.9459	-3.2538
Cc	117969	117351	162.3277	-3.2312	162.4074	-3.3435
Cc	117969	117351	162.7932	-3.3110	162.8689	-3.4332
Cc	117969	117351	163.2617	-3.3713	163.3286	-3.5312
Cc	117969	117351	163.7183	-3.4888	163.7911	-3.6097
Cc	117969	117351	164.1851	-3.5588	164.2610	-3.6193
Cc	117969	117351	164.6543	-3.6136	164.7310	-3.6306
Cc	117969	117351	165.1240	-3.6645	165.2009	-3.6435
Cc	117969	117351	165.5937	-3.7151	165.6709	-3.6565
Cc	117969	117351	166.0634	-3.7657	166.1409	-3.6694
Cc	117969	117351	166.5331	-3.8163	166.6108	-3.6822
Cc	117969	117351	167.0028	-3.8669	167.0808	-3.6952
Cc	117969	117351	167.4725	-3.9175	167.5508	-3.7086
TsO	117909+117944	117291	113.8600	2.4134	111.3150	2.2434
TsO	117909+117944	117291	114.3626	2.4879	111.7793	2.4072
TsO	117909+117944	117291	114.8652	2.5625	112.2675	2.4689
TsO	117909+117944	117291	115.3680	2.6337	112.7604	2.4678
TsO	117909+117944	117291	115.8760	2.6450	113.2531	2.4710
TsO	117909+117944	117291	116.3840	2.6564	113.7458	2.4910
TsO	117909+117944	117291	116.8917	2.6614	114.2376	2.4657
TsO	117909+117944	117291	117.3976	2.6148	114.7249	2.3910
TsO	117909+117944	117291	117.9036	2.5683	115.2074	2.2896
TsO	117909+117944	117291	118.4095	2.5371	115.6947	2.2181
TsO	117909+117944	117291	118.9150	2.5875	116.1814	2.1415
TsO	117909+117944	117291	119.4206	2.6380	116.6733	2.1073
TsO	117909+117944	117291	119.9254	2.6944	117.1642	2.1274
TsO	117909+117944	117291	120.4278	2.7701	117.6380	2.2566
TsO	117909+117944	117291	120.9302	2.8459	118.1118	2.3907
TsO	117909+117944	117291	121.4341	2.8902	118.6038	2.3949
TsO	117909+117944	117291	121.9413	2.8610	119.0955	2.3584
TsO	117909+117944	117291	122.4486	2.8319	119.5875	2.3282
TsO	117909+117944	117291	122.9551	2.7938	120.0796	2.2969
TsO	117909+117944	117291	123.4602	2.7391	120.5710	2.2551
TsO	117909+117944	117291	123.9653	2.6844	121.0632	2.2257
TsO	117909+117944	117291	124.4695	2.6226	121.5559	2.2111
TsO	117909+117944	117291	124.9722	2.5483	122.0481	2.2396
TsO	117909+117944	117291	125.4748	2.4740	122.5411	2.2399
TsO	117909+117944	117291	125.9778	2.4025	123.0342	2.2394
TsO	117909+117944	117291	126.4831	2.3502	123.5261	2.2052
TsO	117909+117944	117326	126.4931	2.3492	123.5170	2.1776
TsO	117909+117944	117326	126.9636	2.3005	123.9777	2.0909
TsO	117909+117944	117326	127.4440	2.2508	124.4398	2.0122
TsO	117909+117944	117326	127.9244	2.2011	124.8958	1.9050
TsO	117909+117944	117326	128.4048	2.1514	125.3480	1.7816
TsO	117909+117944	117326	128.8852	2.1017	125.8010	1.6610
TsO	117909+117944	117326	129.3656	2.0520	126.2579	1.5565
TsO	117909+117944	117326	129.8461	2.0023	126.7164	1.4585
TsO	117909+117944	117326	130.3265	1.9526	127.1739	1.3568
TsO	117909+117944	117326	130.8069	1.9029	127.6361	1.2791
TsO	117909+117944	117326	131.2873	1.8532	128.1008	1.2174
TsO	117909+117944	117326	131.7677	1.8035	128.5661	1.1603
TsO	117909+117944	117326	132.2481	1.7538	129.0306	1.0978
TsO	117909+117944	117326	132.7286	1.7041	129.4940	1.0270
PPu	118164	117485	97.3145	8.8917	83.0938	6.0056
PPu	118164	117485	97.7211	9.1823	83.5851	6.0963
PPu	118164	117485	98.1282	9.4720	84.0809	6.1573
PPu	118164	117485	98.5362	9.7606	84.5782	6.2063
PPu	118164	117485	98.9513	10.0388	85.0732	6.2740
PPu	118164	117485	99.3702	10.3114	85.5676	6.3471
PPu	118164	117485	99.7917	10.5797	86.0630	6.4121
PPu	118164	117485	100.2495	10.7550	86.5526	6.3473
PPu	118164	117485	100.7464	10.7966	87.0353	6.2182
PPu	118164	117485	101.2453	10.7679	87.5183	6.0898
PPu	118164	117485	101.7439	10.7348	87.9996	5.9555
PPu	118164	117485	102.2417	10.6913	88.4822	5.8257
PPu	118164	117485	102.7392	10.6444	88.9638	5.6925
PPu	118164	117485	103.2358	10.5938	89.4449	5.5575
PPu	118164	117485	103.7352	10.5774	89.9349	5.4634
PPu	118164	117485	104.2349	10.5697	90.4322	5.4142
PPu	118164	117485	104.7345	10.5608	90.9289	5.3604
PPu	118164	117485	105.2341	10.5497	91.4248	5.2982
PPu	118164	117485	105.7337	10.5387	91.9213	5.2421
PPu	118164	117485	106.2327	10.5447	92.4208	5.2339
PPu	118164	117485	106.7304	10.5894	92.9176	5.2775
PPu	118164	117485	107.2196	10.6899	93.4120	5.3509
PPu	118164	117485	107.7025	10.8180	93.9046	5.4346
PPu	118164	117485	108.1781	10.9709	94.3885	5.5583
PPu	118164	117485	108.6607	11.0951	94.8792	5.6525
PPu	118164	117485	109.1397	11.2358	95.3725	5.7323
PPu	118164	117485	109.6228	11.3629	95.8635	5.8219
PPu	118164	117485	110.1168	11.4355	96.3450	5.9556
PPu	118164	117485	110.6149	11.4729	96.8294	6.0785
PPu	118164	117485	111.1144	11.4754	97.3164	6.1905
PPu	118164	117485	111.6100	11.5347	97.8035	6.3021
PPu	118164	117485	112.0876	11.6808	98.2879	6.4245
PPu	118164	117485	112.5255	11.9181	98.7730	6.5446
PPu	118164	117485	112.9281	12.2132	99.2576	6.6666
PPu	118164	117485	113.3276	12.5130	99.7313	6.8247
PPu	118164	117485	113.7456	12.7850	100.1987	7.0014
PPu	118164	117485	114.1957	13.0015	100.6714	7.1637
PPu	118164	117485	114.6624	13.1796	101.1481	7.3134
PPu	118164	117485	115.1390	13.3291	101.6056	7.5139
PPu	118164	117485	115.6125	13.4883	102.0601	7.7215
PPu	118164	117485	116.0870	13.6427	102.5218	7.9126
PPu	118164	117485	116.5317	13.8700	102.9911	8.0843
PPu	118164	117485	116.9840	14.0811	103.4540	8.2723
PPu	118164	117485	117.4233	14.3188	103.9130	8.4699
PPu	118164	117485	117.8327	14.6044	104.3798	8.6481
PPu	118164	117485	118.2294	14.9082	104.8483	8.8220
PPu	118164	117485	118.6402	15.1925	105.3132	9.0052
PPu	118164	117485	119.0988	15.3892	105.7608	9.2262
PPu	118164	117485	119.5660	15.5665	106.1741	9.5045
PPu	118164	117485	120.0389	15.7278	106.6153	9.7388
PPu	118164	117485	120.5151	15.8793	107.0601	9.9657
PPu	118164	117485	120.9919	16.0289	107.5086	10.1861
PPu	118164	117485	121.4733	16.1628	107.9316	10.4509
PPu	118164	117485	121.9569	16.2887	108.3712	10.6881
PPu	118164	117485	122.4419	16.4094	108.8168	10.9125
PPu	118164	117485	122.9217	16.5487	109.2601	11.1424
PPu	118164	117485	123.3978	16.7006	109.6545	11.4488
PPu	118164	117485	123.8772	16.8415	110.0359	11.7709
PPu	118164	117485	124.3534	16.9929	110.3951	12.1165
PPu	118164	117485	124.8406	17.0936	110.7004	12.5104
PPu	118164	117485	125.3361	17.1587	111.0322	12.8809
PPu	118164	117485	125.8215	17.2700	111.3924	13.2254
PPu	118164	117485	126.2871	17.4513	111.7403	13.5811
PPu	118164	117485	126.7658	17.5925	112.1066	13.9200
PPu	118164	117485	127.2583	17.6751	112.4517	14.2799
PPu	118164	117485	127.7521	17.7489	112.7820	14.6544
PPu	118164	117485	128.2458	17.8260	113.1233	15.0183
PPu	118164	117485	128.7386	17.9085	113.4772	15.3680
PPu	118164	117485	129.2348	17.9677	113.8935	15.6413
PPu	118164	117485	129.7330	18.0052	114.3090	15.9130
PPu	118164	117485	130.2322	18.0285	114.6552	16.2713
PPu	117922	117304	116.4846	8.6170	104.4186	4.3950
PPu	117922	117304	116.8829	8.6526	104.8876	4.4990
PPu	117922	117304	117.2803	8.6409	105.3600	4.5817
PPu	117922	117304	117.6713	8.5563	105.8388	4.6217
PPu	117930	117312	117.6732	8.5574	105.8412	4.6234
PPu	117930	117312	118.0637	8.5713	106.2696	4.7369
PPu	117930	117312	118.4464	8.7172	106.6838	4.9201
PPu	117930	117312	118.7978	8.8684	107.0970	5.1059
PPu	117930	117312	118.8051	8.4614	107.1308	4.7742
PPu	117915	117297	113.7713	3.9737	111.2254	3.8100
PPu	117915	117297	113.9465	3.7117	111.3939	3.5630
PPu	117915	117297	114.3995	3.8658	111.8441	3.7382
PPu	117915	117297	114.8510	4.0248	112.3129	3.8565
PPu	117915	117297	115.3281	4.0537	112.7945	3.8919
PPu	117915	117297	115.8069	4.0385	113.2769	3.8711
PPu	117915	117297	116.2853	4.0135	113.7589	3.8326
PPu	117915	117297	116.7636	4.0180	114.2396	3.7823
PPu	117915	117297	117.2390	4.0772	114.7229	3.7744
PPu	117915	117297	117.7126	4.1467	115.2048	3.8059
PPu	117915	117297	118.1681	4.2932	115.6820	3.8766
PPu	117915	117297	118.5772	4.5401	116.1257	4.0625
PPu	117915	117297	118.9952	4.7680	116.5338	4.3201
PPu	117915	117297	119.4593	4.8857	116.9987	4.4429
PPu	117915	117297	119.9291	4.9789	117.4806	4.4785
PPu	117915	117297	120.4002	5.0660	117.9597	4.5389
PPu	117915	117297	120.8781	5.0737	118.4412	4.5600
PPu	117915	117297	121.3568	5.0557	118.9236	4.5275
PPu	117915	117297	121.8331	5.0103	119.4037	4.4780
PPu	117915	117297	122.3072	4.9422	119.8795	4.3919
PPu	117915	117297	122.7849	4.9071	120.3596	4.3354
PPu	117915	117297	123.2611	4.8548	120.8414	4.2961
PPu	117915	117297	123.7372	4.8016	121.3222	4.2444
PPu	117937	117319	165.2783	9.9609	165.3565	9.9942
PPu	117937	117319	165.6844	9.9205	165.7626	9.9864
PPu	117937	117319	166.0905	9.8802	166.1688	9.9786
PPu	117937	117319	166.4966	9.8398	166.5749	9.9709
PPu	117937	117319	166.9027	9.7994	166.9810	9.9632
Cbn	117921	117303	92.5593	-1.7985	77.8020	-1.3997
Cbn	117921	117303	92.9702	-1.7017	78.1639	-1.5479
Cbn	117921	117303	93.3485	-1.5070	78.5554	-1.5769
Cbn	117921	117303	93.7139	-1.2884	78.9493	-1.5757
Cbn	118100	117483	93.9484	-0.7171	79.2029	-1.1661
Cbn	118100	117483	94.3290	-0.4127	79.6181	-1.0044
Cbn	118100	117483	94.4476	0.0715	79.7612	-0.5256
Cbn	118100	117483	94.5716	0.5544	79.9099	-0.0486
Cbn	118100	117483	94.7914	0.9701	80.3431	0.0930
Cbn	118100	117483	95.2073	1.2451	80.8390	0.1538
Cbn	118100	117483	95.6167	1.5294	81.3348	0.2158
Cbn	118100	117483	96.0227	1.8188	81.8309	0.2755
Cbn	118100	117483	96.4270	2.1105	82.3259	0.3435
Cbn	118100	117483	96.8198	2.4172	82.8213	0.4087
Cbn	118100	117483	97.2088	2.7289	83.3119	0.5023
Cbn	118100	117483	97.6014	3.0361	83.7924	0.6392
Cbn	118100	117483	97.9949	3.3423	84.2748	0.7697
Cbn	118100	117483	98.3884	3.6483	84.7504	0.9227
Cbn	118100	117483	98.7823	3.9540	85.2200	1.0930
Cbn	118100	117483	99.1829	4.2508	85.6979	1.2387
Cbn	118100	117483	99.5851	4.5453	86.1690	1.4051
Cbn	118100	117483	99.9917	4.8338	86.6477	1.3598
Cbn	118100	117483	100.4004	5.1193	87.1260	1.2153
Cbn	118100	117483	100.8678	5.1845	87.6024	1.0646
Cbn	118100	117483	101.3620	5.1183	88.0721	0.8943
Cbn	118100	117483	101.8559	5.0505	88.5441	0.7302
Cbn	118100	117483	102.3496	4.9814	89.0208	0.5806
Cbn	118100	117483	102.8446	4.9224	89.4982	0.4328
Cbn	118100	117483	103.3403	4.8696	89.9702	0.2689
Cbn	118100	117483	103.8361	4.8170	90.4469	0.1193
Cbn	118100	117483	104.3317	4.7635	90.9231	-0.0322
Cbn	118100	117483	104.8273	4.7090	91.4062	-0.1550
Cbn	118100	117483	105.3246	4.7235	91.9002	-0.2291
Cbn	118100	117483	105.8231	4.7238	92.3965	-0.2875
Cbn	118100	117483	106.3217	4.7218	92.8943	-0.3285
Cbn	118100	117483	106.8201	4.7103	93.3936	-0.3483
Cbn	118100	117483	107.3160	4.6610	93.8915	-0.3894
Cbn	118100	117483	107.8084	4.5828	94.3905	-0.3713
Cbn	118100	117483	108.3006	4.5041	94.8896	-0.3462
Cbn	118100	117483	108.7938	4.4310	95.3891	-0.3348
Cbn	118100	117483	109.2868	4.3570	95.8886	-0.3223
Cbn	118100	117483	109.7796	4.2816	96.3874	-0.2927
Cbn	117929	117311	112.3192	5.7173	99.3331	1.1240
Cbn	117929	117311	112.7244	5.5968	99.7730	1.0776
Cbn	117929	117311	113.1074	5.4181	100.2048	0.9838
Cbn	117929	117311	113.4967	5.2567	100.6384	0.9028
Cbn	117929	117311	113.9117	5.1761	101.0806	0.8983
Cbn	117929	117311	114.3312	5.1245	101.5209	0.9357
Cbn	117929	117311	114.7520	5.0821	101.9554	1.0180
Cbn	117929	117311	115.1725	5.0366	102.3870	1.1151
Cbn	117929	117311	115.2977	4.6680	102.5536	0.7909
Cbn	118143	117526	112.0696	0.9429	109.4955	0.5656
Cbn	118143	117526	112.0373	0.4555	109.4633	0.0776
Cbn	118143	117526	112.0054	-0.0319	109.4320	-0.4105
Cbn	118143	117526	112.3090	-0.3945	109.7560	-0.7420
Cbn	118143	117526	112.7163	-0.6615	110.2068	-0.8956
Cbn	118143	117526	113.1953	-0.5832	110.6755	-0.7567
Cbn	118143	117526	113.6656	-0.4518	111.1321	-0.5819
Cbn	118143	117526	114.1239	-0.2831	111.5730	-0.3701
Cbn	118143	117526	114.5819	-0.1131	112.0188	-0.1692
Cbn	118143	117526	115.0078	0.1246	112.4689	0.0209
Cbn	118143	117526	115.4167	0.3915	112.8910	0.2674
Cbn	118143	117526	115.8261	0.6581	113.3144	0.5114
Cbn	118143	117526	116.2662	0.8688	113.7674	0.6946
Cbn	118143	117526	116.7209	1.0469	114.2422	0.8109
Cbn	118143	117526	117.1993	1.1431	114.7252	0.8870
Cbn	118143	117526	117.6862	1.1821	115.2116	0.9339
Cbn	118143	117526	118.1745	1.1784	115.7004	0.9251
Cbn	118143	117526	118.6626	1.1636	116.1862	0.8705
Cbn	118143	117526	119.1493	1.1992	116.6741	0.8491
Cbn	118143	117526	119.6284	1.2930	117.1601	0.8974
Cbn	118143	117526	120.0770	1.4840	117.6344	1.0166
Cbn	118009	117587	120.3194	1.6385	117.8932	1.1411
Cbn	118009	117587	120.8042	1.6767	118.3785	1.1510
Cbn	118009	117587	121.2901	1.6872	118.8644	1.1864
Cbn	118009	117587	121.7760	1.6674	119.3508	1.1642
Cbn	118009	117587	122.2621	1.6647	119.8362	1.1246
Cbn	118009	117587	122.7483	1.6707	120.3233	1.1149
Cbn	118009	117587	123.2227	1.5751	120.8018	1.0358
Cbn	118009	117587	123.6832	1.4188	121.2638	0.8809
Cbn	118009	117587	124.1431	1.2608	121.7235	0.7192
Cbn	118009	117587	124.5994	1.0927	122.1817	0.5533
Cbn	118009	117587	125.0599	0.9364	122.6402	0.3882
Cbn	117918	117300	128.8365	0.7680	126.5569	0.5338
Cbn	117918	117300	128.9788	0.4213	126.7000	0.1864
Cbn	117918	117300	129.1210	0.0745	126.8430	-0.1610
Cbn	117918	117300	129.1748	-0.2960	126.8980	-0.5324
Cbn	118040	117422	127.3451	-1.3312	125.2674	-1.4952
Cbn	118040	117422	127.8218	-1.2158	125.7437	-1.3716
Cbn	118040	117422	128.2991	-1.1026	126.2200	-1.2484
Cbn	118040	117422	128.7823	-1.1369	126.7052	-1.2771
Cbn	118040	117422	129.2659	-1.1944	127.1915	-1.3213
Cbn	118040	117422	129.7501	-1.1249	127.6748	-1.2360
Cbn	118040	117422	130.1992	-0.9290	128.1199	-1.0267
Cbn	118040	117422	130.6421	-0.7182	128.5595	-0.8057
Cbn	118040	117422	131.0862	-0.5100	128.9997	-0.5859
Cbn	118040	117422	131.5348	-0.3116	129.4442	-0.3751
Cbn	118040	117422	131.9722	-0.0907	129.8758	-0.1399
Cbn	118040	117422	132.3700	0.1959	130.2684	0.1563
Cbn	118040	117422	132.7601	0.4931	130.6522	0.4642
Cbn	118131	117514	159.1162	0.7610	159.1944	0.5541
Cbn	118131	117514	159.5403	0.5230	159.6230	0.3172
Cbn	118131	117514	159.9659	0.2880	160.0460	0.0704
Cbn	118131	117514	160.3730	0.0264	160.4548	-0.1961
Cbn	118131	117514	160.7316	-0.3019	160.8152	-0.5274
Cbn	118131	117514	161.0912	-0.6283	161.1791	-0.8528
Cbn	118131	117514	161.4839	-0.9149	161.5994	-1.1034
Cbn	118131	117514	161.9051	-1.1206	162.0461	-1.2410
Cbn	118131	117514	162.3629	-0.9763	162.4985	-1.0620
Cbn	118131	117514	162.8015	-0.7665	162.9447	-0.8601
Cbn	118131	117514	163.2329	-0.5424	163.3949	-0.6679
Cbn	118131	117514	163.6880	-0.3739	163.8403	-0.4650
Cbn	118131	117514	164.1499	-0.2220	164.2853	-0.2606
Cbn	118131	117514	164.6093	-0.0628	164.7335	-0.0634
Cbn	118131	117514	165.0680	0.0987	165.1830	0.1311
Cbn	118131	117514	165.5267	0.2602	165.6325	0.3253
Cbn	118131	117514	165.9854	0.4217	166.0820	0.5196
Cbn	118131	117514	166.4440	0.5831	166.5315	0.7140
Cbn	118131	117514	166.9027	0.7446	166.9810	0.9084
Cbn	117935	117317	163.3256	7.7945	163.4039	7.6249
Cbn	117935	117317	163.7721	7.8438	163.8420	7.7290
Cbn	117935	117317	164.2189	7.8939	164.2805	7.8334
Cbn	117935	117317	164.6659	7.8808	164.7273	7.8651
Cbn	117935	117317	165.1132	7.8361	165.1781	7.8565
Cbn	117935	117317	165.5606	7.7917	165.6288	7.8478
Cbn	117935	117317	166.0080	7.7472	166.0795	7.8391
Cbn	117935	117317	166.4553	7.7027	166.5302	7.8306
Cbn	117935	117317	166.9027	7.6582	166.9810	7.8220
Cbn	117970	117352	162.9706	-2.6214	163.0488	-2.7547
Cbn	117970	117352	163.4488	-2.7099	163.5214	-2.8716
Cbn	117970	117352	163.9156	-2.8404	164.0024	-2.9331
Cbn	117970	117352	164.3983	-2.9038	164.4892	-2.9435
Cbn	117970	117352	164.8819	-2.9607	164.9758	-2.9598
Cbn	117970	117352	165.3667	-3.0018	165.4623	-2.9605
Cbn	117970	117352	165.8536	-2.9990	165.9473	-2.9182
Cbn	117970	117352	166.3405	-2.9928	166.4322	-2.8730
Cbn	117970	117352	166.8244	-2.9589	166.9116	-2.7988
Cbn	117970	117352	167.3006	-2.8573	167.3789	-2.6619
OMu	118123	117506	96.4800	5.8724	82.0322	3.6890
OMu	118123	117506	96.8391	6.2125	82.5082	3.8225
OMu	118123	117506	97.1946	6.5564	82.9710	3.9971
OMu	118123	117506	97.5500	6.9004	83.4362	4.1652
OMu	118123	117506	97.9061	7.2437	83.9052	4.3219
OMu	118123	117506	98.2625	7.5868	84.3707	4.4887
OMu	118123	117506	98.6213	7.9273	84.8423	4.6260
OMu	118123	117506	99.0260	8.2064	85.3340	4.6779
OMu	118123	117506	99.4623	8.4394	85.8269	4.7177
OMu	118123	117506	99.8973	8.6747	86.3173	4.7559
OMu	118123	117506	100.3423	8.8782	86.8043	4.6693
OMu	118123	117506	100.8313	8.9507	87.2901	4.5762
OMu	118123	117506	101.3246	8.9873	87.7719	4.4646
OMu	118123	117506	101.8182	9.0188	88.2504	4.3393
OMu	118123	117506	102.3125	9.0051	88.7314	4.2241
OMu	118123	117506	102.8067	8.9830	89.2133	4.1125
OMu	118123	117506	103.3004	8.9812	89.6957	4.0050
OMu	118123	117506	103.7936	9.0179	90.1853	3.9356
OMu	118123	117506	104.2879	9.0313	90.6779	3.8909
OMu	118123	117506	104.7825	9.0228	91.1711	3.8530
OMu	118123	117506	105.2771	9.0241	91.6634	3.8048
OMu	118123	117506	105.7717	9.0242	92.1564	3.7674
OMu	118123	117506	106.2664	9.0244	92.6508	3.7582
OMu	118123	117506	106.7610	9.0248	93.1441	3.7936
OMu	118123	117506	107.2532	9.0734	93.6333	3.8628
OMu	118123	117506	107.7455	9.1220	94.1163	3.9683
OMu	118123	117506	108.2302	9.2166	94.5892	4.1130
OMu	118123	117506	108.7081	9.3435	95.0626	4.2566
OMu	118123	117506	109.1782	9.4968	95.5474	4.3524
OMu	118123	117506	109.6515	9.6366	96.0348	4.4366
OMu	118123	117506	110.1414	9.7051	96.5232	4.5149
OMu	118123	117506	110.6328	9.7612	97.0122	4.5878
OMu	118123	117506	111.1202	9.8386	97.5047	4.6338
OMu	118123	117506	111.6113	9.8963	97.9961	4.6840
OMu	118123	117506	112.1055	9.9078	98.4769	4.8003
OMu	118123	117506	112.5973	9.9561	98.9565	4.9210
OMu	118123	117506	113.0744	10.0836	99.4288	5.0672
OMu	118123	117506	113.5237	10.2868	99.8850	5.2583
OMu	118123	117506	113.9267	10.5727	100.3417	5.4481
OMu	118123	117506	114.3148	10.8791	100.8052	5.6206
OMu	118123	117506	114.7142	11.1706	101.2739	5.7788
OMu	118123	117506	115.1475	11.4087	101.7414	5.9404
OMu	118123	117506	115.6007	11.6060	102.2059	6.1101
OMu	118123	117506	116.0666	11.7710	102.6551	6.3172
OMu	118123	117506	116.5296	11.9451	103.1089	6.5139
OMu	118123	117506	117.0004	12.0962	103.5621	6.7119
OMu	118123	117506	117.4393	12.3224	104.0124	6.9166
OMu	118123	117506	117.8835	12.5391	104.4591	7.1291
OMu	118123	117506	118.3103	12.7890	104.9053	7.3425
OMu	118123	117506	118.7229	13.0599	105.3572	7.5435
OMu	118123	117506	119.1470	13.3143	105.8076	7.7481
OMu	118123	117506	119.5822	13.5493	106.2605	7.9469
OMu	118123	117506	120.0421	13.7259	106.7211	8.1262
OMu	118123	117506	120.5214	13.8483	107.1508	8.3681
OMu	118123	117506	121.0026	13.9626	107.5835	8.6076
OMu	118123	117506	121.4873	14.0611	108.0145	8.8492
OMu	118123	117506	121.9728	14.1555	108.4579	9.0686
OMu	118123	117506	122.4593	14.2451	108.8915	9.3057
OMu	118123	117506	122.9484	14.3186	109.3469	9.4982
OMu	118123	117506	123.4380	14.3887	109.7913	9.7135
OMu	118123	117506	123.9282	14.4552	110.2280	9.9438
OMu	118123	117506	124.4149	14.5429	110.6289	10.2317
OMu	118123	117506	124.9008	14.6355	110.9909	10.5680
OMu	118123	117506	125.3883	14.7192	111.3481	10.9095
OMu	118123	117506	125.8741	14.8120	111.7152	11.2406
OMu	118123	117506	126.3569	14.9194	112.1473	11.4780
OMu	118123	117506	126.8393	15.0285	112.5704	11.7233
OMu	118123	117506	127.3014	15.1992	112.9861	11.9854
OMu	118123	117506	127.7406	15.4265	113.4098	12.2402
OMu	118123	117506	128.2000	15.6081	113.8079	12.5320
OMu	118123	117506	128.6795	15.7288	114.2160	12.8070
OMu	118123	117486	119.4555	13.4822	88.9957	1.8333
OMu	118123	117486	119.8869	13.6837	89.4435	1.6689
OMu	118123	117486	120.3483	13.8046	89.8845	1.4871
OMu	118123	117486	120.8112	13.9198	90.3290	1.3139
OMu	118123	117486	121.2778	14.0192	90.7779	1.1524
OMu	118123	117486	121.7459	14.1112	91.2282	0.9948
OMu	118123	117486	122.2142	14.2020	91.6809	0.8481
OMu	118123	117486	122.6848	14.2801	92.1514	0.7694
OMu	118123	117486	123.1569	14.3491	92.6241	0.7055
OMu	118123	117486	123.6296	14.4139	93.1002	0.6771
OMu	118123	117486	124.1014	14.4837	93.5767	0.6552
OMu	118123	117486	124.5699	14.5738	94.0532	0.6373
OMu	118123	117486	125.0393	14.6590	94.5291	0.6705
OMu	118123	117486	125.5093	14.7410	95.0051	0.7023
OMu	118123	117486	125.9773	14.8334	95.4815	0.7283
OMu	118123	117486	126.4425	14.9391	95.9578	0.7552
OMu	118123	117486	126.9080	15.0431	96.4339	0.7843
OMu	118123	117486	127.3480	15.2238	96.9103	0.8086
OMu	118123	117486	127.7723	15.4416	97.3873	0.8129
OMu	118123	117486	128.2166	15.6136	97.8642	0.8015
OMu	118123	117486	128.6795	15.7288	98.3399	0.7658
OMu	117942	117324	114.1878	6.4169	101.4299	2.1704
OMu	117942	117324	114.5924	6.1923	101.9087	2.0849
OMu	117942	117324	115.0149	6.0077	102.3918	2.1013
OMu	117942	117324	115.4745	5.9587	102.8682	2.2058
OMu	117942	117324	115.9300	6.0232	103.3321	2.3536
OMu	117942	117324	116.3488	6.2179	103.7806	2.5454
OMu	117942	117324	116.7066	6.5118	104.2234	2.7497
OMu	117942	117324	116.9872	6.4287	104.6428	2.7990
OMu	117942	117324	116.9173	5.9767	104.4334	2.3747
Yc	118106	117489	63.0764	-12.2059	56.7553	-11.1783
Yc	118106	117489	63.4251	-12.1450	57.0872	-11.0615
Yc	118106	117489	63.7746	-12.0883	57.4244	-10.9602
Yc	118108	117491	80.1786	-9.7765	75.4788	-7.8709
Yc	118108	117491	80.6679	-9.7079	75.9452	-7.7608
Yc	118108	117491	81.1575	-9.6411	76.4128	-7.6558
Yc	118108	117491	81.6475	-9.5780	76.8825	-7.5613
Yc	118108	117491	82.1346	-9.4979	77.3527	-7.4690
Yc	118108	117491	82.6107	-9.3660	77.8224	-7.3735
Yc	118108	117491	83.0848	-9.2272	78.2924	-7.2801
Yc	118108	117491	83.5585	-9.0868	78.7623	-7.1861
Yc	118108	117491	84.0332	-8.9498	79.2311	-7.0867
Yc	118108	117491	84.5117	-8.8270	79.6998	-6.9867
Yc	118108	117491	84.9921	-8.7115	80.1701	-6.8946
Yc	118108	117491	85.4733	-8.5996	80.6387	-6.7942
Yc	118108	117491	85.9554	-8.4913	81.1064	-6.6897
Yc	118108	117491	86.4381	-8.3863	81.5738	-6.5840
Yc	118108	117491	86.9134	-8.2523	82.0358	-6.4575
Yc	118108	117491	87.3831	-8.0994	82.4952	-6.3210
Yc	118108	117491	87.8514	-7.9419	82.9536	-6.1814
Yc	118108	117491	88.3209	-7.7879	83.4118	-6.0408
Yc	118108	117491	88.8007	-7.6780	83.8754	-5.9273
Yc	118108	117491	89.2919	-7.6243	84.3528	-5.8854
Yc	118108	117491	89.7827	-7.5677	84.8301	-5.8415
Yc	118108	117491	90.2732	-7.5089	85.3071	-5.7957
Yc	118108	117491	90.7635	-7.4479	85.7842	-5.7506
Yc	118051	117433	120.8522	-4.2839	120.9305	-4.0433
Yc	118051	117433	121.3490	-4.2993	121.4282	-4.0662
Yc	118051	117433	121.8458	-4.3159	121.9260	-4.0889
Yc	118051	117433	122.3425	-4.3341	122.4237	-4.1123
Yc	118051	117433	122.8394	-4.3472	122.9217	-4.1285
Yc	118051	117433	123.3364	-4.3453	123.4200	-4.1283
Yc	118051	117433	123.8334	-4.3429	123.9183	-4.1270
Yc	118051	117433	124.3305	-4.3422	124.4166	-4.1259
Yc	118051	117433	124.8275	-4.3428	124.9148	-4.1250
Yc	118051	117433	125.3245	-4.3448	125.4131	-4.1241
Yc	118051	117433	125.8215	-4.3492	125.9114	-4.1244
Yc	118051	117433	126.3186	-4.3517	126.4096	-4.1208
Yc	118051	117433	126.8156	-4.3508	126.9078	-4.1109
Yc	118051	117433	127.3126	-4.3514	127.4060	-4.1021
Yc	118051	117433	127.8096	-4.3560	127.9042	-4.0961
Yc	118051	117433	128.3066	-4.3631	128.4025	-4.0919
Yc	118051	117433	128.8036	-4.3716	128.9008	-4.0878
Yc	118051	117433	129.3004	-4.3853	129.3990	-4.0892
Yc	118051	117433	129.7969	-4.4088	129.8971	-4.1002
Yc	118051	117433	130.2928	-4.4417	130.3951	-4.1185
Yc	118051	117433	130.7891	-4.4686	130.8932	-4.1287
Yc	118051	117433	131.2861	-4.4695	131.3912	-4.1125
Yc	118051	117433	131.7831	-4.4683	131.8891	-4.0951
Yc	118051	117433	132.2801	-4.4671	132.3871	-4.0778
Yc	118051	117433	132.7772	-4.4659	132.8851	-4.0608
Yc	118051	117433	133.2742	-4.4618	133.3829	-4.0403
Yc	118051	117433	133.7709	-4.4445	133.8801	-4.0067
Yc	118051	117433	134.2676	-4.4267	134.3771	-3.9716
Yc	118051	117433	134.7646	-4.4278	134.8751	-3.9560
Yc	118051	117433	135.2616	-4.4301	135.3732	-3.9425
Yc	118051	117433	135.7587	-4.4319	135.8713	-3.9283
Yc	118051	117433	136.2557	-4.4324	136.3694	-3.9140
Yc	118051	117433	136.7527	-4.4324	136.8674	-3.8988
Yc	118051	117433	137.2498	-4.4286	137.3653	-3.8806
Yc	118051	117433	137.7466	-4.4137	137.8628	-3.8524
Yc	118051	117433	138.2433	-4.3965	138.3601	-3.8220
Yc	118051	117433	138.7400	-4.3780	138.8574	-3.7907
Yc	118051	117433	139.2367	-4.3594	139.3548	-3.7613
Yc	118051	117433	139.7334	-4.3410	139.8524	-3.7337
Yc	118051	117433	140.2299	-4.3180	140.3494	-3.6997
Yc	118051	117433	140.7258	-4.2852	140.8459	-3.6568
Yc	118051	117433	141.2216	-4.2502	141.3423	-3.6138
Yc	118051	117433	141.7173	-4.2134	141.8388	-3.5721
Yc	118051	117433	142.2128	-4.1745	142.3350	-3.5272
Yc	118051	117433	142.7082	-4.1339	142.8312	-3.4810
Yc	118051	117433	143.2036	-4.0944	143.3277	-3.4393
Yc	118051	117433	143.6986	-4.1216	143.8239	-3.4720
Yc	118051	117433	144.1934	-4.1692	144.3203	-3.5153
Yc	118051	117433	144.6882	-4.2163	144.8166	-3.5595
Yc	118051	117433	145.1827	-4.2664	145.3125	-3.6086
Yc	118051	117433	145.6762	-4.3256	145.8071	-3.6685
Yc	118051	117433	146.1684	-4.3945	146.3012	-3.7329
Yc	118051	117433	146.6628	-4.4449	146.7974	-3.7774
Yc	118051	117433	147.1585	-4.4814	147.2945	-3.8111
Yc	118051	117433	147.6544	-4.5152	147.7919	-3.8416
Yc	118051	117433	148.1503	-4.5479	148.2870	-3.8960
Yc	118051	117433	148.6464	-4.5792	148.7807	-3.9629
Yc	118051	117433	149.1425	-4.6101	149.2745	-4.0297
Yc	118051	117433	149.6386	-4.6398	149.7683	-4.0963
Yc	118051	117433	150.1348	-4.6690	150.2621	-4.1629
Yc	118051	117433	150.6310	-4.6972	150.7559	-4.2297
Yc	118051	117433	151.1273	-4.7247	151.2497	-4.2964
Yc	118051	117433	151.6236	-4.7509	151.7434	-4.3634
Yc	118051	117433	152.1200	-4.7758	152.2372	-4.4304
Yc	118051	117433	152.6165	-4.7989	152.7309	-4.4975
Yc	118051	117433	153.1131	-4.8203	153.2250	-4.5624
Yc	118051	117433	153.6098	-4.8389	153.7193	-4.6248
Yc	118051	117433	154.1066	-4.8540	154.2135	-4.6883
Yc	118051	117433	154.6035	-4.8653	154.7078	-4.7515
Yc	118051	117433	155.1005	-4.8713	155.2020	-4.8149
Yc	118051	117433	155.5976	-4.8733	155.6961	-4.8795
Yc	118051	117433	156.0946	-4.8688	156.1900	-4.9451
Yc	118051	117433	156.5902	-4.8970	156.6760	-5.0522
Yc	118051	117433	157.0822	-4.9675	157.1615	-5.1629
Yc	118051	117433	157.5751	-5.0311	157.6504	-5.2590
Yc	118051	117433	158.0669	-5.1009	158.1375	-5.3640
Yc	118051	117433	158.5474	-5.2271	158.6256	-5.4634
ZYp	117952	117334	93.4934	-8.3153	88.4280	-6.8973
ZYp	117952	117334	93.9731	-8.2160	88.9073	-6.8424
ZYp	117952	117334	94.4546	-8.1264	89.3876	-6.8009
ZYp	117952	117334	94.9410	-8.0690	89.8699	-6.7983
ZYp	117952	117334	95.4293	-8.0294	90.3520	-6.8156
ZYp	117952	117334	95.9174	-7.9887	90.8341	-6.8344
ZYp	117952	117334	96.4055	-7.9464	91.3145	-6.8657
ZYp	117952	117334	96.8934	-7.9758	91.7839	-6.9772
ZYp	117952	117334	97.3817	-8.0138	92.2482	-7.1073
ZYp	117952	117334	97.8694	-8.0602	92.7098	-7.2475
ZYp	117952	117334	98.3587	-8.0811	93.1712	-7.3884
ZYp	118038	117420	140.9067	-3.2058	140.9850	-2.5780
ZYp	118038	117420	141.3894	-3.1688	141.4697	-2.5338
ZYp	118038	117420	141.8720	-3.1301	141.9546	-2.4905
ZYp	118038	117420	142.3543	-3.0892	142.4390	-2.4435
ZYp	118038	117420	142.8365	-3.0466	142.9235	-2.3961
ZYp	118038	117420	143.3195	-3.0467	143.4090	-2.3952
ZYp	118038	117420	143.8016	-3.0903	143.8940	-2.4369
ZYp	118038	117420	144.2839	-3.1327	144.3793	-2.4752
ZYp	118038	117420	144.7661	-3.1749	144.8644	-2.5148
ZYp	118038	117420	145.2480	-3.2206	145.3491	-2.5597
ZYp	118038	117420	145.7289	-3.2761	145.8327	-2.6152
ZYp	118038	117420	146.2088	-3.3394	146.3159	-2.6738
ZYp	118038	117420	146.6909	-3.3830	146.8010	-2.7131
ZYp	118038	117420	147.1739	-3.4144	147.2869	-2.7422
ZYp	118038	117420	147.6572	-3.4435	147.7729	-2.7687
ZYp	118038	117420	148.1404	-3.4715	148.2570	-2.8159
ZYp	118038	117420	148.6238	-3.4982	148.7398	-2.8775
ZYp	118038	117420	149.1072	-3.5245	149.2227	-2.9390
ZYp	118038	117420	149.5906	-3.5497	149.7055	-3.0005
ZYp	118038	117420	150.0733	-3.5857	150.1866	-3.0743
ZYp	118038	117420	150.5554	-3.6299	150.6665	-3.1558
ZYp	118038	117420	151.0375	-3.6735	151.1464	-3.2371
ZYp	118038	117420	151.5197	-3.7161	151.6262	-3.3190
ZYp	118038	117420	152.0020	-3.7572	152.1061	-3.4007
ZYp	118038	117420	152.4845	-3.7969	152.5859	-3.4825
ZYp	118038	117420	152.9671	-3.8351	153.0659	-3.5636
ZYp	118038	117420	153.4498	-3.8707	153.5465	-3.6409
ZYp	118038	117420	153.9328	-3.9035	154.0269	-3.7192
ZYp	118038	117420	154.4160	-3.9326	154.5073	-3.7974
ZYp	118038	117420	154.8995	-3.9575	154.9878	-3.8755
ZYp	118038	117420	155.3832	-3.9776	155.4681	-3.9546
ZYp	118038	117420	155.8670	-3.9931	155.9483	-4.0342
ZYp	118038	117420	156.3510	-4.0020	156.4282	-4.1156
ZYp	118038	117420	156.8334	-4.0382	156.9030	-4.2205
ZYp	118038	117420	157.3149	-4.0879	157.3840	-4.2954
ZYp	118038	117420	157.7975	-4.1260	157.8647	-4.3719
ZYp	118038	117420	158.2755	-4.1986	158.3440	-4.4565
ZYp	118038	117420	158.7465	-4.3099	158.8248	-4.5324
Xmi	118112	117495	67.7108	-13.1558	63.5480	-11.2042
Xmi	118112	117495	68.2261	-13.0896	64.0443	-11.1432
Xmi	118112	117495	68.7409	-13.0190	64.5398	-11.0766
Xmi	118112	117495	69.2555	-12.9477	65.0349	-11.0070
Xmi	118112	117495	69.7701	-12.8760	65.5307	-10.9423
Xmi	118112	117495	70.2840	-12.7994	66.0261	-10.8750
Xmi	118112	117495	70.7960	-12.7117	66.5200	-10.7974
Xmi	118112	117495	71.3070	-12.6175	67.0133	-10.7163
Xmi	118112	117495	71.8178	-12.5227	67.5075	-10.6403
Xmi	118112	117495	72.3281	-12.4249	68.0013	-10.5623
Xmi	118112	117495	72.8386	-12.3281	68.4925	-10.4690
Xmi	118112	117495	73.3501	-12.2374	68.9823	-10.3689
Xmi	118112	117495	73.8606	-12.1405	69.4728	-10.2718
Xmi	118112	117495	74.3707	-12.0419	69.9648	-10.1831
Xmi	118112	117495	74.8800	-11.9393	70.4549	-10.0843
Xmi	118112	117495	75.3887	-11.8333	70.9416	-9.9702
Xmi	118112	117495	75.8953	-11.7180	71.4298	-9.8622
Xmi	118112	117495	76.4017	-11.6017	71.9193	-9.7604
Xmi	118112	117495	76.9084	-11.4870	72.4077	-9.6535
Xmi	118112	117495	77.4186	-11.3892	72.8967	-9.5495
Xmi	118112	117495	77.9295	-11.2947	73.3858	-9.4455
Xmi	118112	117495	78.4394	-11.1950	73.8755	-9.3448
Xmi	118112	117495	78.9506	-11.1023	74.3645	-9.2407
Xmi	118112	117495	79.4609	-11.0061	74.8526	-9.1325
Xmi	118112	117495	79.9592	-10.8591	75.3397	-9.0195
Xmi	118112	117495	80.4693	-10.7667	75.8272	-8.9086
Xmi	118112	117495	80.9858	-10.7105	76.3143	-8.7957
Xmi	118112	117495	81.5021	-10.6530	76.8014	-8.6829
Xmi	118112	117495	82.0155	-10.5739	77.2885	-8.5704
Xmi	118112	117495	82.5170	-10.4398	77.7745	-8.4531
Xmi	118112	117495	83.0131	-10.2855	78.2591	-8.3298
Xmi	118112	117495	83.5078	-10.1267	78.7438	-8.2073
Xmi	118112	117495	84.0015	-9.9649	79.2286	-8.0852
Xmi	118112	117495	84.4950	-9.8022	79.7131	-7.9617
Xmi	118112	117495	84.9916	-9.6496	80.1977	-7.8387
Xmi	118112	117495	85.4966	-9.5301	80.6851	-7.7294
Xmi	118112	117495	86.0085	-9.4410	81.1784	-7.6482
Xmi	118112	117495	86.5210	-9.3556	81.6714	-7.5650
Xmi	118112	117495	87.0331	-9.2677	82.1645	-7.4823
Xmi	118112	117495	87.5425	-9.1658	82.6580	-7.4022
Xmi	118112	117495	88.0508	-9.0580	83.1510	-7.3190
Xmi	118112	117495	88.5584	-8.9471	83.6434	-7.2324
Xmi	118112	117495	89.0655	-8.8343	84.1359	-7.1461
Xmi	118112	117495	89.5755	-8.7349	84.6289	-7.0629
Xmi	118112	117495	90.0859	-8.6376	85.1219	-6.9794
Xmi	118112	117495	90.5958	-8.5379	85.6146	-6.8943
Xmi	118112	117495	91.1053	-8.4361	86.1073	-6.8097
Xmi	118112	117495	91.6128	-8.3252	86.6000	-6.7244
Xmi	118112	117495	92.1165	-8.1978	87.0921	-6.6361
Xmi	118112	117495	92.6194	-8.0673	87.5839	-6.5462
Xmi	118052	117434	117.0769	-5.1155	117.1551	-4.7715
Xmi	118052	117434	117.5724	-5.1059	117.6503	-4.7797
Xmi	118052	117434	118.0680	-5.0970	118.1455	-4.7862
Xmi	118052	117434	118.5635	-5.0892	118.6407	-4.7936
Xmi	118052	117434	119.0591	-5.0822	119.1360	-4.8007
Xmi	118052	117434	119.5547	-5.0778	119.6311	-4.8098
Xmi	118052	117434	120.0502	-5.0854	120.1259	-4.8295
Xmi	118052	117434	120.5454	-5.1048	120.6203	-4.8591
Xmi	118052	117434	121.0406	-5.1257	121.1147	-4.8878
Xmi	118052	117434	121.5359	-5.1447	121.6093	-4.9137
Xmi	118052	117434	122.0314	-5.1547	122.1043	-4.9295
Xmi	118052	117434	122.5270	-5.1571	122.5995	-4.9365
Xmi	118052	117434	123.0225	-5.1690	123.0945	-4.9508
Xmi	118052	117434	123.5179	-5.1828	123.5896	-4.9661
Xmi	118052	117434	124.0133	-5.1977	124.0846	-4.9814
Xmi	118052	117434	124.5087	-5.2140	124.5796	-4.9972
Xmi	118052	117434	125.0040	-5.2316	125.0746	-5.0130
Xmi	118052	117434	125.4992	-5.2515	125.5696	-5.0291
Xmi	118052	117434	125.9944	-5.2731	126.0646	-5.0462
Xmi	118052	117434	126.4895	-5.2960	126.5596	-5.0622
Xmi	118052	117434	126.9845	-5.3206	127.0546	-5.0775
Xmi	118052	117434	127.4794	-5.3469	127.5496	-5.0941
Xmi	118052	117434	127.9748	-5.3609	128.0448	-5.0974
Xmi	118052	117434	128.4695	-5.3902	128.5397	-5.1148
Xmi	118052	117434	128.9638	-5.4260	129.0344	-5.1380
Xmi	118052	117434	129.4582	-5.4620	129.5291	-5.1612
Xmi	118052	117434	129.9524	-5.4985	130.0238	-5.1845
Xmi	118052	117434	130.4467	-5.5356	130.5186	-5.2063
Xmi	118052	117434	130.9409	-5.5728	131.0134	-5.2276
Xmi	118052	117434	131.4351	-5.6099	131.5082	-5.2488
Xmi	118052	117434	131.9303	-5.6268	132.0033	-5.2499
Xmi	118052	117434	132.4259	-5.6254	132.4982	-5.2326
Xmi	118052	117434	132.9216	-5.6239	132.9932	-5.2158
Xmi	118052	117434	133.4172	-5.6225	133.4882	-5.1982
Xmi	118052	117434	133.9128	-5.6211	133.9831	-5.1811
Xmi	118052	117434	134.4083	-5.6256	134.4781	-5.1671
Xmi	118052	117434	134.9032	-5.6522	134.9732	-5.1768
Xmi	118052	117434	135.3982	-5.6776	135.4684	-5.1863
Xmi	118052	117434	135.8932	-5.7022	135.9636	-5.1954
Xmi	118052	117434	136.3883	-5.7258	136.4588	-5.2041
Xmi	118052	117434	136.8834	-5.7486	136.9540	-5.2123
Xmi	118052	117434	137.3782	-5.7750	137.4489	-5.2246
Xmi	118052	117434	137.8696	-5.8389	137.9415	-5.2758
Xmi	118052	117434	138.3604	-5.9078	138.4335	-5.3321
Xmi	118052	117434	138.8514	-5.9753	138.9257	-5.3875
Xmi	118052	117434	139.3426	-6.0415	139.4178	-5.4429
Xmi	118052	117434	139.8340	-6.1058	139.9100	-5.4986
Xmi	118052	117434	140.3257	-6.1685	140.4024	-5.5515
Xmi	118052	117434	140.8175	-6.2295	140.8949	-5.6031
Xmi	118052	117434	141.3096	-6.2889	141.3875	-5.6547
Xmi	118052	117434	141.8019	-6.3463	141.8799	-5.7079
Xmi	118052	117434	142.2944	-6.4017	142.3727	-5.7575
Xmi	118052	117434	142.7871	-6.4553	142.8656	-5.8060
Xmi	118052	117434	143.2800	-6.5072	143.3584	-5.8547
Xmi	118052	117434	143.7731	-6.5572	143.8513	-5.9032
Xmi	118052	117434	144.2664	-6.6059	144.3446	-5.9471
Xmi	118032	117414	144.3663	-6.3662	144.4446	-5.7063
Xmi	118032	117414	144.8545	-6.4514	144.9327	-5.7891
Xmi	118032	117414	145.3418	-6.5410	145.4197	-5.8777
Xmi	118032	117414	145.8269	-6.6423	145.9047	-5.9772
Xmi	118032	117414	146.3112	-6.7471	146.3895	-6.0776
Xmi	118032	117414	146.7999	-6.8285	146.8782	-6.1561
Xmi	118032	117414	147.2900	-6.9022	147.3681	-6.2278
Xmi	118032	117414	147.7803	-6.9741	147.8585	-6.2955
Xmi	118030	117412	147.9395	-6.4055	148.0178	-5.7307
Xmi	118030	117412	148.4004	-6.4112	148.4786	-5.7694
Xmi	118030	117412	148.8613	-6.4165	148.9395	-5.8081
Xmi	118030	117412	149.3221	-6.4208	149.4004	-5.8467
Xmi	118030	117412	149.7830	-6.4247	149.8613	-5.8851
Xmi	118030	117412	150.2439	-6.4277	150.3222	-5.9236
Xmi	118030	117412	150.7048	-6.4301	150.7831	-5.9621
Xmi	118030	117412	151.1657	-6.4317	151.2440	-6.0006
Xmi	118030	117412	151.6266	-6.4324	151.7048	-6.0394
Xmi	118029	117411	151.7956	-5.6857	151.8739	-5.3072
Xmi	118029	117411	152.2608	-5.8315	152.3253	-5.4876
Xmi	118029	117411	152.7350	-5.9372	152.7869	-5.6354
Xmi	118029	117411	153.2193	-5.8818	153.2721	-5.6296
Xmi	118029	117411	153.7033	-5.8237	153.7580	-5.6151
Xmi	118029	117411	154.1869	-5.7622	154.2440	-5.6015
Xmi	118029	117411	154.6700	-5.6971	154.7299	-5.5877
Xmi	118029	117411	155.1524	-5.6269	155.2159	-5.5742
Xmi	118029	117411	155.6342	-5.5531	155.7018	-5.5619
Xmi	118029	117411	156.1150	-5.4725	156.1878	-5.5497
Xmi	118029	117411	156.5964	-5.3975	156.6736	-5.5516
Xmi	118029	117411	157.0820	-5.3552	157.1592	-5.5504
Xmi	118029	117411	157.5667	-5.3033	157.6450	-5.5310
Xmi	118029	117411	158.0514	-5.2543	158.1309	-5.5197
Xmi	118029	117411	158.5385	-5.2657	158.6167	-5.5027
Xmi	117965	117347	158.8494	-3.9108	158.9276	-4.1283
Xmi	117965	117347	159.3036	-3.9841	159.3829	-4.1874
Xmi	117965	117347	159.7594	-4.0481	159.8367	-4.2561
Xmi	117965	117347	160.2165	-4.1003	160.2907	-4.3219
Xmi	117965	117347	160.6743	-4.1457	160.7475	-4.3653
Xmi	117965	117347	161.1252	-4.2358	161.1978	-4.4527
Xmi	117965	117347	161.5701	-4.3532	161.6533	-4.5101
Xmi	117965	117347	162.0206	-4.4470	162.1085	-4.5692
Xmi	117965	117347	162.4756	-4.5147	162.5638	-4.6282
Xmi	117965	117347	162.9340	-4.5548	163.0190	-4.6873
Xmi	117965	117347	163.3925	-4.5903	163.4707	-4.7669
Xmi	117966	117348	163.6144	-3.7765	163.6927	-3.9134
Xmi	117966	117348	164.1008	-3.8427	164.1808	-3.9119
Xmi	117966	117348	164.5886	-3.8984	164.6688	-3.9210
Xmi	117966	117348	165.0769	-3.9493	165.1568	-3.9322
Xmi	117966	117348	165.5652	-3.9998	165.6448	-3.9435
Xmi	117966	117348	166.0535	-4.0503	166.1328	-3.9548
Xmi	117966	117348	166.5419	-4.1007	166.6208	-3.9660
Xmi	117966	117348	167.0302	-4.1512	167.1088	-3.9773
Xmi	117966	117348	167.5185	-4.2017	167.5968	-3.9890
TsT	118012	117394	114.5360	1.8090	111.9811	1.7071
TsT	118012	117394	115.0023	1.9059	112.4566	1.7820
TsT	118012	117394	115.4757	1.9541	112.9394	1.7959
TsT	118012	117394	115.9508	1.9887	113.4223	1.7858
TsT	118012	117394	116.4253	2.0258	113.9051	1.7950
TsT	118012	117394	116.9013	2.0109	114.3881	1.7864
TsT	118012	117394	117.3754	1.9661	114.8671	1.7274
TsT	118012	117394	117.8455	1.8902	115.3420	1.6394
TsT	118012	117394	118.3183	1.8321	115.8136	1.5348
TsT	118012	117394	118.7937	1.8048	116.2907	1.4589
TsT	118012	117394	119.2696	1.7834	116.7690	1.3914
TsT	118012	117394	119.7454	1.7999	117.2507	1.3578
TsT	118012	117394	120.2193	1.8344	117.7308	1.3445
TsT	118012	117394	120.6956	1.8261	118.2108	1.3058
TsT	118012	117394	121.1694	1.7859	118.6931	1.2865
TsT	118012	117394	121.6344	1.6838	119.1668	1.1950
TsT	118012	117394	122.0939	1.5582	119.6267	1.0476
TsT	118012	117394	122.5461	1.4099	120.0801	0.8822
TsT	118012	117394	122.9739	1.2010	120.5116	0.6653
TsT	118012	117394	123.3977	0.9833	120.9448	0.4516
TsT	118012	117394	123.8031	0.7361	121.3620	0.2115
TsT	118012	117394	124.1633	0.4245	121.7281	-0.1034
TsT	118012	117394	124.5200	0.1088	122.0890	-0.4244
TsT	118021	117403	125.3412	1.4923	122.8831	1.1251
TsT	118021	117403	125.8163	1.3635	123.3561	0.9983
TsT	118021	117403	126.2909	1.2326	123.8278	0.8664
TsT	118021	117403	126.7774	1.1585	124.3115	0.7905
TsT	118021	117403	127.2652	1.0921	124.7956	0.7168
TsT	118021	117403	127.7527	1.0234	125.2807	0.6499
TsT	118021	117403	128.2396	0.9505	125.7659	0.5836
TsT	118021	117403	128.7261	0.8756	126.2515	0.5207
TsT	118021	117403	129.2119	0.7960	126.7358	0.4480
TsT	118021	117403	129.6981	0.7189	127.2206	0.3788
TsT	118021	117403	130.1843	0.6416	127.7055	0.3102
TsT	118021	117403	130.6710	0.5680	128.1910	0.2468
TsT	118019	117581	131.6532	1.1166	129.5481	1.0577
TsT	118019	117581	132.1228	1.0523	130.0150	1.0068
TsT	118019	117581	132.5918	0.9844	130.4814	0.9522
TsT	118019	117581	133.0581	0.9002	130.9453	0.8806
TsT	118019	117581	133.5202	0.7948	131.4056	0.7875
TsT	118019	117581	133.9801	0.6805	131.8640	0.6859
TsT	118019	117581	134.4422	0.5761	132.3240	0.5929
TsT	118019	117581	134.9097	0.4980	132.7893	0.5296
TsT	118019	117581	135.3814	0.4705	133.2568	0.4904
TsT	118019	117581	135.8554	0.4661	133.7263	0.4908
TsT	118019	117581	136.3293	0.4674	134.1955	0.4734
TsT	118019	117581	136.8002	0.4204	134.6626	0.4351
TsT	118019	117581	137.2691	0.3532	135.1282	0.3743
TsT	118019	117581	137.7330	0.2561	135.5887	0.2825
TsT	118019	117581	138.1972	0.1604	136.0489	0.1889
TsT	118019	117581	138.6619	0.0669	136.5101	0.1008
TsT	118019	117581	139.1262	-0.0282	136.9705	0.0082
TsT	118011	117393	139.8543	0.4379	137.8857	0.6168
TsT	118011	117393	140.3324	0.3981	138.3592	0.5811
TsT	118011	117393	140.8105	0.3598	138.8326	0.5455
TsT	118011	117393	141.2888	0.3231	139.3060	0.5093
TsT	118011	117393	141.7672	0.2880	139.7794	0.4742
TsT	118011	117393	142.2458	0.2551	140.2530	0.4407
TsT	118011	117393	142.7245	0.2238	140.7267	0.4080
TsT	118011	117393	143.2032	0.1941	141.2003	0.3752
TsT	118011	117393	143.6821	0.1664	141.6740	0.3430
TsT	118011	117393	144.1611	0.1403	142.1477	0.3113
TsN	118069	117451	121.5188	3.3022	119.1038	2.7547
TsN	118069	117451	121.9776	3.3010	119.5665	2.7738
TsN	118069	117451	122.4366	3.3024	120.0297	2.7642
TsN	118069	117451	122.8954	3.2975	120.4931	2.7583
TsN	118069	117451	123.3540	3.2969	120.9562	2.7477
TsN	118069	117451	123.8090	3.3549	121.4175	2.7886
TsN	118069	117451	124.2662	3.3937	121.8784	2.8355
TsN	118069	117451	124.7245	3.4168	122.3411	2.8602
TsN	118069	117451	125.1828	3.4414	122.8042	2.8669
TsN	118069	117451	125.6366	3.5091	123.2660	2.8946
TsN	118069	117451	126.0911	3.5726	123.7251	2.9576
TsN	118018	117400	130.4056	2.4369	128.1122	2.2407
TsN	118018	117400	130.8432	2.3316	128.5479	2.1493
TsN	118018	117400	131.2782	2.2157	128.9804	2.0437
TsN	118018	117400	131.7105	2.0903	129.4115	1.9325
TsN	118018	117400	132.1453	1.9744	129.8445	1.8289
TsN	118018	117400	132.5853	1.8796	130.2820	1.7460
TsN	118018	117400	133.0285	1.8015	130.7218	1.6773
