Samples	997	1170	50.9609	0.7254	41.6202	0.6306
Samples	997	1170	51.4311	0.6067	42.1104	0.5806
Samples	997	1170	51.9137	0.5319	42.6054	0.5963
Samples	997	1170	52.3905	0.4145	43.1014	0.5586
Samples	997	1170	52.8742	0.3343	43.5991	0.5505
Samples	997	1170	53.3615	0.2855	44.0940	0.5892
Samples	997	1170	53.8519	0.2445	44.5907	0.6262
Samples	997	1170	54.3177	0.0920	45.0843	0.5854
Samples	997	1170	54.8026	0.0145	45.5821	0.5755
Samples	997	1170	55.2773	-0.1069	46.0781	0.5682
Samples	997	1170	55.7363	-0.2876	46.5705	0.4839
Samples	997	1170	56.1987	-0.4508	47.0601	0.3996
Samples	997	1170	56.6674	-0.5907	47.5467	0.3047
Samples	997	1170	57.1552	-0.6646	48.0462	0.3085
Samples	997	1170	57.6312	-0.7928	48.5427	0.2592
Samples	997	1170	58.1151	-0.8868	49.0415	0.2425
Samples	997	1170	58.6033	-0.9595	49.5413	0.2493
Samples	1003	1175	58.5272	-1.0047	49.4663	0.1904
Samples	1003	1175	58.9816	-1.1251	49.9200	0.1475
Samples	1003	1175	59.4505	-1.1878	50.3793	0.1649
Samples	1003	1175	59.9205	-1.2716	50.8432	0.1565
Samples	1026	1202	59.9165	-1.2766	50.8432	0.1565
Samples	1026	1202	60.4165	-1.2521	51.3155	0.2502
Samples	1026	1202	60.8524	-1.5075	51.7454	0.0276
Samples	1026	1202	61.3141	-1.7086	52.1945	-0.1582
Samples	1026	1202	61.8192	-1.6462	52.6797	-0.0786
Samples	1026	1202	62.3069	-1.4901	53.1422	0.0956
Samples	1026	1202	62.8131	-1.4507	53.6273	0.1604
Samples	1026	1202	63.3177	-1.5520	54.1139	0.0573
Samples	1026	1202	63.8120	-1.6901	54.5865	-0.0936
Samples	1026	1202	64.2812	-1.9003	55.0319	-0.3144
Samples	1026	1202	64.7732	-2.0399	55.5008	-0.4693
Samples	1026	1202	65.2790	-2.0321	55.9878	-0.4730
Samples	1026	1202	65.7849	-1.9885	56.4763	-0.4383
Samples	1026	1202	66.2986	-1.9527	56.9736	-0.4152
Samples	1026	1202	66.8075	-1.9717	57.4639	-0.4735
Samples	1026	1202	67.2939	-1.8054	57.9504	-0.3712
Samples	1026	1202	67.7400	-1.5495	58.4053	-0.1699
Samples	1026	1202	68.2259	-1.4243	58.8918	-0.1509
Samples	1026	1202	68.7378	-1.4806	59.3791	-0.2525
Samples	1026	1202	69.2491	-1.5397	59.8698	-0.3355
Samples	1026	1202	69.7486	-1.6572	60.3464	-0.4740
Samples	1026	1202	70.2619	-1.6512	60.8419	-0.5036
Samples	1026	1202	70.7721	-1.5844	61.3393	-0.4915
Samples	1026	1202	71.2717	-1.4737	61.8268	-0.4107
Samples	1026	1202	71.7784	-1.3902	62.3198	-0.3541
Samples	1026	1202	72.2744	-1.4305	62.7969	-0.3985
Samples	1026	1202	72.7565	-1.6109	63.2408	-0.6239
Samples	1026	1202	73.2599	-1.7099	63.7089	-0.7924
Samples	1026	1202	73.7735	-1.6917	64.2043	-0.8238
Samples	1026	1202	74.2705	-1.5584	64.6863	-0.7128
Samples	1026	1202	74.7636	-1.4100	65.1556	-0.5465
Samples	1026	1202	75.2533	-1.2507	65.6191	-0.3648
Samples	1026	1202	75.7590	-1.1625	66.0982	-0.2360
Samples	1026	1202	76.2706	-1.2001	66.5932	-0.2446
Samples	1038+1039	1211	68.2111	-4.0890	65.0031	-1.7757
Samples	1038+1039	1211	68.7140	-4.0866	65.4980	-1.7993
Samples	1038+1039	1211	69.2065	-3.9826	65.9878	-1.7211
Samples	1038+1039	1211	69.7029	-3.8966	66.4806	-1.6610
Samples	1038+1039	1211	70.2027	-3.8340	66.9759	-1.6284
Samples	1038+1039	1211	70.7042	-3.7873	67.4719	-1.6085
Samples	1038+1039	1211	71.2047	-3.7322	67.9672	-1.5807
Samples	1038+1039	1211	71.7058	-3.7667	68.4581	-1.6436
Samples	1038+1039	1211	72.1951	-3.6840	68.9437	-1.5910
Samples	1038+1039	1211	72.6905	-3.6201	69.4343	-1.5531
Samples	1038+1039	1211	73.1333	-3.3994	69.8776	-1.3541
Samples	1038+1039	1211	73.6155	-3.2671	70.3587	-1.2489
Samples	1038+1039	1211	74.1023	-3.1378	70.8448	-1.1489
Samples	1038+1039	1211	74.5880	-3.0046	71.3291	-1.0408
Samples	1038+1039	1211	75.0845	-2.9247	71.8218	-0.9893
Samples	1038+1039	1211	75.5862	-2.9437	72.3141	-1.0389
Samples	1038+1039	1211	76.0595	-2.7922	72.7877	-0.9156
Samples	1038+1039	1211	76.5461	-2.6650	73.2731	-0.8152
Samples	1038+1039	1211	77.0436	-2.5913	73.7666	-0.7699
Samples	1038+1039	1211	77.5390	-2.5204	74.2576	-0.7281
Samples	1038+1039	1211	78.0291	-2.4669	74.7429	-0.7078
Samples	1038+1039	1211	78.5268	-2.5349	75.2285	-0.8039
Samples	1038+1039	1211	78.9977	-2.3845	75.6992	-0.6814
Samples	1038+1039	1211	79.4495	-2.1666	76.1541	-0.4887
Samples	1057	115891+115892	79.4858	-2.1616	76.1901	-0.4859
Samples	1057	115891+115892	79.9645	-2.2726	76.6605	-0.6241
Samples	1057	115891+115892	80.4515	-2.3372	77.1411	-0.7194
Samples	1057	115891+115892	80.9462	-2.3697	77.6317	-0.7823
Samples	1057	115891+115892	81.4262	-2.2726	78.1170	-0.7223
Samples	1057	115891+115892	81.8239	-1.9775	78.5267	-0.4469
Samples	1057	115891+115892	82.3019	-1.9212	79.0064	-0.4246
Samples	1057	115891+115892	82.7938	-1.9734	79.4929	-0.5065
Samples	1057	115891+115892	83.2845	-2.0127	79.9790	-0.5768
Samples	1057	115891+115892	83.7632	-1.9635	80.4586	-0.5562
Samples	1057	115891+115892	84.2381	-1.8937	80.9350	-0.5181
Samples	1057	115891+115892	84.7206	-1.8118	81.4197	-0.4629
Samples	1057	115891+115892	85.2142	-1.7703	81.9136	-0.4506
Samples	1057	115891+115892	85.7073	-1.7202	82.4075	-0.4296
Samples	1057	115891+115892	86.2016	-1.6863	82.9017	-0.4255
Samples	1065	115893	86.2016	-1.6863	82.9017	-0.4255
Samples	1065	115893	86.6840	-1.7174	83.3801	-0.4855
Samples	1065	115893	87.1742	-1.6564	83.8714	-0.4537
Samples	1065	115893	87.6672	-1.6238	84.3637	-0.4502
Samples	1065	115893	88.1576	-1.5765	84.8545	-0.4352
Samples	1065	115893	88.6366	-1.4595	85.3383	-0.3491
Samples	1065	115893	89.1233	-1.3738	85.8278	-0.2951
Samples	1065	115893	89.6074	-1.2774	86.3156	-0.2307
Samples	1065	115893	90.0954	-1.2007	86.8061	-0.1884
Samples	1065	115893	90.5801	-1.1048	87.2945	-0.1258
Samples	1065	115893	91.0676	-1.0234	87.7844	-0.0744
Samples	1065	115893	91.5549	-0.9404	88.2742	-0.0217
Samples	1065	115893	92.0396	-0.8437	88.7625	0.0428
Samples	1065	115893	92.5230	-0.7448	89.2496	0.1113
Samples	1065	115893	93.0147	-0.6988	89.7414	0.1285
Samples	1071	1221	93.0147	-0.6988	89.7414	0.1285
Samples	1071	1221	93.4967	-0.6348	90.2253	0.1634
Samples	1071	1221	93.9734	-0.5378	90.7060	0.2301
Samples	1071	1221	94.4503	-0.4421	91.1869	0.2956
Samples	1071	1221	94.9274	-0.3475	91.6676	0.3624
Samples	1071	1221	95.4038	-0.2494	92.1480	0.4309
Samples	1071	1221	95.8803	-0.1513	92.6286	0.4985
Samples	1071	1221	96.3439	-0.0082	93.0988	0.6135
Samples	1071	1221	96.8240	0.0565	93.5809	0.6497
Samples	1071	1221	97.3027	0.1313	94.0623	0.6954
Samples	1071	1221	97.7798	0.2248	94.5431	0.7594
Samples	1071	1221	98.2513	0.3444	95.0195	0.8519
Samples	1071	1221	98.7188	0.4785	95.4929	0.9587
Samples	1071	1221	99.1901	0.5981	95.9694	1.0498
Samples	1071	1221	99.6582	0.7287	96.4432	1.1528
Samples	1071	1221	100.1264	0.8535	96.9161	1.2534
Samples	1071	1221	100.5823	1.0224	97.3801	1.3948
Samples	1071	1221	101.0606	1.0983	97.8610	1.4420
Samples	1071	1221	101.5010	1.3038	98.3096	1.6262
Samples	1071	1221	101.9717	1.4188	98.7849	1.7160
Samples	1071	1221	102.4056	1.6256	99.2286	1.8970
Samples	1071	1221	102.8616	1.7940	99.6922	2.0398
Samples	1071	1221	103.3060	1.9912	100.1433	2.2178
Samples	1071	1221	103.7756	2.0419	100.6149	2.2386
Samples	1071	1221	104.2606	2.0485	101.0988	2.2210
Samples	1071	1221	104.7417	2.1149	101.5818	2.2597
Samples	1071	1221	105.2236	2.0666	102.0604	2.1915
Samples	1078	116265	105.2215	2.0736	102.0583	2.1985
Samples	1078	116265	105.6980	2.0716	102.5466	2.1773
Samples	1078	116265	106.1744	2.0679	103.0328	2.1315
Samples	1078	116265	106.6488	2.1110	103.5198	2.1134
Samples	1078	116265	107.1239	2.1451	104.0083	2.1050
Samples	1078	116265	107.6001	2.1470	104.4957	2.0712
Samples	1078	116265	108.0763	2.1343	104.9834	2.0385
Samples	1078	116265	108.5521	2.1528	105.4719	2.0241
Samples	1078	116265	109.0282	2.1703	105.9605	2.0184
Samples	1078	116265	109.5039	2.1489	106.4490	2.0057
Samples	1078	116265	109.9785	2.1080	106.9359	1.9627
Samples	1078	116265	110.4503	2.0433	107.4192	1.8938
Samples	1078	116265	110.9214	1.9720	107.8976	1.7938
Samples	1078	116265	111.3913	1.8937	108.3756	1.6922
Samples	1078	116265	111.8626	1.8248	108.8544	1.5942
Samples	1078	116265	112.3381	1.8257	109.3373	1.5199
Samples	1078	116265	112.8110	1.8743	109.8250	1.4933
Samples	1078	116265	113.2832	1.9369	110.3132	1.4919
Samples	1078	116265	113.7563	1.9927	110.8000	1.5349
Samples	1078	116265	114.2302	2.0418	111.2875	1.5688
Samples	1078	116265	114.7027	2.1018	111.7751	1.5993
Samples	1078	116265	115.1773	2.1403	112.2621	1.6390
Samples	1078	116265	115.6520	2.1761	112.7508	1.6425
Samples	1078	116265	116.1257	2.2250	113.2392	1.6590
Samples	1078	116265	116.6015	2.2482	113.7279	1.6563
Samples	1078	116265	117.0747	2.3026	114.2159	1.6789
Samples	1078	116265	117.5508	2.3172	114.7044	1.6833
Samples	1078	116265	118.0262	2.3471	115.1929	1.6891
Samples	1078	116265	118.4988	2.4037	115.6814	1.7026
Samples	1078	116265	118.9677	2.4863	116.1676	1.7498
Samples	116585+116801	115895+116263	118.7638	1.7366	116.0640	1.3828
Samples	116585+116801	115895+116263	119.2532	1.7066	116.5547	1.3444
Samples	116585+116801	115895+116263	119.7432	1.6903	117.0458	1.3108
Samples	116585+116801	115895+116263	120.2331	1.6689	117.5370	1.2795
Samples	116585+116801	115895+116263	120.7230	1.6472	118.0284	1.2503
Samples	116585+116801	115895+116263	121.2128	1.6242	118.5197	1.2212
Samples	116585+116801	115895+116263	121.7028	1.6089	119.0112	1.1951
Samples	116585+116801	115895+116263	122.1930	1.5976	119.5031	1.1759
Samples	116585+116801	115895+116263	122.6832	1.5884	119.9951	1.1612
Samples	116585+116801	115895+116263	123.1736	1.5864	120.4872	1.1524
Samples	116585+116801	115895+116263	123.6639	1.5809	120.9793	1.1405
Samples	116585+116801	115895+116263	124.1535	1.5568	121.4705	1.1110
Samples	116585+116801	115895+116263	124.6424	1.5194	121.9612	1.0721
Samples	116585+116801	115895+116263	125.1325	1.5125	122.4531	1.0631
Samples	116585+116801	115895+116263	125.6225	1.5267	122.9451	1.0751
Samples	116585+116801	115895+116263	126.1128	1.5221	123.4372	1.0639
Samples	116585+116801	115895+116263	126.6027	1.5388	123.9291	1.0737
Samples	116585+116801	115895+116263	127.0927	1.5532	124.4211	1.0830
Samples	116770	1231	126.6864	1.3447	124.2167	0.9811
Samples	116770	1231	127.1814	1.3197	124.7118	0.9509
Samples	116770	1231	127.6769	1.3104	125.2076	0.9362
Samples	116770	1231	128.1726	1.3128	125.7037	0.9356
Samples	116770	1231	128.6675	1.3390	126.1997	0.9334
Samples	116770	1231	129.1631	1.3469	126.6958	0.9267
Samples	116770	1231	129.6585	1.3637	127.1918	0.9310
Samples	116770	1231	130.1541	1.3737	127.6879	0.9332
Samples	116770	1231	130.6497	1.3804	128.1840	0.9326
Samples	116770	1231	131.1453	1.3858	128.6800	0.9314
Samples	116770	1231	131.6410	1.3871	129.1761	0.9276
Samples	116770	1231	132.1367	1.3850	129.6721	0.9232
Samples	116770	1231	132.6323	1.3825	130.1682	0.9183
Samples	116770	1231	133.1280	1.3813	130.6643	0.9130
Samples	116770	1231	133.6237	1.3788	131.1603	0.9077
Samples	116770	1231	134.1193	1.3792	131.6564	0.9056
Samples	116770	1231	134.6149	1.3860	132.1524	0.9103
Samples	116770	1231	135.1105	1.3955	132.6485	0.9161
Samples	116770	1231	135.6061	1.4040	133.1445	0.9225
Samples	116770	1231	135.9933	1.4115	133.6405	0.9321
Samples	1090	116248	135.7590	1.2626	133.4973	0.8749
Samples	1090	116248	136.2562	1.2671	133.9946	0.8780
Samples	1090	116248	136.7533	1.2712	134.4920	0.8791
Samples	1090	116248	137.2505	1.2801	134.9893	0.8850
Samples	1090	116248	137.7475	1.2905	135.4865	0.8933
Samples	1090	116248	138.2447	1.2973	135.9838	0.8994
Samples	1090	116248	138.7418	1.3078	136.4811	0.9077
Samples	1090	116248	139.2388	1.3194	136.9783	0.9166
Samples	1090	116248	139.7345	1.3553	137.4743	0.9506
Samples	1090	116248	140.2292	1.4046	137.9693	0.9985
Samples	1090	116248	140.7237	1.4564	138.4643	1.0467
Samples	1090	116248	141.2182	1.5085	138.9592	1.0959
Samples	1090	116248	141.7126	1.5607	139.4539	1.1468
Samples	1090	116248	142.2087	1.5884	139.9500	1.1777
Samples	1090	116248	142.7057	1.6007	140.4471	1.1939
Samples	1090	116248	143.2028	1.6133	140.9441	1.2116
Samples	1090	116248	143.6997	1.6286	141.4409	1.2340
Samples	1090	116248	144.1967	1.6420	141.9378	1.2566
Samples	1090	116248	144.6935	1.6631	142.4348	1.2740
Samples	1090	116248	145.1903	1.6809	142.9318	1.2912
Samples	1090	116248	145.6873	1.6915	143.4290	1.3012
Samples	1090	116248	146.1845	1.6900	143.9263	1.2993
Samples	1090	116248	146.6817	1.6901	144.4236	1.2987
Samples	1090	116248	147.1789	1.6864	144.9209	1.2944
Samples	1090	116248	147.6761	1.6826	145.4182	1.2900
Samples	1094	1235	143.8010	0.8865	143.5272	0.9034
Samples	1094	1235	144.2907	0.9080	144.0175	0.9243
Samples	1094	1235	144.7808	0.9208	144.5082	0.9365
Samples	1094	1235	145.2707	0.9386	144.9986	0.9538
Samples	1094	1235	145.7597	0.9138	145.4882	0.9280
Samples	1094	1235	146.2485	0.8765	145.9775	0.8903
Samples	1094	1235	146.7385	0.8692	146.4680	0.8827
Samples	1094	1235	147.2284	0.8574	146.9584	0.8702
Samples	1094	1235	147.7185	0.8632	147.4492	0.8755
Samples	1094	1235	148.2087	0.8590	147.9399	0.8705
Samples	1094	1235	148.6987	0.8442	148.4305	0.8551
Samples	1094	1235	149.1887	0.8280	148.9210	0.8384
Samples	1094	1235	149.6788	0.8147	149.4115	0.8245
Samples	1094	1235	150.1689	0.8112	149.9023	0.8205
Samples	1094	1235	150.6591	0.8161	150.3930	0.8250
Samples	1094	1235	151.1493	0.8268	150.8837	0.8352
Samples	1094	1235	151.6393	0.8388	151.3744	0.8466
Samples	1094	1235	152.1294	0.8498	151.8650	0.8572
Samples	1094	1235	152.6195	0.8627	152.3557	0.8695
Samples	1094	1235	153.1095	0.8765	152.8463	0.8827
Samples	1094	1235	153.5996	0.8905	153.3369	0.8961
Samples	1094	1235	154.0896	0.9030	153.8275	0.9082
Samples	1094	1235	154.5796	0.9184	154.3181	0.9230
Samples	1094	1235	155.0695	0.9366	154.8085	0.9411
Samples	1094	1235	155.5590	0.9599	155.2986	0.9642
Samples	1094	1235	156.0478	0.9962	155.7879	1.0009
Samples	1094	1235	156.5349	1.0306	156.2757	1.0328
Samples	1094	1235	157.0245	1.0318	156.7659	1.0325
Samples	1094	1235	157.5009	0.9195	157.2421	0.9158
Samples	1094	1235	157.9858	0.8509	157.7279	0.8486
Samples	1094	1235	158.4741	0.8168	158.2169	0.8167
Samples	1094	1235	158.9642	0.8253	158.7076	0.8257
Samples	1094	1235	159.4544	0.8353	159.1983	0.8356
Samples	1094	1235	159.9446	0.8362	159.6891	0.8360
Samples	1094	1235	160.4348	0.8349	160.1799	0.8349
Samples	1094	1235	160.9230	0.7995	160.6685	0.7966
Samples	1094	1235	161.4117	0.7718	161.1576	0.7985
Samples	1094	1235	161.9020	0.7756	161.6464	0.8426
Samples	1094	1235	162.3922	0.7792	162.1352	0.8866
Samples	1094	1235	162.8824	0.7830	162.6240	0.9308
Samples	1094	1235	163.3725	0.7797	163.1133	0.9581
Samples	1094	1235	163.8626	0.7771	163.5952	0.8738
Samples	1094	1235	164.3528	0.7795	164.0746	0.7745
Samples	1094	1235	164.8429	0.7715	164.5653	0.7697
Samples	1094	1235	165.3331	0.7632	165.0561	0.7707
Samples	1094	1235	165.8233	0.7548	165.5469	0.7716
Samples	1094	1235	166.3134	0.7460	166.0377	0.7721
Samples	1094	1235	166.8035	0.7370	166.5285	0.7724
Samples	1094	1235	167.2937	0.7274	167.0193	0.7721
Samples	1094	1235	167.7838	0.7186	167.5101	0.7727
ZCwsz	116628	115938	38.0773	-3.3997	27.3474	-1.2959
ZCwsz	116628	115938	38.5535	-3.3177	27.8421	-1.2683
ZCwsz	116628	115938	39.0280	-3.2269	28.3369	-1.2434
ZCwsz	116628	115938	39.4975	-3.1128	28.8317	-1.2172
ZCwsz	116628	115938	39.9648	-2.9898	29.3265	-1.1915
ZCwsz	116628	115938	40.4296	-2.8579	29.8213	-1.1664
ZCwsz	116628	115938	40.8960	-2.7361	30.3154	-1.1507
ZCwsz	116628	115938	41.3781	-2.7029	30.8055	-1.2234
ZCwsz	116628	115938	41.8602	-2.6704	31.2960	-1.2929
ZCwsz	116628	115938	42.3428	-2.6474	31.7865	-1.3628
ZCwsz	116628	115938	42.8157	-2.5876	32.2770	-1.4276
ZCwsz	116628	115938	43.2499	-2.3755	32.7628	-1.3306
ZCwsz	116628	115938	43.6818	-2.1590	33.2487	-1.2337
ZCwsz	116628	115938	44.1172	-1.9493	33.7356	-1.1419
ZCwsz	116628	115938	44.5122	-1.6815	34.2128	-1.0220
ZCwsz	116628	115938	44.7729	-1.2848	34.6047	-0.7366
ZCwsz	116628	115938	44.9655	-0.8417	34.8952	-0.3353
ZCwsz	116625	115935	57.1310	-2.0567	48.0389	-1.0475
ZCwsz	116625	115935	57.5230	-2.3195	48.4500	-1.2654
ZCwsz	116625	115935	57.9186	-2.6037	48.8745	-1.4967
ZCwsz	116625	115935	58.3729	-2.7779	49.3449	-1.6062
ZCwsz	116625	115935	58.8469	-2.8289	49.8150	-1.5742
ZCwsz	116625	115935	59.3093	-2.6846	50.2521	-1.3731
ZCwsz	116537	115847	59.5023	-2.2090	50.4401	-0.8633
ZCwsz	116537	115847	59.9624	-2.4227	50.9086	-1.0153
ZCwsz	116537	115847	60.4160	-2.6519	51.3716	-1.1870
ZCwsz	116537	115847	60.9049	-2.7877	51.8535	-1.2943
ZCwsz	116537	115847	61.4068	-2.8558	52.3433	-1.3381
ZCwsz	116537	115847	61.9131	-2.8131	52.8330	-1.2753
ZCwsz	116537	115847	62.3027	-2.5334	53.1881	-0.9709
ZCwsz	116537	115847	62.4778	-2.0633	53.3323	-0.5040
ZCwsz	116537	115847	62.4324	-1.5690	53.2649	-0.0226
ZCwsz	116537	115847	62.8431	-1.4014	53.6130	0.2066
ZCwsz	116537	115847	63.3480	-1.3414	54.1021	0.2770
ZCwsz	116537	115847	63.8494	-1.2565	54.5896	0.3573
ZCwsz	116537	115847	64.3487	-1.1609	55.0722	0.4624
ZCwsz	116537	115847	64.8461	-1.0554	55.5520	0.5805
ZCwsz	116537	115847	65.3399	-0.9342	56.0330	0.6938
ZCwsz	116537	115847	65.8310	-0.8024	56.5130	0.8112
ZCwsz	116537	115847	66.3157	-0.6489	56.9929	0.9287
ZCwsz	116537	115847	66.7975	-0.4864	57.4746	1.0384
ZCwsz	116537	115847	67.2740	-0.3089	57.9594	1.1338
ZCwsz	116537	115847	67.7353	-0.0955	58.4361	1.2631
ZCwsz	116537	115847	68.2217	-0.1025	58.9065	1.1618
ZCwsz	116537	115847	68.7141	-0.2295	59.3756	1.0065
ZCwsz	116537	115847	69.2075	-0.3524	59.8481	0.8617
ZCwsz	116537	115847	69.7020	-0.4709	60.3204	0.7164
ZCwsz	116537	115847	70.1975	-0.5851	60.7930	0.5723
ZCwsz	116537	115847	70.6912	-0.7069	61.2646	0.4248
ZCwsz	116537	115847	71.1841	-0.8319	61.7362	0.2773
ZCwsz	116537	115847	71.6764	-0.9593	62.2060	0.1241
ZCwsz	116537	115847	72.1713	-1.0759	62.6755	-0.0301
ZCwsz	116537	115847	72.6691	-1.1742	63.1434	-0.1887
ZCwsz	116537	115847	73.1767	-1.2043	63.6318	-0.2638
ZCwsz	116537	115847	73.6844	-1.2318	64.1222	-0.3227
ZCwsz	116537	115847	74.1917	-1.2662	64.6148	-0.3620
ZCwsz	116537	115847	74.6988	-1.3043	65.1070	-0.4048
ZCwsz	116537	115847	75.2062	-1.3367	65.5999	-0.4398
ZCwsz	116537	115847	75.7121	-1.3883	66.0922	-0.4831
ZCwsz	116532	115842	78.6026	-0.3076	68.7301	0.7710
ZCwsz	116532	115842	79.0829	-0.4489	69.1915	0.6152
ZCwsz	116532	115842	79.5618	-0.5951	69.6544	0.4641
ZCwsz	116532	115842	80.0366	-0.7541	70.1135	0.3020
ZCwsz	116532	115842	80.5089	-0.9203	70.5686	0.1287
ZCwsz	116532	115842	80.9744	-1.1045	71.0147	-0.0665
ZCwsz	116532	115842	81.4317	-1.3085	71.4522	-0.2802
ZCwsz	116532	115842	81.8913	-1.4997	71.8651	-0.5324
ZCwsz	116767	116077	101.7692	-0.7084	98.5598	-0.3834
ZCwsz	116767	116077	101.6930	-1.1883	98.4774	-0.8711
ZCwsz	116767	116077	101.8355	-1.6476	98.6293	-1.3385
ZCwsz	116767	116077	102.2519	-1.8839	99.0569	-1.5829
ZCwsz	116767	116077	102.7201	-2.0061	99.5282	-1.7270
ZCwsz	116767	116077	103.2007	-2.0709	100.0144	-1.8126
ZCwsz	116767	116077	103.6866	-2.0703	100.5085	-1.8356
ZCwsz	116767	116077	104.1723	-2.0615	101.0029	-1.8495
ZCwsz	116767	116077	104.6578	-2.0454	101.4974	-1.8589
ZCwsz	116767	116077	105.1360	-1.9744	101.9870	-1.8048
ZCwsz	116767	116077	105.6128	-1.8811	102.4765	-1.7342
ZCwsz	116767	116077	106.0852	-1.7682	102.9617	-1.6379
ZCwsz	116767	116077	106.5567	-1.6511	103.4473	-1.5440
ZCwsz	116767	116077	107.0361	-1.5736	103.9394	-1.4945
ZCwsz	116767	116077	107.5184	-1.5145	104.4325	-1.4560
ZCwsz	116767	116077	107.9997	-1.4486	104.9248	-1.4072
ZCwsz	116767	116077	108.4718	-1.3388	105.4137	-1.3328
ZCwsz	116767	116077	108.9206	-1.1533	105.8908	-1.2036
ZCwsz	116767	116077	109.3850	-1.0116	106.3756	-1.1065
ZCwsz	116767	116077	109.8462	-0.8587	106.8544	-0.9838
ZCwsz	116767	116077	110.3187	-0.7461	107.3421	-0.9064
ZCwsz	116767	116077	110.8008	-0.6871	107.8361	-0.8835
ZCwsz	116767	116077	111.2861	-0.6766	108.3306	-0.8774
ZCwsz	116767	116077	111.7711	-0.7054	108.8243	-0.9044
ZCwsz	116767	116077	112.2542	-0.7527	109.3148	-0.9616
ZCwsz	116767	116077	112.7341	-0.8286	109.7975	-1.0697
ZCwsz	116767	116077	113.2084	-0.9328	110.2747	-1.1998
ZCwsz	116767	116077	113.6828	-1.0372	110.7527	-1.3269
ZCwsz	116767	116077	114.1614	-1.1162	111.2295	-1.4584
ZCwsz	116767	116077	114.6431	-1.1796	111.7105	-1.5735
ZCwsz	116767	116077	115.1202	-1.2588	112.1838	-1.7141
ZCwsz	116767	116077	115.5608	-1.4583	112.6222	-1.9403
ZCwsz	116767	116077	115.9899	-1.6861	113.0526	-2.1840
ZCwsz	116767	116077	116.4152	-1.9210	113.4834	-2.4271
ZCwsz	116635	115945	117.9378	0.0550	115.2312	-0.2801
ZCwsz	116635	115945	118.3307	-0.2297	115.6247	-0.5701
ZCwsz	116635	115945	118.7457	-0.4837	116.0405	-0.8298
ZCwsz	116635	115945	119.1593	-0.7400	116.4544	-1.0926
ZCwsz	116635	115945	119.5735	-0.9954	116.8678	-1.3560
ZCwsz	116635	115945	119.9861	-1.2533	117.2804	-1.6208
ZCwsz	116635	115945	120.1978	-1.6730	117.4962	-2.0419
ZCwsz	116635	115945	120.3167	-2.1449	117.6153	-2.5174
ZCwsz	116855	115913	119.1427	-2.7929	116.6336	-3.0319
ZCwsz	116855	115913	119.6234	-2.8832	117.1155	-3.1337
ZCwsz	116855	115913	120.1031	-2.9778	117.5975	-3.2355
ZCwsz	116855	115913	120.5837	-3.0684	118.0802	-3.3338
ZCwsz	116855	115913	121.0643	-3.1589	118.5629	-3.4321
ZCwsz	116855	115913	121.5453	-3.2470	119.0456	-3.5301
ZCwsz	116855	115913	122.0261	-3.3362	119.5288	-3.6258
ZCwsz	116599	115909	128.0543	-0.7349	125.5845	-1.1061
ZCwsz	116599	115909	127.6585	-0.9963	125.1869	-1.3632
ZCwsz	116599	115909	127.2759	-1.2767	124.8021	-1.6390
ZCwsz	116599	115909	126.9039	-1.5710	124.4274	-1.9284
ZCwsz	116599	115909	126.5313	-1.8646	124.0529	-2.2180
ZCwsz	116599	115909	126.1394	-2.1287	123.6585	-2.4768
ZCwsz	116599	115909	125.7076	-2.3248	123.2258	-2.6685
ZCwsz	116599	115909	125.2898	-2.5490	122.8059	-2.8868
ZCwsz	116599	115909	124.8527	-2.7333	122.3668	-3.0639
ZCwsz	116599	115909	124.4212	-2.9302	121.9333	-3.2544
ZCwsz	116598	115908	139.4949	-0.0320	139.2211	-0.0163
ZCwsz	116598	115908	139.9168	-0.0899	139.6434	-0.0726
ZCwsz	116598	115908	140.3388	-0.1470	140.0657	-0.1288
ZCwsz	116598	115908	140.7521	-0.0886	140.4794	-0.0707
ZCwsz	116598	115908	141.1379	0.0916	140.8652	0.1097
ZCwsz	116598	115908	141.5165	0.2865	141.2433	0.3060
ZCwsz	116598	115908	141.8939	0.4839	141.6201	0.5049
ZCwsz	116560	115870	160.7040	5.3262	160.4302	5.3262
ZCwsz	116560	115870	161.1863	5.2479	160.9144	5.2548
ZCwsz	116560	115870	161.6637	5.3635	161.3834	5.4071
ZCwsz	116560	115870	162.1409	5.4797	161.8523	5.5600
ZCwsz	116560	115870	162.6182	5.5959	162.3212	5.7129
ZCwsz	116560	115870	163.0954	5.7121	162.7901	5.8658
ZCwsz	116560	115870	163.5757	5.8151	163.2689	5.9764
ZCwsz	116560	115870	164.0530	5.9309	163.7617	5.9828
ZCwsz	116560	115870	164.5318	6.0401	164.2493	6.0304
ZCwsz	116560	115870	165.0166	6.1057	164.7345	6.1068
ZCwsz	116560	115870	165.5077	6.0982	165.2277	6.1091
ZCwsz	116560	115870	165.9988	6.0888	165.7208	6.1089
ZCwsz	116560	115870	166.4899	6.0793	166.2140	6.1087
ZCwsz	116560	115870	166.9810	6.0698	166.7072	6.1086
ZCwsz	116666	115976	147.9151	1.5304	147.6413	1.5425
ZCwsz	116666	115976	148.3977	1.6044	148.1218	1.6155
ZCwsz	116666	115976	148.8802	1.6787	148.6022	1.6890
ZCwsz	116666	115976	149.3627	1.7530	149.0825	1.7624
ZCwsz	116666	115976	149.8451	1.8274	149.5629	1.8359
ZCwsz	116666	115976	150.3276	1.9018	150.0433	1.9094
ZCwsz	116666	115976	150.8101	1.9761	150.5237	1.9828
ZCwsz	116666	115976	151.2926	2.0505	151.0041	2.0563
ZCwsz	116666	115976	151.7760	2.1181	151.4852	2.1238
ZCwsz	116666	115976	152.2616	2.1687	151.9686	2.1737
ZCwsz	116666	115976	152.7472	2.2189	152.4521	2.2231
ZCwsz	116666	115976	153.2328	2.2692	152.9355	2.2726
ZCwsz	116666	115976	153.7193	2.3066	153.4198	2.3112
ZCwsz	116666	115976	154.2073	2.3202	153.9056	2.3241
ZCwsz	116666	115976	154.6953	2.3340	154.3914	2.3373
ZCwsz	116666	115976	155.1833	2.3478	154.8772	2.3505
ZCwsz	116666	115976	155.6714	2.3602	155.3630	2.3623
ZCwsz	116666	115976	156.1594	2.3725	155.8488	2.3739
ZCwsz	116666	115976	156.6474	2.3741	156.3347	2.3782
ZCwsz	116666	115976	157.1309	2.3073	156.8163	2.3147
ZCwsz	116666	115976	157.6135	2.2335	157.2966	2.2408
ZCwsz	116666	115976	158.0938	2.1473	157.7751	2.1569
ZCwsz	116666	115976	158.5813	2.1396	158.2593	2.1394
ZCwsz	116666	115976	159.0693	2.1275	158.7451	2.1294
ZCwsz	116666	115976	159.5570	2.1072	159.2307	2.1097
ZCwsz	116666	115976	160.0440	2.0727	159.7155	2.0769
ZCwsz	116666	115976	160.5304	2.0321	160.1998	2.0373
ZCwsz	116666	115976	161.0101	1.9456	160.6790	1.9607
ZCwsz	116666	115976	161.4564	1.7606	161.1400	1.8170
ZCwsz	116666	115976	161.8494	1.4710	161.5468	1.5510
ZCwsz	116666	115976	162.2149	1.1492	161.9289	1.2530
ZCwsz	116666	115976	162.5410	0.7859	162.2672	0.9041
ZCwsz	116594	115904	150.5281	0.5111	150.2543	0.5201
ZCwsz	116594	115904	151.0095	0.4364	150.7348	0.4449
ZCwsz	116594	115904	151.4908	0.3613	151.2151	0.3695
ZCwsz	116594	115904	151.9720	0.2862	151.6955	0.2940
ZCwsz	116594	115904	152.4533	0.2111	152.1758	0.2184
ZCwsz	116594	115904	152.9346	0.1359	152.6562	0.1428
ZCwsz	116594	115904	153.4145	0.0530	153.1352	0.0596
ZCwsz	116594	115904	153.8922	-0.0426	153.6119	-0.0362
ZCwsz	116594	115904	154.3698	-0.1382	154.0886	-0.1323
ZCwsz	116594	115904	154.8494	-0.2214	154.5672	-0.2165
ZCwsz	116594	115904	155.3340	-0.2705	155.0509	-0.2662
ZCwsz	116594	115904	155.8187	-0.3191	155.5346	-0.3153
ZCwsz	116594	115904	156.3033	-0.3682	156.0184	-0.3648
ZCwsz	116594	115904	156.7846	-0.4407	156.4990	-0.4365
ZCwsz	116594	115904	157.2597	-0.5483	156.9731	-0.5443
ZCwsz	116594	115904	157.7300	-0.6700	157.4435	-0.6632
ZCwsz	116594	115904	158.1421	-0.9262	157.8551	-0.9187
ZCwsz	116594	115904	158.5751	-1.1494	158.2870	-1.1421
ZCwsz	116594	115904	159.0082	-1.3723	158.7194	-1.3646
ZCwsz	116594	115904	159.4102	-1.6420	159.1229	-1.6306
ZCwsz	116594	115904	159.7673	-1.9733	159.4800	-1.9606
ZCwsz	116594	115904	160.1481	-2.2739	159.8580	-2.2634
ZCwsz	116594	115904	160.5667	-2.5230	160.2755	-2.5126
ZCwsz	116594	115904	160.9676	-2.7993	160.6768	-2.7867
ZCwsz	116594	115904	161.3773	-3.0621	161.0936	-3.0352
ZCwsz	116594	115904	161.8315	-3.2335	161.5577	-3.1740
ZCwsz	116595	115905	156.1012	-1.8104	155.8274	-1.8079
ZCwsz	116595	115905	156.5716	-1.9624	156.2968	-1.9602
ZCwsz	116595	115905	157.0266	-2.1557	156.7508	-2.1535
ZCwsz	116595	115905	157.4785	-2.3564	157.2016	-2.3542
ZCwsz	116595	115905	157.9293	-2.5594	157.6514	-2.5572
ZCwsz	116595	115905	158.3887	-2.7383	158.1095	-2.7368
ZCwsz	116595	115905	158.8641	-2.8740	158.5840	-2.8722
ZCwsz	116595	115905	159.3444	-2.9884	159.0632	-2.9872
ZCwsz	116595	115905	159.8310	-3.0756	159.5490	-3.0740
ZCwsz	116595	115905	160.3158	-3.1725	160.0329	-3.1707
ZCwsz	116595	115905	160.7962	-3.2880	160.5126	-3.2850
ZCwsz	116595	115905	161.2683	-3.4308	160.9858	-3.4169
ZCwsz	116595	115905	161.7539	-3.5237	161.4763	-3.4701
ZCwsz	116595	115905	162.2393	-3.6177	161.9668	-3.5245
ZCwsz	116595	115905	162.7247	-3.7117	162.4573	-3.5790
ZCwsz	116595	115905	163.2096	-3.8082	162.9474	-3.6364
ZCwsz	116595	115905	163.6927	-3.9134	163.4189	-3.7739
ZCwsz	116588	115898	157.3635	-2.3854	157.0897	-2.3844
ZCwsz	116588	115898	157.8156	-2.5089	157.5389	-2.5077
ZCwsz	116588	115898	158.2677	-2.6325	157.9880	-2.6309
ZCwsz	116588	115898	158.7197	-2.7565	158.4371	-2.7541
ZCwsz	116588	115898	159.1717	-2.8805	158.8863	-2.8774
ZCwsz	116588	115898	159.6237	-3.0046	159.3354	-3.0006
ZCwsz	116588	115898	160.0756	-3.1286	159.7846	-3.1239
ZCwsz	116588	115898	160.5276	-3.2526	160.2337	-3.2471
ZCwsz	116588	115898	160.9796	-3.3766	160.6828	-3.3703
ZCwsz	116588	115898	161.4241	-3.5245	161.1320	-3.4936
ZCwsz	116588	115898	161.8657	-3.6815	161.5811	-3.6168
ZCwsz	116588	115898	162.3205	-3.7945	162.0405	-3.6935
ZCwsz	116588	115898	162.7754	-3.9076	162.5000	-3.7697
ZCwsz	116588	115898	163.2302	-4.0206	162.9594	-3.8460
ZCwsz	116588	115898	163.6927	-4.0617	163.4189	-3.9222
Cc	116627	115937	38.1293	-2.9717	27.4099	-0.8847
Cc	116627	115937	38.6030	-2.8961	27.9036	-0.8676
Cc	116627	115937	39.0738	-2.8050	28.3972	-0.8471
Cc	116627	115937	39.5393	-2.6891	28.8906	-0.8208
Cc	116627	115937	40.0002	-2.5560	29.3840	-0.7942
Cc	116627	115937	40.4612	-2.4232	29.8775	-0.7697
Cc	116627	115937	40.9237	-2.3018	30.3701	-0.7572
Cc	116627	115937	41.4007	-2.2504	30.8612	-0.8114
Cc	116627	115937	41.8780	-2.2021	31.3525	-0.8646
Cc	116627	115937	42.3557	-2.1585	31.8436	-0.9189
Cc	116627	115937	42.8271	-2.0881	32.3350	-0.9691
Cc	116627	115937	43.2681	-1.8993	32.8238	-0.8970
Cc	116627	115937	43.7068	-1.7051	33.3131	-0.8282
Cc	116627	115937	44.1243	-1.4781	33.7988	-0.7479
Cc	116627	115937	44.4184	-1.1120	34.2193	-0.5061
Cc	116627	115937	44.6112	-0.6727	34.5149	-0.1102
Cc	116649	115959	44.7959	1.1452	35.4934	1.2487
Cc	116649	115959	45.2811	1.0655	35.9439	1.0511
Cc	116649	115959	45.7507	0.9191	36.4042	0.8791
Cc	116649	115959	46.2255	0.7938	36.8776	0.7454
Cc	116649	115959	46.7116	0.7182	37.3502	0.6087
Cc	116649	115959	47.1980	0.6443	37.8184	0.4585
Cc	116649	115959	47.6638	0.5009	38.2452	0.2156
Cc	116649	115959	48.0884	0.2529	38.6640	-0.0423
Cc	116649	115959	48.4937	-0.0259	39.0798	-0.3051
Cc	116649	115959	48.8976	-0.3068	39.4951	-0.5689
Cc	116649	115959	49.2989	-0.5912	39.9149	-0.8251
Cc	116649	115959	49.7086	-0.8621	40.3751	-0.9494
Cc	116649	115959	50.1880	-0.8534	40.8522	-0.8388
Cc	116649	115959	50.6495	-0.6848	41.3123	-0.6645
Cc	116649	115959	51.1123	-0.5179	41.7747	-0.4968
Cc	116649	115959	51.5856	-0.4617	42.2494	-0.4096
Cc	116649	115959	52.0672	-0.5618	42.7411	-0.4198
Cc	116631	115941	54.1619	-2.9864	44.8651	-2.3767
Cc	116631	115941	54.4624	-2.6963	45.1704	-2.0741
Cc	116631	115941	54.8712	-2.6642	45.5738	-1.9606
Cc	116631	115941	55.2831	-2.7232	46.0012	-1.9334
Cc	116631	115941	55.6713	-2.8655	46.4277	-1.9820
Cc	116631	115941	55.9292	-3.1913	46.7345	-2.2721
Cc	116624	115934	57.5202	-1.7251	48.4535	-0.6832
Cc	116624	115934	57.8212	-2.0489	48.7764	-0.9699
Cc	116624	115934	58.1944	-2.2852	49.1693	-1.1470
Cc	116624	115934	58.6220	-2.4015	49.5975	-1.1882
Cc	116624	115934	59.0285	-2.2329	49.9694	-0.9638
Cc	116624	115934	59.4559	-2.3216	50.3954	-0.9847
Cc	116538	115848	59.6830	-1.7670	50.6133	-0.3863
Cc	116538	115848	60.1444	-1.9879	51.0824	-0.5460
Cc	116538	115848	60.6071	-2.2071	51.5484	-0.7173
Cc	116538	115848	61.1053	-2.3270	52.0361	-0.8112
Cc	116538	115848	61.6145	-2.3509	52.5299	-0.8059
Cc	116538	115848	62.0256	-2.1392	52.9040	-0.5681
Cc	116538	115848	61.9753	-1.6404	52.8380	-0.0840
Cc	116538	115848	62.1264	-1.1505	52.9582	0.3978
Cc	116538	115848	62.5138	-0.9516	53.2719	0.6679
Cc	116538	115848	63.0242	-0.9058	53.7639	0.7370
Cc	116538	115848	63.5306	-0.8263	54.2555	0.8094
Cc	116538	115848	64.0366	-0.7439	54.7444	0.8985
Cc	116538	115848	64.5412	-0.6533	55.2297	1.0052
Cc	116538	115848	65.0433	-0.5500	55.7158	1.1082
Cc	116538	115848	65.5396	-0.4219	56.2013	1.2140
Cc	116538	115848	66.0312	-0.2765	56.6855	1.3255
Cc	116538	115848	66.5221	-0.1288	57.1713	1.4301
Cc	116538	115848	67.0067	0.0382	57.6601	1.5193
Cc	116538	115848	67.4831	0.2273	58.1473	1.6160
Cc	116538	115848	67.9602	0.3938	58.6262	1.6965
Cc	116538	115848	68.4573	0.2689	59.0959	1.5345
Cc	116538	115848	68.9532	0.1390	59.5679	1.3793
Cc	116538	115848	69.4516	0.0191	60.0421	1.2305
Cc	116538	115848	69.9495	-0.1033	60.5169	1.0840
Cc	116538	115848	70.4454	-0.2330	60.9906	0.9341
Cc	116538	115848	70.9408	-0.3653	61.4638	0.7825
Cc	116538	115848	71.4367	-0.4949	61.9359	0.6273
Cc	116538	115848	71.9343	-0.6184	62.4070	0.4693
Cc	116538	115848	72.4331	-0.7366	62.8776	0.3098
Cc	116538	115848	72.9380	-0.8155	63.3523	0.1671
Cc	116538	115848	73.4487	-0.8596	63.8430	0.0890
Cc	116538	115848	73.9598	-0.8993	64.3371	0.0380
Cc	116538	115848	74.4709	-0.9394	64.8320	-0.0076
Cc	116538	115848	74.9822	-0.9761	65.3272	-0.0482
Cc	116538	115848	75.4931	-1.0175	65.8229	-0.0824
Cc	116538	115848	76.0035	-1.0663	66.3188	-0.1131
Cc	116538	115848	76.5141	-1.1120	66.8149	-0.1419
Cc	116533	115843	79.3711	0.0239	69.4463	1.1176
Cc	116533	115843	79.8534	-0.1541	69.9107	0.9333
Cc	116533	115843	80.3317	-0.3425	70.3708	0.7386
Cc	116533	115843	80.8003	-0.5537	70.8222	0.5245
Cc	116533	115843	81.2720	-0.7577	71.2801	0.3255
Cc	116533	115843	81.7477	-0.9514	71.7191	0.0869
Cc	116533	115843	82.2444	-1.0705	72.1811	-0.0929
Cc	116533	115843	82.3997	-1.4229	72.3144	-0.4949
Cc	116766	116076	102.2313	-0.3192	99.0298	-0.0266
Cc	116766	116076	102.2090	-0.8002	99.0029	-0.5156
Cc	116766	116076	102.3575	-1.2314	99.1636	-0.9517
Cc	116766	116076	102.7279	-1.5345	99.5358	-1.2658
Cc	116766	116076	103.1783	-1.6509	99.9922	-1.3963
Cc	116766	116076	103.6596	-1.6652	100.4806	-1.4321
Cc	116766	116076	104.1405	-1.6637	100.9693	-1.4500
Cc	116766	116076	104.6159	-1.5871	101.4563	-1.3999
Cc	116766	116076	105.0934	-1.5257	101.9445	-1.3621
Cc	116766	116076	105.5712	-1.4663	102.4326	-1.3218
Cc	116766	116076	106.0418	-1.3680	102.9145	-1.2380
Cc	116766	116076	106.5058	-1.2392	103.3930	-1.1340
Cc	116766	116076	106.9790	-1.1521	103.8790	-1.0748
Cc	116766	116076	107.4562	-1.0873	104.3665	-1.0283
Cc	116766	116076	107.9325	-1.0170	104.8533	-0.9748
Cc	116766	116076	108.3922	-0.8809	105.3370	-0.9017
Cc	116766	116076	108.8473	-0.7273	105.8137	-0.7980
Cc	116766	116076	109.3135	-0.6072	106.2960	-0.7149
Cc	116766	116076	109.7747	-0.4689	106.7706	-0.5942
Cc	116766	116076	110.2358	-0.3306	107.2497	-0.4935
Cc	116766	116076	110.7101	-0.2560	107.7371	-0.4549
Cc	116766	116076	111.1911	-0.2751	108.2267	-0.4642
Cc	116766	116076	111.6717	-0.3040	108.7153	-0.4955
Cc	116766	116076	112.1491	-0.3656	109.1990	-0.5709
Cc	116766	116076	112.6278	-0.4172	109.6822	-0.6506
Cc	116766	116076	113.1010	-0.5036	110.1569	-0.7704
Cc	116766	116076	113.5697	-0.6141	110.6259	-0.9114
Cc	116766	116076	114.0455	-0.6846	111.0980	-1.0415
Cc	116766	116076	114.5245	-0.7211	111.5778	-1.1377
Cc	116766	116076	115.0047	-0.7566	112.0595	-1.2252
Cc	116766	116076	115.4624	-0.8898	112.5219	-1.3746
Cc	116766	116076	115.8886	-1.1139	112.9525	-1.6079
Cc	116766	116076	116.3128	-1.3417	113.3804	-1.8461
Cc	116766	116076	116.7352	-1.5728	113.8066	-2.0873
Cc	116642	115952	118.1757	0.5149	115.4717	0.1732
Cc	116642	115952	118.5755	0.2593	115.8714	-0.0882
Cc	116642	115952	118.9739	0.0015	116.2701	-0.3511
Cc	116642	115952	119.3752	-0.2517	116.6710	-0.6104
Cc	116642	115952	119.7846	-0.4917	117.0790	-0.8586
Cc	116642	115952	120.1928	-0.7337	117.4878	-1.1056
Cc	116642	115952	120.5669	-1.0055	117.8654	-1.3786
Cc	116642	115952	120.6633	-1.4647	117.9647	-1.8404
Cc	116642	115952	120.6913	-1.9385	117.9920	-2.3171
Cc	116602	115912	119.5191	-2.5832	117.0121	-2.8325
Cc	116602	115912	120.0044	-2.6744	117.4991	-2.9319
Cc	116602	115912	120.4904	-2.7611	117.9870	-3.0267
Cc	116602	115912	120.9762	-2.8492	118.4749	-3.1215
Cc	116602	115912	121.4628	-2.9329	118.9629	-3.2154
Cc	116602	115912	121.9489	-3.0192	119.4511	-3.3089
Cc	116602	115912	122.4353	-3.1037	119.9398	-3.3991
Cc	116602	115912	122.9220	-3.1870	120.4286	-3.4893
Cc	116600	115910	127.7373	-0.6330	125.2667	-1.0023
Cc	116600	115910	127.3219	-0.9111	124.8489	-1.2750
Cc	116600	115910	126.9198	-1.2082	124.4441	-1.5667
Cc	116600	115910	126.5240	-1.5136	124.0463	-1.8681
Cc	116600	115910	126.1253	-1.8152	123.6451	-2.1647
Cc	116600	115910	125.6746	-2.0304	123.1931	-2.3748
Cc	116600	115910	125.2355	-2.2694	122.7517	-2.6075
Cc	116600	115910	124.7755	-2.4648	122.2897	-2.7958
Cc	116600	115910	124.3230	-2.6775	121.8352	-3.0017
Cc	116600	115910	123.8716	-2.8925	121.3823	-3.2110
Cc	116600	115910	123.4177	-3.1021	120.9263	-3.4139
Cc	116561	115871	161.0614	5.5364	160.7877	5.5364
Cc	116561	115871	161.5132	5.6351	161.2330	5.6663
Cc	116561	115871	161.9631	5.7446	161.6753	5.8105
Cc	116561	115871	162.4131	5.8542	162.1175	5.9547
Cc	116561	115871	162.8631	5.9638	162.5598	6.0989
Cc	116561	115871	163.3141	6.0690	163.0032	6.2397
Cc	116561	115871	163.7661	6.1692	163.4635	6.2908
Cc	116561	115871	164.2163	6.2780	163.9287	6.2903
Cc	116561	115871	164.6685	6.3780	164.3848	6.3706
Cc	116561	115871	165.1288	6.3975	164.8465	6.4012
Cc	116561	115871	165.5919	6.3886	165.3117	6.4010
Cc	116561	115871	166.0549	6.3797	165.7768	6.4009
Cc	116561	115871	166.5179	6.3708	166.2420	6.4007
Cc	116561	115871	166.9810	6.3618	166.7072	6.4006
Cc	116590	115900	153.2840	0.3859	153.0102	0.3916
Cc	116590	115900	153.7637	0.2905	153.4892	0.2959
Cc	116590	115900	154.2431	0.1943	153.9680	0.1991
Cc	116590	115900	154.7226	0.0983	154.4469	0.1027
Cc	116590	115900	155.2085	0.0441	154.9322	0.0478
Cc	116590	115900	155.6951	-0.0047	155.4182	-0.0015
Cc	116590	115900	156.1818	-0.0535	155.9042	-0.0508
Cc	116590	115900	156.6666	-0.1156	156.3885	-0.1131
Cc	116590	115900	157.1443	-0.2198	156.8656	-0.2174
Cc	116590	115900	157.6209	-0.3295	157.3415	-0.3275
Cc	116590	115900	158.0639	-0.5252	157.7849	-0.5212
Cc	116590	115900	158.4897	-0.7623	158.2096	-0.7590
Cc	116590	115900	158.9246	-0.9859	158.6440	-0.9824
Cc	116590	115900	159.3556	-1.2165	159.0749	-1.2121
Cc	116590	115900	159.7316	-1.5261	159.4515	-1.5201
Cc	116590	115900	160.0900	-1.8587	159.8092	-1.8527
Cc	116590	115900	160.4940	-2.1316	160.2118	-2.1265
Cc	116590	115900	160.9016	-2.4013	160.6195	-2.3950
Cc	116590	115900	161.3067	-2.6737	161.0301	-2.6561
Cc	116590	115900	161.7427	-2.8935	161.4803	-2.8423
Cc	116590	115900	162.2070	-2.8357	161.9380	-2.7425
Cc	116590	115900	162.6526	-2.6341	162.3687	-2.5120
Cc	116590	115900	163.0981	-2.4325	162.7994	-2.2816
Cc	116590	115900	163.5485	-2.2419	163.2445	-2.0833
Cc	116590	115900	163.9942	-2.0407	163.7203	-1.9745
Cc	116590	115900	164.4332	-1.8253	164.1820	-1.8213
Cc	116590	115900	164.8724	-1.6102	164.6182	-1.6015
Cc	116590	115900	165.3117	-1.3953	165.0537	-1.3802
Cc	116590	115900	165.7508	-1.1801	165.4890	-1.1586
Cc	116590	115900	166.1835	-0.9523	165.9176	-0.9243
Cc	116590	115900	166.6134	-0.7191	166.3435	-0.6851
Cc	116590	115900	167.0432	-0.4858	166.7694	-0.4459
Cc	116596	115906	161.9459	-3.2538	161.6721	-3.1848
Cc	116596	115906	162.4074	-3.3435	162.1405	-3.2371
Cc	116596	115906	162.8689	-3.4332	162.6088	-3.2894
Cc	116596	115906	163.3286	-3.5312	163.0757	-3.3514
Cc	116596	115906	163.7911	-3.6097	163.5231	-3.4959
Cc	116596	115906	164.2610	-3.6193	163.9806	-3.6068
Cc	116596	115906	164.7310	-3.6306	164.4498	-3.6344
Cc	116596	115906	165.2009	-3.6435	164.9210	-3.6384
Cc	116596	115906	165.6709	-3.6565	165.3922	-3.6425
Cc	116596	115906	166.1409	-3.6694	165.8634	-3.6466
Cc	116596	115906	166.6108	-3.6824	166.3346	-3.6506
Cc	116596	115906	167.0808	-3.6954	166.8058	-3.6548
Cc	116596	115906	167.5508	-3.7087	167.2770	-3.6591
TsO	116536	115846	105.8046	2.4672	102.6494	2.5623
TsO	116536	115846	106.2720	2.5425	103.1358	2.5618
TsO	116536	115846	106.7448	2.5281	103.6196	2.5070
TsO	116536	115846	107.2162	2.4801	104.1000	2.4245
TsO	116536	115846	107.6877	2.4329	104.5824	2.3542
TsO	116536	115846	108.1597	2.3920	105.0657	2.2910
TsO	116536	115846	108.6330	2.3724	105.5497	2.2336
TsO	116536	115846	109.1036	2.3181	106.0327	2.1678
TsO	116536	115846	109.5684	2.2264	106.5128	2.0838
TsO	116536	115846	110.0334	2.1354	106.9907	1.9881
TsO	116536	115846	110.4875	2.0020	107.4549	1.8411
TsO	116536	115846	110.9458	1.8835	107.9216	1.7013
TsO	116536	115846	111.4075	1.7774	108.3919	1.5729
TsO	116536	115846	111.8727	1.6895	108.8665	1.4624
TsO	116536	115846	112.3446	1.6571	109.3439	1.3645
TsO	116536	115846	112.8173	1.6699	109.8276	1.3077
TsO	116536	115846	113.2903	1.6867	110.3123	1.2575
TsO	116536	115846	113.7628	1.6530	110.7962	1.1987
TsO	116536	115846	114.2291	1.5693	111.2750	1.1077
TsO	116536	115846	114.6972	1.4958	111.7538	1.0160
TsO	116536	115846	115.1673	1.4365	112.2336	0.9306
TsO	116536	115846	115.6354	1.3634	112.7148	0.8526
TsO	116536	115846	116.1034	1.2898	113.1931	0.7586
TsO	116536	115846	116.5753	1.2482	113.6743	0.6825
TsO	116536	115846	117.0475	1.2094	114.1585	0.6262
TsO	116536	115846	117.5201	1.1760	114.6414	0.5597
TsO	116536	115846	117.9928	1.1480	115.1262	0.5092
TsO	116536	115846	118.4616	1.0795	115.6069	0.4286
TsO	116571	115881	118.7374	1.6839	116.0371	1.3307
TsO	116571	115881	119.1982	1.5750	116.4996	1.2143
TsO	116571	115881	119.6609	1.4740	116.9627	1.1002
TsO	116571	115881	120.1174	1.3493	117.4200	0.9656
TsO	116571	115881	120.5698	1.2094	117.8738	0.8187
TsO	116571	115881	121.0238	1.0749	118.3293	0.6775
TsO	116571	115881	121.4822	0.9563	118.7892	0.5512
TsO	116571	115881	121.9424	0.8444	119.2508	0.4312
TsO	116571	115881	122.4020	0.7306	119.7125	0.3116
TsO	116571	115881	122.8668	0.6403	120.1794	0.2147
TsO	116571	115881	123.3342	0.5645	120.6492	0.1328
TsO	116571	115881	123.8030	0.4974	121.1200	0.0564
TsO	116571	115881	124.2706	0.4230	121.5906	-0.0208
TsO	116571	115881	124.7374	0.3429	122.0601	-0.1050
TsO	116874	115953	126.3343	1.1653	123.8626	0.8057
TsO	116874	115953	126.7902	1.0468	124.3285	0.6810
TsO	116874	115953	127.2454	0.9254	124.7932	0.5521
TsO	116874	115953	127.7081	0.8374	125.2662	0.4591
TsO	116874	115953	128.1719	0.7563	125.7410	0.3756
TsO	116874	115953	128.6381	0.6886	126.2177	0.3028
TsO	116874	115953	129.1072	0.6524	126.6956	0.2391
TsO	116874	115953	129.5770	0.6273	127.1758	0.2011
TsO	116874	115953	130.0441	0.5661	127.6527	0.1299
TsO	116874	115953	130.5087	0.4892	128.1267	0.0420
TsO	116874	115953	130.9721	0.4043	128.5999	-0.0510
TsO	116874	115953	131.4366	0.3258	129.0744	-0.1368
TsO	116874	115953	131.9015	0.2497	129.5497	-0.2185
TsO	116874	115953	132.3664	0.1738	130.0254	-0.2980
TsO	116874	115953	132.8323	0.1043	130.5020	-0.3715
TsO	116874	115953	133.2985	0.0366	130.9787	-0.4444
TsO	116874	115953	133.7648	-0.0312	131.4558	-0.5148
TsO	116568	115878	134.9826	0.7582	132.7181	0.3748
TsO	116568	115878	135.4624	0.7047	133.1991	0.3193
TsO	116568	115878	135.9423	0.6516	133.6802	0.2650
TsO	116568	115878	136.4222	0.5996	134.1615	0.2117
TsO	116568	115878	136.9040	0.5703	134.6446	0.1789
TsO	116568	115878	137.3860	0.5430	135.1279	0.1493
TsO	116568	115878	137.8679	0.5143	135.6112	0.1192
TsO	116568	115878	138.3499	0.4879	136.0946	0.0924
TsO	116568	115878	138.8324	0.4740	136.5785	0.0759
TsO	116568	115878	139.3150	0.4607	137.0625	0.0606
TsO	116568	115878	139.7976	0.4474	137.5465	0.0466
TsO	116568	115878	140.2801	0.4330	138.0305	0.0311
TsO	116568	115878	140.7610	0.3926	138.5125	-0.0124
TsO	116568	115878	141.2411	0.3420	138.9938	-0.0651
Cbn	116629	115939	38.3230	-1.5539	27.6526	0.4544
Cbn	116629	115939	38.7945	-1.4928	28.1498	0.4480
Cbn	116629	115939	39.2568	-1.3823	28.6469	0.4608
Cbn	116629	115939	39.7181	-1.2681	29.1439	0.4629
Cbn	116629	115939	40.1782	-1.1480	29.6412	0.4675
Cbn	116629	115939	40.6382	-1.0285	30.1381	0.4797
Cbn	116629	115939	41.1044	-0.9424	30.6338	0.4640
Cbn	116629	115939	41.5735	-0.8644	31.1301	0.4339
Cbn	116629	115939	42.0407	-0.7762	31.6264	0.4026
Cbn	116629	115939	42.5094	-0.6965	32.1226	0.3697
Cbn	116629	115939	42.9354	-0.5332	32.6100	0.3825
Cbn	116629	115939	43.2324	-0.1620	33.0158	0.6699
Cbn	116567	115877	51.2571	0.3862	41.9204	0.3427
Cbn	116567	115877	51.6918	0.5817	42.3484	0.5782
Cbn	116567	115877	52.1244	0.7819	42.7736	0.8188
Cbn	116567	115877	52.5834	0.9009	43.2207	1.0105
Cbn	116567	115877	53.0464	1.0128	43.6805	1.1747
Cbn	116567	115877	53.5197	1.0666	44.1490	1.3118
Cbn	116567	115877	53.9953	1.0993	44.6246	1.4232
Cbn	116567	115877	54.4713	1.1222	45.1014	1.5297
Cbn	116567	115877	54.9474	1.1471	45.5780	1.6368
Cbn	116567	115877	55.4239	1.1573	46.0554	1.7404
Cbn	116567	115877	55.9000	1.1360	46.5358	1.8289
Cbn	116567	115877	56.3738	1.0855	47.0196	1.8968
Cbn	116567	115877	56.8335	0.9624	47.5073	1.9064
Cbn	116567	115877	57.2780	0.7906	47.9894	1.8323
Cbn	116567	115877	57.7186	0.6085	48.4659	1.7248
Cbn	116567	115877	58.1568	0.4209	48.9404	1.6087
Cbn	116567	115877	58.5960	0.2356	49.4137	1.4874
Cbn	116567	115877	59.0415	0.0680	49.8889	1.3747
Cbn	116567	115877	59.5024	-0.0537	50.3754	1.3307
Cbn	116567	115877	59.9635	-0.1746	50.8618	1.2848
Cbn	116630	115940	53.0840	-1.7312	43.7719	-1.3666
Cbn	116630	115940	53.4697	-1.5216	44.1642	-1.1235
Cbn	116630	115940	53.8797	-1.3740	44.5762	-0.9187
Cbn	116630	115940	54.3139	-1.3096	45.0175	-0.7835
Cbn	116630	115940	54.7478	-1.2457	45.4577	-0.6447
Cbn	116630	115940	55.1860	-1.2386	45.9097	-0.5525
Cbn	116630	115940	55.6164	-1.3238	46.3700	-0.5415
Cbn	116630	115940	56.0463	-1.4122	46.8312	-0.5588
Cbn	116630	115940	56.4636	-1.5445	47.2876	-0.6157
Cbn	116630	115940	56.8511	-1.7494	47.7216	-0.7703
Cbn	116630	115940	57.2306	-1.9700	48.1454	-0.9530
Cbn	116548	115858	58.9651	-0.7510	49.8953	0.5243
Cbn	116548	115858	59.3453	-0.9020	50.2808	0.4367
Cbn	116548	115858	59.7538	-0.9446	50.6778	0.4597
Cbn	116548	115858	60.1648	-0.9690	51.0743	0.5010
Cbn	116728	116038	60.4461	-0.5994	51.3374	0.9278
Cbn	116728	116038	60.8850	-0.4825	51.7572	1.0712
Cbn	116728	116038	61.0645	-0.0106	51.9074	1.5355
Cbn	116728	116038	61.2509	0.4585	52.0570	2.0001
Cbn	116728	116038	61.7342	0.5189	52.4524	2.1797
Cbn	116728	116038	62.2371	0.5622	52.9348	2.2535
Cbn	116728	116038	62.7384	0.6216	53.4166	2.3308
Cbn	116728	116038	63.2385	0.6906	53.8978	2.4122
Cbn	116728	116038	63.7385	0.7603	54.3792	2.4923
Cbn	116728	116038	64.2391	0.8252	54.8618	2.5640
Cbn	116728	116038	64.7368	0.9088	55.3449	2.6336
Cbn	116728	116038	65.2273	1.0279	55.8271	2.7082
Cbn	116728	116038	65.7179	1.1471	56.3100	2.7786
Cbn	116728	116038	66.2074	1.2698	56.7932	2.8474
Cbn	116728	116038	66.6908	1.4152	57.2758	2.9197
Cbn	116728	116038	67.1788	1.5445	57.7604	2.9771
Cbn	116728	116038	67.6646	1.6808	58.2441	3.0404
Cbn	116728	116038	68.1469	1.7747	58.7216	3.0972
Cbn	116728	116038	68.6350	1.6462	59.1805	2.9312
Cbn	116728	116038	69.1205	1.5076	59.6432	2.7760
Cbn	116728	116038	69.6044	1.3638	60.1072	2.6248
Cbn	116728	116038	70.0884	1.2204	60.5704	2.4714
Cbn	116728	116038	70.5744	1.0838	61.0321	2.3133
Cbn	116728	116038	71.0621	0.9532	61.4937	2.1548
Cbn	116728	116038	71.5496	0.8221	61.9554	1.9968
Cbn	116728	116038	72.0369	0.6904	62.4164	1.8367
Cbn	116728	116038	72.5230	0.5540	62.8765	1.6740
Cbn	116728	116038	73.0066	0.4092	63.3348	1.5063
Cbn	116728	116038	73.5028	0.3206	63.8023	1.3717
Cbn	116728	116038	74.0051	0.2713	64.2856	1.3060
Cbn	116728	116038	74.5075	0.2214	64.7710	1.2556
Cbn	116728	116038	75.0093	0.1664	65.2564	1.2046
Cbn	116728	116038	75.5107	0.1088	65.7416	1.1532
Cbn	116728	116038	76.0097	0.0320	66.2236	1.0769
Cbn	116728	116038	76.5084	-0.0461	66.7071	1.0105
Cbn	116728	116038	77.0070	-0.1251	67.1899	0.9395
Cbn	116728	116038	77.5054	-0.2060	67.6723	0.8657
Cbn	116728	116038	78.0042	-0.2833	68.1546	0.7911
Cbn	116728	116038	78.5041	-0.3531	68.6378	0.7240
Cbn	116556	115866	81.5126	0.6473	71.3668	1.9127
Cbn	116556	115866	82.0099	0.5255	71.8278	1.7197
Cbn	116556	115866	82.4846	0.3342	72.2558	1.4617
Cbn	116556	115866	82.9740	0.1901	72.7048	1.2469
Cbn	116556	115866	83.4816	0.1242	73.1858	1.1112
Cbn	116556	115866	83.9932	0.1172	73.6796	1.0366
Cbn	116556	115866	84.5049	0.1362	74.1778	0.9961
Cbn	116556	115866	84.7263	-0.2199	74.3614	0.5920
Cbn	116771	116081	103.9060	1.0571	100.7257	1.2560
Cbn	116771	116081	103.8701	0.5689	100.6872	0.7658
Cbn	116771	116081	103.8363	0.0806	100.6488	0.2756
Cbn	116771	116081	104.1588	-0.2623	100.9789	-0.0712
Cbn	116771	116081	104.5964	-0.4618	101.4115	-0.2884
Cbn	116771	116081	105.0772	-0.3707	101.8980	-0.2176
Cbn	116771	116081	105.5472	-0.2342	102.3754	-0.1003
Cbn	116771	116081	106.0038	-0.0579	102.8430	0.0518
Cbn	116771	116081	106.4645	0.1076	103.3141	0.1927
Cbn	116771	116081	106.9382	0.2303	103.7946	0.2964
Cbn	116771	116081	107.4093	0.3588	104.2797	0.3765
Cbn	116771	116081	107.8715	0.5183	104.7611	0.4755
Cbn	116771	116081	108.3479	0.6304	105.2486	0.5383
Cbn	116771	116081	108.8307	0.7051	105.7374	0.5870
Cbn	116771	116081	109.3200	0.7155	106.2290	0.5790
Cbn	116771	116081	109.8077	0.7555	106.7207	0.5827
Cbn	116771	116081	110.2966	0.7540	107.2122	0.5770
Cbn	116771	116081	110.7835	0.7046	107.7018	0.5347
Cbn	116771	116081	111.2697	0.6474	108.1911	0.4863
Cbn	116771	116081	111.7575	0.6175	108.6800	0.4356
Cbn	116771	116081	112.2466	0.6341	109.1715	0.4230
Cbn	116888	115946	112.5661	0.6536	109.5000	0.4220
Cbn	116888	115946	113.0189	0.5412	109.9607	0.2605
Cbn	116888	115946	113.4783	0.4592	110.4288	0.1221
Cbn	116888	115946	113.9436	0.4197	110.9048	0.0133
Cbn	116888	115946	114.4090	0.3831	111.3850	-0.0738
Cbn	116888	115946	114.8733	0.3342	111.8694	-0.1341
Cbn	116888	115946	115.3345	0.2643	112.3515	-0.2087
Cbn	116888	115946	115.7780	0.1204	112.8113	-0.3696
Cbn	116888	115946	116.2144	-0.0458	113.2608	-0.5601
Cbn	116888	115946	116.6448	-0.2268	113.7103	-0.7507
Cbn	116888	115946	117.0715	-0.4162	114.1556	-0.9508
Cbn	116888	115946	117.5025	-0.5959	114.5991	-1.1550
Cbn	116545	115855	121.7937	-0.0762	119.1066	-0.4871
Cbn	116545	115855	121.9363	-0.4263	119.2486	-0.8370
Cbn	116545	115855	122.0791	-0.7764	119.3907	-1.1869
Cbn	116545	115855	122.1342	-1.1501	119.4452	-1.5602
Cbn	116667	115977	120.8837	-1.8309	118.3853	-2.1059
Cbn	116667	115977	121.3621	-1.7241	118.8658	-2.0092
Cbn	116667	115977	121.8404	-1.6173	119.3462	-1.9125
Cbn	116667	115977	122.3230	-1.6592	119.8284	-1.9591
Cbn	116667	115977	122.8058	-1.7191	120.3105	-2.0252
Cbn	116667	115977	123.2896	-1.6498	120.7956	-1.9654
Cbn	116667	115977	123.7385	-1.4542	121.2481	-1.7785
Cbn	116667	115977	124.1811	-1.2437	121.6934	-1.5740
Cbn	116667	115977	124.6243	-1.0344	122.1387	-1.3693
Cbn	116667	115977	125.0722	-0.8355	122.5891	-1.1761
Cbn	116667	115977	125.5080	-0.6122	123.0288	-0.9608
Cbn	116667	115977	125.9054	-0.3259	123.4290	-0.6784
Cbn	116667	115977	126.2935	-0.0266	123.8196	-0.3824
Cbn	116759	116069	159.1944	0.5893	158.9207	0.5893
Cbn	116759	116069	159.6306	0.3631	159.3555	0.3639
Cbn	116759	116069	160.0613	0.1265	159.7847	0.1281
Cbn	116759	116069	160.4628	-0.1519	160.1854	-0.1488
Cbn	116759	116069	160.8102	-0.4992	160.5321	-0.4947
Cbn	116759	116069	161.1628	-0.8387	160.8858	-0.8298
Cbn	116759	116069	161.5823	-1.0935	161.3177	-1.0591
Cbn	116759	116069	162.0280	-1.2431	161.7719	-1.1638
Cbn	116759	116069	162.4835	-1.0688	162.2115	-0.9544
Cbn	116759	116069	162.9311	-0.8662	162.6433	-0.7233
Cbn	116759	116069	163.3825	-0.6726	163.0797	-0.5016
Cbn	116759	116069	163.8298	-0.4698	163.5486	-0.3653
Cbn	116759	116069	164.2762	-0.2646	164.0243	-0.2501
Cbn	116759	116069	164.7259	-0.0667	164.4750	-0.0602
Cbn	116759	116069	165.1769	0.1284	164.9214	0.1413
Cbn	116759	116069	165.6279	0.3233	165.3679	0.3426
Cbn	116759	116069	166.0789	0.5183	165.8143	0.5441
Cbn	116759	116069	166.5299	0.7132	166.2608	0.7455
Cbn	116759	116069	166.9810	0.9081	166.7072	0.9469
Cbn	116562	115872	163.4039	7.6249	163.1301	7.8144
Cbn	116562	115872	163.8420	7.7290	163.5766	7.8322
Cbn	116562	115872	164.2805	7.8334	164.0235	7.8427
Cbn	116562	115872	164.7273	7.8651	164.4698	7.8611
Cbn	116562	115872	165.1781	7.8565	164.9173	7.8611
Cbn	116562	115872	165.6288	7.8478	165.3648	7.8609
Cbn	116562	115872	166.0795	7.8391	165.8123	7.8608
Cbn	116562	115872	166.5303	7.8304	166.2597	7.8606
Cbn	116562	115872	166.9810	7.8217	166.7072	7.8605
Cbn	116597	115907	163.0488	-2.7547	162.7751	-2.5946
Cbn	116597	115907	163.5214	-2.8716	163.2546	-2.6960
Cbn	116597	115907	164.0024	-2.9331	163.7142	-2.8649
Cbn	116597	115907	164.4892	-2.9435	164.1956	-2.9495
Cbn	116597	115907	164.9758	-2.9598	164.6867	-2.9588
Cbn	116597	115907	165.4623	-2.9605	165.1774	-2.9513
Cbn	116597	115907	165.9473	-2.9182	165.6658	-2.8999
Cbn	116597	115907	166.4322	-2.8731	166.1539	-2.8452
Cbn	116597	115907	166.9116	-2.7990	166.6362	-2.7621
Cbn	116597	115907	167.3789	-2.6621	167.1051	-2.6158
Zj	116669	115979	46.7354	-1.6931	36.7904	-1.4272
Zj	116669	115979	47.1576	-1.8376	37.2177	-1.6240
Zj	116669	115979	47.5766	-1.9911	37.6448	-1.8212
Zj	116669	115979	47.9733	-2.1947	38.0571	-2.0469
Zj	116669	115979	48.3573	-2.4217	38.4678	-2.2764
Zj	116669	115979	48.7332	-2.6622	38.8748	-2.5123
Zj	116669	115979	49.1084	-2.9037	39.2811	-2.7494
Zj	116669	115979	49.4644	-3.1722	39.6753	-3.0057
Zj	116669	115979	49.8086	-3.4562	40.0670	-3.2660
Zj	116676	115986	51.0908	-2.1536	41.5945	-2.0215
Zj	116676	115986	51.4643	-2.0800	42.0105	-1.9229
Zj	116676	115986	51.8366	-2.0001	42.4208	-1.8028
Zj	116676	115986	52.1772	-1.8402	42.7985	-1.6091
Zj	116676	115986	52.4894	-1.6226	43.1450	-1.3591
Zj	116676	115986	52.8033	-1.4071	43.4872	-1.1028
Zj	116738	116048	79.7050	-1.4308	76.4071	0.2338
Zj	116738	116048	80.0956	-1.5752	76.7967	0.0648
Zj	116738	116048	80.4855	-1.7215	77.1859	-0.1055
Zj	116737	116047	80.4556	-1.7258	77.1563	-0.1082
Zj	116737	116047	80.8761	-1.8486	77.5756	-0.2561
Zj	116737	116047	81.2983	-1.9676	77.9960	-0.4027
Zj	116737	116047	81.7261	-2.0619	78.4235	-0.5259
Zj	116737	116047	82.1602	-2.1256	78.8591	-0.6188
Zj	116737	116047	82.5958	-2.1784	79.2972	-0.6995
Zj	116737	116047	83.0147	-2.2938	79.7152	-0.8412
Zj	116737	116047	83.4345	-2.4143	80.1340	-0.9876
Zj	116737	116047	83.8648	-2.5001	80.5649	-1.1003
Zj	116573	115883	87.3671	-1.2009	84.0670	-0.0094
Zj	116573	115883	87.7417	-1.4369	84.4436	-0.2709
Zj	116573	115883	87.9911	-1.8393	84.6937	-0.6885
Zj	116573	115883	88.3794	-2.1073	85.0825	-0.9793
Zj	116573	115883	88.7992	-2.3301	85.5030	-1.2280
Zj	116573	115883	89.2186	-2.5537	85.9228	-1.4778
Zj	116573	115883	89.6351	-2.7827	86.3397	-1.7325
Zj	116573	115883	90.0469	-3.0198	86.7516	-1.9952
Zj	116575	115885	92.5203	-1.0680	89.2442	-0.2104
Zj	116575	115885	92.9732	-1.2531	89.6890	-0.4172
Zj	116575	115885	93.4304	-1.4273	90.1388	-0.6126
Zj	116575	115885	93.8940	-1.5836	90.5954	-0.7917
Zj	116575	115885	94.3607	-1.7306	91.0549	-0.9633
Zj	116575	115885	94.8247	-1.8859	91.5111	-1.1434
Zj	116575	115885	95.2887	-2.0414	91.9681	-1.3214
Zj	116575	115885	95.7658	-2.1458	92.4381	-1.4580
Zj	116575	115885	96.2517	-2.1959	92.9201	-1.5455
Zj	116575	115885	96.7212	-2.0781	93.4015	-1.4883
Zj	116575	115885	97.1400	-1.8275	93.8405	-1.2731
Zj	116575	115885	97.5368	-1.5413	94.2507	-1.0042
Zj	116575	115885	97.9232	-1.2411	94.6510	-0.7208
Zj	116575	115885	98.3033	-0.9331	95.0480	-0.4328
Zj	116575	115885	98.6884	-0.6312	95.4479	-0.1488
Zj	116575	115885	99.0759	-0.3324	95.8477	0.1354
Zj	116575	115885	99.4759	-0.0518	96.2627	0.3949
Zj	116575	115885	99.9246	0.1418	96.7235	0.5610
Zj	116575	115885	100.3859	0.3047	97.1943	0.6984
Zj	116575	115885	100.8521	0.4528	97.6691	0.8209
Zj	116575	115885	101.3380	0.4954	98.1584	0.8284
Zj	116575	115885	101.8191	0.4111	98.6350	0.7149
Zj	116575	115885	102.2853	0.2627	99.0950	0.5450
Zj	116575	115885	102.7459	0.0977	99.5497	0.3610
Zj	116765	116075	98.4888	-3.3650	95.2406	-2.8440
Zj	116765	116075	98.5984	-3.8346	95.3490	-3.3170
Zj	116765	116075	98.9968	-4.0274	95.7442	-3.5284
Zj	116765	116075	99.4804	-4.0895	96.2273	-3.6135
Zj	116765	116075	99.9647	-4.1456	96.7111	-3.6944
Zj	116765	116075	100.4516	-4.1536	97.1994	-3.7340
Zj	116765	116075	100.9392	-4.1529	97.6893	-3.7597
Zj	116765	116075	101.4267	-4.1571	98.1791	-3.7861
Zj	116765	116075	101.9136	-4.1368	98.6694	-3.7910
Zj	116765	116075	102.3993	-4.0930	99.1597	-3.7772
Zj	116765	116075	102.8854	-4.0564	99.6501	-3.7669
Zj	116765	116075	103.3721	-4.0264	100.1406	-3.7581
Zj	116765	116075	103.8582	-3.9891	100.6308	-3.7430
Zj	116765	116075	104.3434	-3.9409	101.1210	-3.7235
Zj	116765	116075	104.8301	-3.9244	101.6110	-3.7304
Zj	116765	116075	105.3149	-3.8798	102.1002	-3.7085
Zj	116765	116075	105.7982	-3.8152	102.5886	-3.6638
Zj	116765	116075	106.2716	-3.7010	103.0711	-3.5780
Zj	116765	116075	106.7478	-3.5987	103.5549	-3.4990
Zj	116765	116075	107.2320	-3.5412	104.0437	-3.4591
Zj	116765	116075	107.7159	-3.4816	104.5325	-3.4180
Zj	116765	116075	108.1984	-3.4114	105.0210	-3.3732
Zj	116765	116075	108.6817	-3.3479	105.5099	-3.3332
Zj	116765	116075	109.1662	-3.2932	105.9989	-3.2948
Zj	116765	116075	109.6485	-3.2236	106.4874	-3.2506
Zj	116765	116075	110.1094	-3.0676	106.9695	-3.1703
Zj	116765	116075	110.5809	-2.9472	107.4525	-3.0902
Zj	116765	116075	111.0642	-2.8836	107.9419	-3.0617
Zj	116765	116075	111.5477	-2.8211	108.4299	-3.0131
Zj	116765	116075	112.0288	-2.7430	108.9189	-2.9740
Zj	116765	116075	112.5137	-2.7057	109.4079	-2.9478
Zj	116765	116075	112.9941	-2.7866	109.8938	-3.0072
Zj	116765	116075	113.4636	-2.9176	110.3669	-3.1361
Zj	116765	116075	113.8981	-3.1327	110.8052	-3.3485
Zj	116765	116075	114.2775	-3.4384	111.1814	-3.6626
Zj	116632	115942	116.2233	-2.1295	113.4986	-2.4104
Zj	116632	115942	116.5768	-2.4257	113.8523	-2.7118
Zj	116632	115942	116.9312	-2.7206	114.2068	-3.0123
Zj	116632	115942	117.2881	-3.0126	114.5638	-3.3098
Zj	116632	115942	117.7026	-3.2008	114.9780	-3.5071
Zj	116632	115942	118.1525	-3.3019	115.4298	-3.6158
Zj	116878	116008	132.8219	-0.6354	130.5721	-1.0703
Zj	116878	116008	132.3832	-0.6989	130.1146	-1.1351
Zj	116878	116008	131.9428	-0.7492	129.6554	-1.1869
Zj	116878	116008	131.5019	-0.7949	129.1948	-1.2247
Zj	116878	116008	131.0662	-0.8709	128.7362	-1.2814
Zj	116878	116008	130.6560	-1.0388	128.2998	-1.4287
Zj	116878	116008	130.2609	-1.2395	127.8777	-1.6156
Zj	116878	116008	129.8705	-1.4489	127.4569	-1.8063
Zj	116878	116008	129.4801	-1.6588	127.0470	-2.0196
Zj	116878	116008	129.1026	-1.8911	126.6501	-2.2563
Zj	116878	116008	128.7468	-2.1548	126.2757	-2.5264
Zj	116697	116007	134.3090	-1.0910	134.0352	-1.0774
Zj	116697	116007	134.8088	-1.0991	134.5349	-1.0866
Zj	116697	116007	135.3085	-1.1089	135.0346	-1.0974
Zj	116697	116007	135.8083	-1.1204	135.5343	-1.1088
Zj	116697	116007	136.3080	-1.1336	136.0339	-1.1202
Zj	116697	116007	136.8077	-1.1442	136.5336	-1.1311
Zj	116697	116007	137.3075	-1.1527	137.0333	-1.1397
Zj	116697	116007	137.8073	-1.1609	137.5330	-1.1466
Zj	116697	116007	138.3070	-1.1693	138.0328	-1.1535
Zj	116697	116007	138.8069	-1.1752	138.5325	-1.1605
Zj	116697	116007	139.3067	-1.1805	139.0323	-1.1655
Zj	116697	116007	139.8065	-1.1861	139.5321	-1.1694
Zj	116697	116007	140.3063	-1.1917	140.0318	-1.1730
Zj	116697	116007	140.8041	-1.1610	140.5297	-1.1438
Zj	116697	116007	141.2835	-1.0298	141.0087	-1.0121
Zj	116697	116007	141.7484	-0.8462	141.4728	-0.8266
Zj	116697	116007	142.2133	-0.6625	141.9369	-0.6412
Zj	116697	116007	142.6775	-0.4773	142.4024	-0.4594
Zj	116697	116007	143.1436	-0.2966	142.8687	-0.2795
Zj	116697	116007	143.6089	-0.1140	143.3341	-0.0973
Zj	116697	116007	144.0742	0.0685	143.7996	0.0848
Zj	116697	116007	144.5260	0.2813	144.2515	0.2969
Zj	116697	116007	144.9676	0.5154	144.6933	0.5306
Zj	116697	116007	145.4106	0.7469	145.1365	0.7616
Zj	116697	116007	145.8159	1.0384	145.5419	1.0527
Zj	116697	116007	146.1841	1.3763	145.9103	1.3904
Zj	116559	115869	157.7486	3.7503	157.4748	3.7508
Zj	116559	115869	158.2356	3.6824	157.9630	3.6824
Zj	116559	115869	158.7281	3.6767	158.4569	3.6766
Zj	116559	115869	159.2204	3.6576	158.9505	3.6575
Zj	116559	115869	159.7119	3.6240	159.4432	3.6235
Zj	116559	115869	160.2022	3.5757	159.9348	3.5750
Zj	116559	115869	160.6910	3.5160	160.4249	3.5146
Zj	116559	115869	161.1718	3.4311	160.9061	3.4391
Zj	116559	115869	161.6568	3.5141	161.3844	3.5597
Zj	116559	115869	162.1359	3.6290	161.8545	3.7113
Zj	116559	115869	162.6146	3.7456	162.3242	3.8645
Zj	116559	115869	163.0934	3.8616	162.7939	4.0173
Zj	116559	115869	163.5753	3.9636	163.2731	4.1313
Zj	116559	115869	164.0537	4.0815	163.7671	4.1333
Zj	116559	115869	164.5340	4.1911	164.2566	4.1827
Zj	116559	115869	165.0155	4.2956	164.7374	4.2961
Zj	116559	115869	165.5032	4.3464	165.2253	4.3572
Zj	116559	115869	165.9958	4.3369	165.7192	4.3570
Zj	116559	115869	166.4884	4.3275	166.2132	4.3569
Zj	116559	115869	166.9810	4.3180	166.7072	4.3567
Zj	116663	115973	144.1020	-1.0968	143.8282	-1.0802
Zj	116663	115973	144.5863	-1.1633	144.3126	-1.1474
Zj	116663	115973	145.0703	-1.2327	144.7965	-1.2173
Zj	116663	115973	145.5530	-1.3096	145.2793	-1.2948
Zj	116663	115973	146.0334	-1.4005	145.7596	-1.3863
Zj	116663	115973	146.5145	-1.4870	146.2408	-1.4734
Zj	116663	115973	146.9987	-1.5539	146.7250	-1.5409
Zj	116663	115973	147.4835	-1.6172	147.2098	-1.6047
Zj	116663	115973	147.9684	-1.6796	147.6947	-1.6677
Zj	116663	115973	148.4528	-1.7453	148.1792	-1.7340
Zj	116663	115973	148.9343	-1.8295	148.6607	-1.8187
Zj	116663	115973	149.4155	-1.9160	149.1419	-1.9057
Zj	116663	115973	149.8967	-2.0023	149.6231	-1.9926
Zj	116663	115973	150.3779	-2.0887	150.1043	-2.0796
Zj	116663	115973	150.8590	-2.1750	150.5855	-2.1665
Zj	116663	115973	151.3402	-2.2615	151.0667	-2.2535
Zj	116663	115973	151.8213	-2.3482	151.5478	-2.3407
Zj	116663	115973	152.3025	-2.4348	152.0289	-2.4280
Zj	116663	115973	152.7836	-2.5216	152.5101	-2.5153
Zj	116663	115973	153.2647	-2.6082	152.9912	-2.6025
Zj	116663	115973	153.7439	-2.7048	153.4703	-2.6997
Zj	116663	115973	154.2203	-2.8146	153.9467	-2.8100
Zj	116663	115973	154.6967	-2.9242	154.4231	-2.9201
Zj	116663	115973	155.1732	-3.0337	154.8996	-3.0302
Zj	116663	115973	155.6493	-3.1447	155.3757	-3.1417
Zj	116663	115973	156.1254	-3.2556	155.8518	-3.2532
Zj	116663	115973	156.6001	-3.3723	156.3264	-3.3705
Zj	116663	115973	157.0618	-3.5329	156.7881	-3.5316
Zj	116663	115973	157.5214	-3.6996	157.2476	-3.6988
Zj	116663	115973	157.9791	-3.8712	157.7052	-3.8709
Zj	116663	115973	158.4488	-4.0035	158.1750	-4.0035
Zj	116663	115973	158.9276	-4.1023	158.6538	-4.1023
Yc	116734	116044	37.0117	-10.4687	26.4287	-8.5484
Yc	116734	116044	37.3524	-10.4079	26.7543	-8.4930
Yc	116734	116044	37.6956	-10.3604	27.0809	-8.4431
Yc	116736	116046	69.8410	-3.6913	66.6107	-1.4631
Yc	116736	116046	70.3266	-3.6109	67.0947	-1.4112
Yc	116736	116046	70.8135	-3.5379	67.5790	-1.3624
Yc	116736	116046	71.3022	-3.4800	68.0647	-1.3311
Yc	116736	116046	71.7910	-3.4217	68.5505	-1.3015
Yc	116736	116046	72.2797	-3.3617	69.0363	-1.2704
Yc	116736	116046	72.7691	-3.3087	69.5223	-1.2431
Yc	116736	116046	73.2584	-3.2542	70.0083	-1.2147
Yc	116736	116046	73.7468	-3.1931	70.4940	-1.1830
Yc	116736	116046	74.2357	-3.1352	70.9800	-1.1552
Yc	116736	116046	74.7249	-3.0807	71.4659	-1.1259
Yc	116736	116046	75.2136	-3.0214	71.9516	-1.0935
Yc	116736	116046	75.7016	-2.9563	72.4371	-1.0582
Yc	116736	116046	76.1880	-2.8817	72.9215	-1.0134
Yc	116736	116046	76.6710	-2.7865	73.4032	-0.9433
Yc	116736	116046	77.1534	-2.6888	73.8847	-0.8721
Yc	116736	116046	77.6354	-2.5885	74.3664	-0.8018
Yc	116736	116046	78.1188	-2.5016	74.8490	-0.7494
Yc	116736	116046	78.6110	-2.5119	75.3344	-0.7860
Yc	116736	116046	79.1032	-2.5195	75.8198	-0.8216
Yc	116736	116046	79.5955	-2.5235	76.3054	-0.8559
Yc	116736	116046	80.0878	-2.5282	76.7909	-0.8911
Yc	116578	115888	90.0243	-3.0380	86.7288	-2.0118
Yc	116578	115888	90.4460	-3.2712	87.1489	-2.2697
Yc	116578	115888	90.8677	-3.5043	87.5691	-2.5275
Yc	116578	115888	91.2884	-3.7394	87.9889	-2.7859
Yc	116578	115888	91.7050	-3.9814	88.4045	-3.0509
Yc	116578	115888	92.1147	-4.2349	88.8130	-3.3268
Yc	116578	115888	92.5221	-4.4924	89.2189	-3.6065
Yc	116578	115888	92.9310	-4.7472	89.6266	-3.8837
Yc	116578	115888	93.3407	-5.0008	90.0361	-4.1581
Yc	116578	115888	93.7533	-5.2497	90.4485	-4.4282
Yc	116578	115888	94.1667	-5.4972	90.8616	-4.6971
Yc	116578	115888	94.5790	-5.7467	91.2729	-4.9688
Yc	116578	115888	95.0200	-5.9288	91.7121	-5.1829
Yc	116578	115888	95.4876	-6.0456	92.1836	-5.3265
Yc	116578	115888	95.9631	-6.1054	92.6653	-5.4192
Yc	116578	115888	96.4448	-6.1168	93.1566	-5.4591
Yc	116578	115888	96.9266	-6.1280	93.6481	-5.4971
Yc	116578	115888	97.4084	-6.1366	94.1397	-5.5334
Yc	116678	115988	120.9305	-3.5170	120.6567	-3.4547
Yc	116678	115988	121.4278	-3.5552	121.1536	-3.4992
Yc	116678	115988	121.9252	-3.5935	121.6508	-3.5399
Yc	116678	115988	122.4225	-3.6317	122.1480	-3.5806
Yc	116678	115988	122.9204	-3.6621	122.6457	-3.6150
Yc	116678	115988	123.4191	-3.6745	123.1443	-3.6323
Yc	116678	115988	123.9178	-3.6854	123.6430	-3.6450
Yc	116678	115988	124.4164	-3.6963	124.1417	-3.6577
Yc	116678	115988	124.9152	-3.7063	124.6404	-3.6709
Yc	116678	115988	125.4139	-3.7153	125.1391	-3.6837
Yc	116678	115988	125.9126	-3.7249	125.6378	-3.6945
Yc	116678	115988	126.4114	-3.7311	126.1366	-3.7019
Yc	116678	115988	126.9102	-3.7312	126.6355	-3.7046
Yc	116678	115988	127.4090	-3.7310	127.1344	-3.7074
Yc	116678	115988	127.9078	-3.7337	127.6332	-3.7108
Yc	116678	115988	128.4066	-3.7381	128.1321	-3.7158
Yc	116678	115988	128.9054	-3.7412	128.6309	-3.7210
Yc	116678	115988	129.4041	-3.7487	129.1297	-3.7307
Yc	116678	115988	129.9026	-3.7662	129.6282	-3.7483
Yc	116678	115988	130.4008	-3.7916	130.1264	-3.7739
Yc	116678	115988	130.8992	-3.8082	130.6249	-3.7923
Yc	116678	115988	131.3979	-3.7979	131.1237	-3.7834
Yc	116678	115988	131.8966	-3.7866	131.6224	-3.7719
Yc	116678	115988	132.3953	-3.7753	132.1211	-3.7604
Yc	116678	115988	132.8940	-3.7623	132.6199	-3.7488
Yc	116678	115988	133.3925	-3.7454	133.1185	-3.7327
Yc	116678	115988	133.8904	-3.7152	133.6164	-3.7020
Yc	116678	115988	134.3883	-3.6854	134.1143	-3.6717
Yc	116678	115988	134.8869	-3.6743	134.6131	-3.6621
Yc	116678	115988	135.3856	-3.6640	135.1119	-3.6525
Yc	116678	115988	135.8843	-3.6534	135.6106	-3.6416
Yc	116678	115988	136.3831	-3.6444	136.1094	-3.6306
Yc	116678	115988	136.8818	-3.6326	136.6081	-3.6196
Yc	116678	115988	137.3803	-3.6169	137.1067	-3.6037
Yc	116678	115988	137.8785	-3.5917	137.6049	-3.5772
Yc	116678	115988	138.3766	-3.5660	138.1030	-3.5503
Yc	116678	115988	138.8747	-3.5379	138.6012	-3.5234
Yc	116678	115988	139.3728	-3.5114	139.0993	-3.4961
Yc	116678	115988	139.8710	-3.4867	139.5975	-3.4696
Yc	116678	115988	140.3689	-3.4572	140.0953	-3.4387
Yc	116678	115988	140.8661	-3.4180	140.5928	-3.4008
Yc	116678	115988	141.3634	-3.3787	141.0900	-3.3601
Yc	116678	115988	141.8606	-3.3390	141.5871	-3.3182
Yc	116678	115988	142.3578	-3.2986	142.0842	-3.2764
Yc	116678	115988	142.8551	-3.2600	142.5819	-3.2419
Yc	116678	115988	143.3531	-3.2317	143.0799	-3.2143
Yc	116678	115988	143.8486	-3.2820	143.5755	-3.2652
Yc	116678	115988	144.3438	-3.3424	144.0706	-3.3262
Yc	116678	115988	144.8387	-3.4045	144.5655	-3.3890
Yc	116678	115988	145.3330	-3.4716	145.0598	-3.4567
Yc	116678	115988	145.8254	-3.5510	145.5522	-3.5366
Yc	116678	115988	146.3165	-3.6386	146.0432	-3.6248
Yc	116678	115988	146.8106	-3.7063	146.5373	-3.6930
Yc	116678	115988	147.3060	-3.7643	147.0327	-3.7516
Yc	116678	115988	147.8016	-3.8213	147.5283	-3.8092
Yc	116678	115988	148.2972	-3.8775	148.0239	-3.8660
Yc	116678	115988	148.7929	-3.9336	148.5195	-3.9226
Yc	116678	115988	149.2885	-3.9895	149.0152	-3.9792
Yc	116678	115988	149.7842	-4.0453	149.5109	-4.0356
Yc	116678	115988	150.2799	-4.1011	150.0065	-4.0920
Yc	116678	115988	150.7756	-4.1571	150.5022	-4.1485
Yc	116678	115988	151.2713	-4.2129	150.9979	-4.2049
Yc	116678	115988	151.7669	-4.2691	151.4935	-4.2616
Yc	116678	115988	152.2625	-4.3252	151.9891	-4.3183
Yc	116678	115988	152.7582	-4.3815	152.4848	-4.3752
Yc	116678	115988	153.2538	-4.4376	152.9804	-4.4319
Yc	116678	115988	153.7494	-4.4944	153.4760	-4.4892
Yc	116678	115988	154.2448	-4.5521	153.9714	-4.5475
Yc	116678	115988	154.7403	-4.6095	154.4669	-4.6055
Yc	116678	115988	155.2358	-4.6672	154.9623	-4.6638
Yc	116678	115988	155.7311	-4.7262	155.4577	-4.7233
Yc	116678	115988	156.2263	-4.7862	155.9528	-4.7840
Yc	116678	115988	156.7128	-4.8933	156.4393	-4.8917
Yc	116678	115988	157.1885	-5.0433	156.9149	-5.0422
Yc	116678	115988	157.6631	-5.1970	157.3893	-5.1964
Yc	116678	115988	158.1369	-5.3526	157.8631	-5.3525
Yc	116678	115988	158.6256	-5.4477	158.3518	-5.4477
ZYp	116733	116043	37.4424	-7.2972	26.7476	-5.2232
ZYp	116733	116043	37.9064	-7.2531	27.2239	-5.1760
ZYp	116733	116043	38.3694	-7.1996	27.7002	-5.1279
ZYp	116733	116043	38.8311	-7.1364	28.1752	-5.0695
ZYp	116733	116043	39.2852	-7.0318	28.6477	-4.9932
ZYp	116733	116043	39.7356	-6.9119	29.1202	-4.9166
ZYp	116733	116043	40.1793	-6.7692	29.5927	-4.8396
ZYp	116733	116043	40.6242	-6.6301	30.0632	-4.7526
ZYp	116733	116043	41.0577	-6.4590	30.5342	-4.6813
ZYp	116733	116043	41.5131	-6.3637	31.0129	-4.6758
ZYp	116733	116043	41.9712	-6.2779	31.4915	-4.6730
ZYp	116733	116043	42.4284	-6.1871	31.9681	-4.6482
ZYp	116733	116043	42.8646	-6.0256	32.4394	-4.5649
ZYp	116733	116043	43.2950	-5.8467	32.9110	-4.4827
ZYp	116733	116043	43.7269	-5.6714	33.3833	-4.4051
ZYp	116733	116043	44.1653	-5.5132	33.8560	-4.3297
ZYp	116733	116043	44.6048	-5.3581	34.3286	-4.2536
ZYp	116733	116043	45.0404	-5.1923	34.8031	-4.1916
ZYp	116733	116043	45.4855	-5.0542	35.2801	-4.1527
ZYp	116733	116043	45.9316	-4.9189	35.7575	-4.1173
ZYp	116733	116043	46.3789	-4.7879	36.2349	-4.0823
ZYp	116733	116043	46.8221	-4.6438	36.7124	-4.0492
ZYp	116733	116043	47.2666	-4.5036	37.1902	-4.0205
ZYp	116733	116043	47.7177	-4.3866	37.6683	-3.9962
Xmi	116789	116119	36.5713	-11.5223	26.0196	-9.6205
Xmi	116789	116119	37.0604	-11.4224	26.4992	-9.5310
Xmi	116789	116119	37.5554	-11.3592	26.9847	-9.4824
Xmi	116789	116119	38.0515	-11.3042	27.4701	-9.4323
Xmi	116789	116119	38.5487	-11.2603	27.9551	-9.3791
Xmi	116789	116119	39.0422	-11.1853	28.4385	-9.3128
Xmi	116789	116119	39.5351	-11.1067	28.9223	-9.2494
Xmi	116789	116119	40.0275	-11.0248	29.4060	-9.1854
Xmi	116789	116119	40.5210	-10.9499	29.8899	-9.1222
Xmi	116789	116119	41.0124	-10.8625	30.3738	-9.0592
Xmi	116789	116119	41.5076	-10.8193	30.8598	-9.0720
Xmi	116789	116119	42.0067	-10.8150	31.3464	-9.1079
Xmi	116789	116119	42.5058	-10.8123	31.8329	-9.1455
Xmi	116789	116119	43.0048	-10.7987	32.3194	-9.1839
Xmi	116789	116119	43.5036	-10.7809	32.8057	-9.2237
Xmi	116789	116119	44.0025	-10.7650	33.2919	-9.2651
Xmi	116789	116119	44.5017	-10.7595	33.7778	-9.3096
Xmi	116740	116050	58.0159	-6.3802	54.9110	-3.5671
Xmi	116740	116050	58.5152	-6.3371	55.4051	-3.5418
Xmi	116740	116050	59.0138	-6.2864	55.8990	-3.5141
Xmi	116740	116050	59.5124	-6.2350	56.3931	-3.4903
Xmi	116740	116050	60.0116	-6.1913	56.8874	-3.4716
Xmi	116740	116050	60.5105	-6.1437	57.3812	-3.4424
Xmi	116740	116050	61.0083	-6.0850	57.8747	-3.4081
Xmi	116740	116050	61.5058	-6.0249	58.3684	-3.3765
Xmi	116740	116050	62.0044	-5.9735	58.8624	-3.3513
Xmi	116740	116050	62.5024	-5.9180	59.3558	-3.3157
Xmi	116740	116050	62.9980	-5.8434	59.8478	-3.2644
Xmi	116740	116050	63.4932	-5.7662	60.3401	-3.2165
Xmi	116740	116050	63.9896	-5.6974	60.8330	-3.1735
Xmi	116740	116050	64.4870	-5.6355	61.3258	-3.1311
Xmi	116740	116050	64.9817	-5.5561	61.8174	-3.0765
Xmi	116740	116050	65.4753	-5.4691	62.3090	-3.0206
Xmi	116740	116050	65.9704	-5.3917	62.8009	-2.9688
Xmi	116740	116050	66.4663	-5.3189	63.2929	-2.9168
Xmi	116740	116050	66.9613	-5.2406	63.7849	-2.8655
Xmi	116740	116050	67.4568	-5.1654	64.2775	-2.8197
Xmi	116740	116050	67.9530	-5.0945	64.7701	-2.7749
Xmi	116740	116050	68.4497	-5.0279	65.2628	-2.7303
Xmi	116740	116050	68.9455	-4.9546	65.7554	-2.6846
Xmi	116740	116050	69.4409	-4.8789	66.2479	-2.6387
Xmi	116740	116050	69.9362	-4.8023	66.7400	-2.5874
Xmi	116740	116050	70.4317	-4.7268	67.2320	-2.5363
Xmi	116740	116050	70.9267	-4.6480	67.7240	-2.4850
Xmi	116740	116050	71.4218	-4.5706	68.2164	-2.4373
Xmi	116740	116050	71.9169	-4.4927	68.7084	-2.3852
Xmi	116740	116050	72.4112	-4.4097	69.1997	-2.3277
Xmi	116740	116050	72.9053	-4.3260	69.6913	-2.2725
Xmi	116740	116050	73.3999	-4.2448	70.1832	-2.2199
Xmi	116740	116050	73.8947	-4.1649	70.6750	-2.1667
Xmi	116740	116050	74.3892	-4.0832	71.1667	-2.1122
Xmi	116740	116050	74.8839	-4.0051	71.6588	-2.0662
Xmi	116740	116050	75.3838	-3.9697	72.1534	-2.0598
Xmi	116740	116050	75.8838	-3.9342	72.6481	-2.0531
Xmi	116740	116050	76.3837	-3.8987	73.1427	-2.0472
Xmi	116740	116050	76.8839	-3.8665	73.6374	-2.0438
Xmi	116740	116050	77.3839	-3.8322	74.1321	-2.0388
Xmi	116740	116050	77.8838	-3.7962	74.6267	-2.0322
Xmi	116740	116050	78.3836	-3.7600	75.1214	-2.0261
Xmi	116740	116050	78.8838	-3.7271	75.6161	-2.0221
Xmi	116740	116050	79.3839	-3.6952	76.1108	-2.0198
Xmi	116740	116050	79.8840	-3.6623	76.6054	-2.0159
Xmi	116740	116050	80.3842	-3.6300	77.1001	-2.0135
Xmi	116740	116050	80.8843	-3.5973	77.5948	-2.0099
Xmi	116740	116050	81.3842	-3.5620	78.0895	-2.0061
Xmi	116740	116050	81.8841	-3.5256	78.5842	-2.0008
Xmi	116739	116049	88.4984	-4.2874	85.1985	-3.1633
Xmi	116739	116049	88.9673	-4.3934	85.6712	-3.2984
Xmi	116739	116049	89.4353	-4.5032	86.1428	-3.4372
Xmi	116739	116049	89.8896	-4.6592	86.5980	-3.6220
Xmi	116739	116049	90.3402	-4.8267	87.0490	-3.8177
Xmi	116739	116049	90.7888	-4.9995	87.4977	-4.0185
Xmi	116739	116049	91.2346	-5.1792	87.9442	-4.2241
Xmi	116739	116049	91.6783	-5.3641	88.3885	-4.4345
Xmi	116739	116049	92.1199	-5.5541	88.8303	-4.6500
Xmi	116739	116049	92.5596	-5.7484	89.2704	-4.8691
Xmi	116739	116049	92.9984	-5.9447	89.7093	-5.0905
Xmi	116739	116049	93.4381	-6.1388	90.1499	-5.3084
Xmi	116739	116049	93.8814	-6.3247	90.5942	-5.5189
Xmi	116679	115989	117.1551	-4.1033	116.8814	-4.0028
Xmi	116679	115989	117.6501	-4.1314	117.3759	-4.0379
Xmi	116679	115989	118.1450	-4.1593	117.8707	-4.0700
Xmi	116679	115989	118.6399	-4.1873	118.3655	-4.1021
Xmi	116679	115989	119.1350	-4.2124	118.8603	-4.1343
Xmi	116679	115989	119.6301	-4.2384	119.3551	-4.1660
Xmi	116679	115989	120.1244	-4.2750	119.8492	-4.2059
Xmi	116679	115989	120.6178	-4.3222	120.3425	-4.2563
Xmi	116679	115989	121.1115	-4.3669	120.8357	-4.3068
Xmi	116679	115989	121.6055	-4.4081	121.3294	-4.3528
Xmi	116679	115989	122.1003	-4.4392	121.8240	-4.3864
Xmi	116679	115989	122.5955	-4.4612	122.3192	-4.4109
Xmi	116679	115989	123.0905	-4.4887	122.8140	-4.4432
Xmi	116679	115989	123.5854	-4.5162	123.3088	-4.4745
Xmi	116679	115989	124.0804	-4.5437	123.8038	-4.5038
Xmi	116679	115989	124.5753	-4.5713	124.2987	-4.5331
Xmi	116679	115989	125.0704	-4.5972	124.7937	-4.5631
Xmi	116679	115989	125.5655	-4.6229	125.2887	-4.5916
Xmi	116679	115989	126.0605	-4.6493	125.7837	-4.6191
Xmi	116679	115989	126.5555	-4.6758	126.2788	-4.6468
Xmi	116679	115989	127.0506	-4.7001	126.7738	-4.6744
Xmi	116679	115989	127.5457	-4.7253	127.2689	-4.7017
Xmi	116679	115989	128.0413	-4.7373	127.7645	-4.7144
Xmi	116679	115989	128.5363	-4.7630	128.2596	-4.7408
Xmi	116679	115989	129.0311	-4.7928	128.7543	-4.7732
Xmi	116679	115989	129.5259	-4.8222	129.2492	-4.8040
Xmi	116679	115989	130.0208	-4.8516	129.7441	-4.8336
Xmi	116679	115989	130.5157	-4.8808	130.2391	-4.8632
Xmi	116679	115989	131.0106	-4.9084	130.7340	-4.8928
Xmi	116679	115989	131.5056	-4.9356	131.2290	-4.9209
Xmi	116679	115989	132.0011	-4.9431	131.7246	-4.9283
Xmi	116679	115989	132.4967	-4.9314	132.2203	-4.9167
Xmi	116679	115989	132.9922	-4.9181	132.7160	-4.9051
Xmi	116679	115989	133.4878	-4.9045	133.2116	-4.8918
Xmi	116679	115989	133.9833	-4.8912	133.7073	-4.8778
Xmi	116679	115989	134.4789	-4.8826	134.2029	-4.8690
Xmi	116679	115989	134.9744	-4.8960	134.6985	-4.8840
Xmi	116679	115989	135.4700	-4.9088	135.1941	-4.8972
Xmi	116679	115989	135.9655	-4.9216	135.6898	-4.9095
Xmi	116679	115989	136.4611	-4.9357	136.1855	-4.9219
Xmi	116679	115989	136.9567	-4.9470	136.6811	-4.9341
Xmi	116679	115989	137.4520	-4.9624	137.1766	-4.9488
Xmi	116679	115989	137.9446	-5.0170	137.6695	-5.0022
Xmi	116679	115989	138.4366	-5.0780	138.1617	-5.0621
Xmi	116679	115989	138.9289	-5.1365	138.6539	-5.1218
Xmi	116679	115989	139.4212	-5.1948	139.1464	-5.1793
Xmi	116679	115989	139.9134	-5.2535	139.6389	-5.2362
Xmi	116679	115989	140.4057	-5.3114	140.1315	-5.2929
Xmi	116679	115989	140.8984	-5.3666	140.6241	-5.3494
Xmi	116679	115989	141.3910	-5.4220	141.1170	-5.4033
Xmi	116679	115989	141.8837	-5.4772	141.6100	-5.4563
Xmi	116679	115989	142.3764	-5.5317	142.1029	-5.5098
Xmi	116679	115989	142.8689	-5.5879	142.5950	-5.5699
Xmi	116679	115989	143.3608	-5.6493	143.0870	-5.6319
Xmi	116679	115989	143.8527	-5.7108	143.5789	-5.6940
Xmi	116679	115989	144.3446	-5.7723	144.0708	-5.7560
Xmi	116659	115969	144.4446	-5.5350	144.1708	-5.5190
Xmi	116659	115969	144.9336	-5.6357	144.6598	-5.6202
Xmi	116659	115969	145.4214	-5.7420	145.1476	-5.7271
Xmi	116659	115969	145.9062	-5.8612	145.6324	-5.8468
Xmi	116659	115969	146.3898	-5.9851	146.1160	-5.9714
Xmi	116659	115969	146.8784	-6.0874	146.6046	-6.0742
Xmi	116659	115969	147.3684	-6.1833	147.0946	-6.1706
Xmi	116659	115969	147.8585	-6.2784	147.5847	-6.2662
Xmi	116657	115967	148.0178	-5.7171	147.7440	-5.7052
Xmi	116657	115967	148.4786	-5.7455	148.2049	-5.7342
Xmi	116657	115967	148.9395	-5.7739	148.6657	-5.7631
Xmi	116657	115967	149.4004	-5.8021	149.1266	-5.7918
Xmi	116657	115967	149.8613	-5.8303	149.5875	-5.8205
Xmi	116657	115967	150.3222	-5.8585	150.0484	-5.8492
Xmi	116657	115967	150.7831	-5.8866	150.5093	-5.8780
Xmi	116657	115967	151.2440	-5.9148	150.9702	-5.9067
Xmi	116657	115967	151.7048	-5.9433	151.4310	-5.9357
Xmi	116656	115966	151.8739	-5.2073	151.6001	-5.1999
Xmi	116656	115966	152.3287	-5.3789	152.0548	-5.3720
Xmi	116656	115966	152.7934	-5.5165	152.5194	-5.5101
Xmi	116656	115966	153.2787	-5.5007	153.0047	-5.4949
Xmi	116656	115966	153.7644	-5.4804	153.4904	-5.4752
Xmi	116656	115966	154.2501	-5.4611	153.9762	-5.4565
Xmi	116656	115966	154.7358	-5.4415	154.4620	-5.4374
Xmi	116656	115966	155.2216	-5.4221	154.9477	-5.4187
Xmi	116656	115966	155.7074	-5.4040	155.4336	-5.4012
Xmi	116656	115966	156.1931	-5.3861	155.9194	-5.3837
Xmi	116656	115966	156.6789	-5.3827	156.4052	-5.3809
Xmi	116656	115966	157.1634	-5.4222	156.8897	-5.4210
Xmi	116656	115966	157.6477	-5.4645	157.3739	-5.4639
Xmi	116656	115966	158.1315	-5.5085	157.8577	-5.5084
Xmi	116656	115966	158.6167	-5.4873	158.3430	-5.4873
Xmi	116592	115902	158.9276	-4.1023	158.6538	-4.1023
Xmi	116592	115902	159.3852	-4.1459	159.1095	-4.1457
Xmi	116592	115902	159.8417	-4.1994	159.5642	-4.1989
Xmi	116592	115902	160.2972	-4.2614	160.0177	-4.2606
Xmi	116592	115902	160.7502	-4.3376	160.4690	-4.3358
Xmi	116592	115902	161.1948	-4.4523	160.9128	-4.4451
Xmi	116592	115902	161.6509	-4.5098	161.3702	-4.4648
Xmi	116592	115902	162.1068	-4.5689	161.8274	-4.4863
Xmi	116592	115902	162.5626	-4.6280	162.2847	-4.5079
Xmi	116592	115902	163.0184	-4.6872	162.7419	-4.5294
Xmi	116592	115902	163.4707	-4.7669	163.1970	-4.5735
Xmi	116593	115903	163.6927	-3.9134	163.4189	-3.7739
Xmi	116593	115903	164.1808	-3.9119	163.8954	-3.8882
Xmi	116593	115903	164.6688	-3.9210	164.3828	-3.9260
Xmi	116593	115903	165.1568	-3.9322	164.8728	-3.9280
Xmi	116593	115903	165.6448	-3.9435	165.3629	-3.9301
Xmi	116593	115903	166.1328	-3.9548	165.8529	-3.9321
Xmi	116593	115903	166.6208	-3.9661	166.3429	-3.9342
Xmi	116593	115903	167.1088	-3.9776	166.8330	-3.9364
Xmi	116593	115903	167.5968	-3.9892	167.3230	-3.9387
TsT	116639	115949	106.4859	1.8563	103.3591	1.8821
TsT	116639	115949	106.9683	1.8459	103.8546	1.8303
TsT	116639	115949	107.4493	1.7933	104.3460	1.7419
TsT	116639	115949	107.9308	1.7455	104.8383	1.6585
TsT	116639	115949	108.4123	1.6973	105.3327	1.5893
TsT	116639	115949	108.8932	1.6454	105.8254	1.5082
TsT	116639	115949	109.3743	1.5959	106.3192	1.4343
TsT	116639	115949	109.8507	1.5123	106.8111	1.3487
TsT	116639	115949	110.3237	1.4102	107.2978	1.2379
TsT	116639	115949	110.7927	1.2917	107.7828	1.1196
TsT	116639	115949	111.2584	1.1606	108.2590	0.9695
TsT	116639	115949	111.7297	1.0511	108.7398	0.8347
TsT	116639	115949	112.1990	0.9337	109.2176	0.6909
TsT	116639	115949	112.6576	0.7810	109.6793	0.5006
TsT	116639	115949	113.1232	0.6497	110.1453	0.3215
TsT	116639	115949	113.5935	0.5358	110.6166	0.1566
TsT	116639	115949	114.0600	0.4082	111.0829	-0.0215
TsT	116639	115949	114.5188	0.2548	111.5487	-0.2014
TsT	116639	115949	114.9615	0.0614	112.0040	-0.4053
TsT	116639	115949	115.3791	-0.1830	112.4339	-0.6590
TsT	116639	115949	115.7997	-0.4221	112.8631	-0.9142
TsT	116639	115949	116.2047	-0.6846	113.2753	-1.1937
TsT	116639	115949	116.5626	-1.0099	113.6409	-1.5335
TsT	116639	115949	116.9176	-1.3387	114.0034	-1.8769
TsT	116648	115958	118.3019	0.7633	115.6003	0.4165
TsT	116648	115958	118.7738	0.6169	116.0738	0.2636
TsT	116648	115958	119.2459	0.4708	116.5466	0.1085
TsT	116648	115958	119.7309	0.3768	117.0338	0.0075
TsT	116648	115958	120.2159	0.2818	117.5206	-0.0952
TsT	116648	115958	120.7023	0.1950	118.0085	-0.1930
TsT	116648	115958	121.1894	0.1118	118.4975	-0.2851
TsT	116648	115958	121.6772	0.0334	118.9869	-0.3748
TsT	116648	115958	122.1637	-0.0534	119.4758	-0.4676
TsT	116648	115958	122.6508	-0.1363	119.9654	-0.5560
TsT	116648	115958	123.1383	-0.2173	120.4552	-0.6436
TsT	116648	115958	123.6268	-0.2919	120.9457	-0.7273
TsT	116876	115956	125.1868	0.5912	122.7109	0.2447
TsT	116876	115956	125.6605	0.5283	123.1943	0.1746
TsT	116876	115956	126.1337	0.4619	123.6775	0.1033
TsT	116876	115956	126.6041	0.3787	124.1575	0.0138
TsT	116876	115956	127.0709	0.2763	124.6335	-0.0960
TsT	116876	115956	127.5357	0.1656	125.1072	-0.2151
TsT	116876	115956	128.0028	0.0669	125.5851	-0.3138
TsT	116876	115956	128.4750	-0.0064	126.0673	-0.3918
TsT	116876	115956	128.9493	-0.0635	126.5520	-0.4513
TsT	116876	115956	129.4247	-0.1122	127.0355	-0.5206
TsT	116876	115956	129.9008	-0.1523	127.5209	-0.5739
TsT	116876	115956	130.3739	-0.2133	128.0026	-0.6512
TsT	116876	115956	130.8454	-0.2909	128.4822	-0.7428
TsT	116876	115956	131.3113	-0.3969	128.9567	-0.8587
TsT	116876	115956	131.7775	-0.5017	129.4324	-0.9695
TsT	116876	115956	132.2446	-0.6024	129.9090	-1.0763
TsT	116876	115956	132.7113	-0.7053	130.3854	-1.1843
TsT	116638	115948	133.9235	0.0715	131.6551	-0.3050
TsT	116638	115948	134.3994	0.0272	132.1322	-0.3506
TsT	116638	115948	134.8755	-0.0153	132.6093	-0.3961
TsT	116638	115948	135.3516	-0.0576	133.0865	-0.4409
TsT	116638	115948	135.8277	-0.0998	133.5638	-0.4841
TsT	116638	115948	136.3038	-0.1416	134.0411	-0.5273
TsT	116638	115948	136.7801	-0.1820	134.5185	-0.5704
TsT	116638	115948	137.2564	-0.2217	134.9958	-0.6128
TsT	116638	115948	137.7328	-0.2609	135.4734	-0.6536
TsT	116638	115948	138.2090	-0.3014	135.9509	-0.6944
TsN	116696	116006	113.9085	2.0091	110.9762	1.5514
TsN	116696	116006	114.3918	1.9706	111.4681	1.4898
TsN	116696	116006	114.8756	1.9394	111.9609	1.4346
TsN	116696	116006	115.3571	1.8839	112.4533	1.3768
TsN	116696	116006	115.8387	1.8298	112.9422	1.2944
TsN	116696	116006	116.3235	1.8227	113.4364	1.2548
TsN	116696	116006	116.8079	1.8017	113.9306	1.2142
TsN	116696	116006	117.2927	1.8052	114.4253	1.1815
TsN	116696	116006	117.7767	1.7803	114.9196	1.1445
TsN	116696	116006	118.2602	1.7436	115.4120	1.0860
TsN	116696	116006	118.7431	1.7011	115.9040	1.0243
TsN	116645	115955	123.3554	1.5858	120.6773	1.1496
TsN	116645	115955	123.7892	1.4847	121.1102	1.0430
TsN	116645	115955	124.2205	1.3730	121.5408	0.9273
TsN	116645	115955	124.6500	1.2548	121.9702	0.8074
TsN	116645	115955	125.0823	1.1477	122.4025	0.6984
TsN	116645	115955	125.5191	1.0604	122.8391	0.6081
TsN	116645	115955	125.9575	0.9812	123.2775	0.5275
