Samples	1153	1242	27.9930	2.4932	18.9886	1.8281
Samples	1153	1242	28.4703	2.5263	19.4786	1.7996
Samples	1153	1242	28.9474	2.5530	19.9684	1.7752
Samples	1153	1242	29.4238	2.5966	20.4590	1.7633
Samples	1153	1242	29.8999	2.6410	20.9498	1.7558
Samples	1153	1242	30.3736	2.5995	21.4289	1.6632
Samples	1153	1242	30.8453	2.5392	21.9032	1.5453
Samples	1153	1242	31.3217	2.5028	22.3862	1.4606
Samples	1153	1242	31.7940	2.4353	22.8642	1.3515
Samples	1153	1242	32.2586	2.3214	23.3280	1.1906
Samples	1153	1242	32.7301	2.2442	23.8015	1.0606
Samples	1153	1242	33.2063	2.2112	24.2876	0.9934
Samples	1153	1242	33.6759	2.1248	24.7612	0.8682
Samples	1153	1242	34.1466	2.0451	25.2411	0.7683
Samples	1153	1242	34.6184	1.9658	25.7176	0.6521
Samples	1153	1242	35.0882	1.8786	26.2023	0.5748
Samples	1153	1242	35.5495	1.7541	26.6780	0.4564
Samples	1153	1242	36.0225	1.6848	27.1684	0.4514
Samples	1153	1242	36.4834	1.5586	27.6561	0.4033
Samples	1153	1242	36.9454	1.4345	28.1442	0.3517
Samples	1153	1242	37.3984	1.2811	28.6291	0.2763
Samples	1153	1242	37.8551	1.1392	29.1136	0.1987
Samples	1153	1242	38.3235	1.0469	29.6029	0.1626
Samples	1153	1242	38.7991	0.9947	30.0938	0.1618
Samples	1153	1242	39.2752	0.9575	30.5834	0.1922
Samples	1153	1242	39.7419	0.8546	31.0734	0.1728
Samples	1153	1242	40.2076	0.7458	31.5591	0.1016
Samples	1153	1242	40.6671	0.6144	32.0395	0.0010
Samples	1153	1242	41.1432	0.6426	32.5242	0.0696
Samples	1153	1242	41.6202	0.6306	33.0128	0.0993
Samples	1170	1249	41.6202	0.6306	33.0128	0.0993
Samples	1170	1249	42.1104	0.5806	33.4981	0.0824
Samples	1170	1249	42.6054	0.5963	33.9868	0.1093
Samples	1170	1249	43.1014	0.5586	34.4769	0.0829
Samples	1170	1249	43.5991	0.5505	34.9691	0.0846
Samples	1170	1249	44.0940	0.5892	35.4557	0.1408
Samples	1170	1249	44.5907	0.6262	35.9448	0.1884
Samples	1170	1249	45.0843	0.5854	36.4332	0.1738
Samples	1170	1249	45.5821	0.5755	36.9247	0.1762
Samples	1170	1249	46.0781	0.5682	37.4132	0.2013
Samples	1170	1249	46.5705	0.4839	37.9025	0.1369
Samples	1170	1249	47.0601	0.3996	38.3885	0.0725
Samples	1170	1249	47.5467	0.3047	38.8706	-0.0118
Samples	1170	1249	48.0462	0.3085	39.3627	0.0213
Samples	1170	1249	48.5427	0.2592	39.8544	-0.0019
Samples	1170	1249	49.0415	0.2425	40.3472	-0.0032
Samples	1170	1249	49.5413	0.2493	40.8403	0.0128
Samples	1175	1255	49.4663	0.1904	40.7692	-0.0499
Samples	1175	1255	49.9200	0.1475	41.2104	-0.0844
Samples	1175	1255	50.3793	0.1649	41.6562	-0.0571
Samples	1175	1255	50.8432	0.1565	42.1096	-0.0474
Samples	1202	1279	50.8432	0.1565	42.1096	-0.0474
Samples	1202	1279	51.3311	0.2491	42.5702	0.0432
Samples	1202	1279	51.7696	0.0080	42.9991	-0.1726
Samples	1202	1279	52.2411	-0.1601	43.4589	-0.3016
Samples	1202	1279	52.7407	-0.0660	43.9247	-0.1588
Samples	1202	1279	53.2148	0.1234	44.3571	0.0712
Samples	1202	1279	53.7196	0.1461	44.8333	0.1545
Samples	1202	1279	54.2200	0.0329	45.3206	0.0855
Samples	1202	1279	54.6951	-0.1544	45.7859	-0.0646
Samples	1202	1279	55.1621	-0.3659	46.2409	-0.2509
Samples	1202	1279	55.6509	-0.5103	46.7154	-0.3671
Samples	1202	1279	56.1521	-0.4252	47.1882	-0.2521
Samples	1202	1279	56.6627	-0.4270	47.6760	-0.2189
Samples	1202	1279	57.1700	-0.4638	48.1622	-0.2218
Samples	1202	1279	57.6784	-0.4376	48.6436	-0.1492
Samples	1202	1279	58.1642	-0.2786	49.0879	0.0578
Samples	1202	1279	58.6477	-0.1197	49.5242	0.2773
Samples	1202	1279	59.1501	-0.2078	50.0105	0.2522
Samples	1202	1279	59.6560	-0.2946	50.5005	0.2009
Samples	1202	1279	60.1516	-0.4225	50.9818	0.1045
Samples	1202	1279	60.6552	-0.5003	51.4675	0.0605
Samples	1202	1279	61.1684	-0.5005	51.9573	0.1098
Samples	1202	1279	61.6759	-0.4446	52.4361	0.2122
Samples	1202	1279	62.1821	-0.3795	52.9123	0.3247
Samples	1202	1279	62.6804	-0.3545	53.3819	0.4050
Samples	1202	1279	63.1433	-0.5754	53.8254	0.1947
Samples	1202	1279	63.6200	-0.7640	54.2788	0.0041
Samples	1202	1279	64.1266	-0.8209	54.7634	-0.0630
Samples	1202	1279	64.6275	-0.7332	55.2434	0.0166
Samples	1202	1279	65.1121	-0.5633	55.7024	0.1955
Samples	1202	1279	65.5899	-0.3756	56.1575	0.3841
Samples	1202	1279	66.0828	-0.2376	56.6305	0.5153
Samples	1202	1279	66.5932	-0.2446	57.1191	0.4857
Samples	1207	1284	66.5932	-0.2446	57.1191	0.4857
Samples	1207	1284	67.0865	-0.1797	57.5964	0.5407
Samples	1207	1284	67.5711	-0.0941	58.0656	0.6086
Samples	1207	1284	68.0727	-0.1124	58.5500	0.5711
Samples	1207	1284	68.5326	-0.3035	58.9828	0.3578
Samples	1207	1284	69.0295	-0.2947	59.4626	0.3559
Samples	1207	1284	69.5194	-0.3975	59.9345	0.2475
Samples	1207	1284	70.0183	-0.4453	60.4165	0.1938
Samples	1207	1284	70.5197	-0.4658	60.9016	0.1701
Samples	1207	1284	71.0206	-0.4664	61.3867	0.1655
Samples	1207	1284	71.5198	-0.4235	61.8711	0.1925
Samples	1207	1284	72.0101	-0.5202	62.3465	0.1041
Samples	1211	115635	65.0031	-1.7757	62.3441	0.1038
Samples	1211	115635	65.4980	-1.7993	62.8308	0.0463
Samples	1211	115635	65.9878	-1.7211	63.3191	0.0902
Samples	1211	115635	66.4806	-1.6610	63.8099	0.1048
Samples	1211	115635	66.9759	-1.6284	64.3007	0.0910
Samples	1211	115635	67.4719	-1.6085	64.7912	0.0692
Samples	1211	115635	67.9672	-1.5807	65.2818	0.0569
Samples	1211	115635	68.4581	-1.6436	65.7596	-0.0489
Samples	1211	115635	68.9437	-1.5910	66.2411	-0.0432
Samples	1211	115635	69.4343	-1.5531	66.7276	-0.0314
Samples	1211	115635	69.8776	-1.3541	67.1738	0.1428
Samples	1211	115635	70.3587	-1.2489	67.6563	0.2024
Samples	1211	115635	70.8448	-1.1489	68.1439	0.2576
Samples	1211	115635	71.3291	-1.0408	68.6298	0.3281
Samples	1211	115635	71.8218	-0.9893	69.1183	0.3689
Samples	1211	115635	72.3141	-1.0389	69.6049	0.3171
Samples	1211	115635	72.7877	-0.9156	70.0716	0.4468
Samples	1211	115635	73.2731	-0.8152	70.5507	0.5512
Samples	1211	115635	73.7666	-0.7699	71.0384	0.5986
Samples	1211	115635	74.2576	-0.7281	71.5236	0.6423
Samples	1211	115635	74.7429	-0.7078	72.0039	0.6608
Samples	1211	115635	75.2285	-0.8039	72.4848	0.5688
Samples	1211	115635	75.6992	-0.6814	72.9505	0.6907
Samples	1211	115635	76.1541	-0.4887	73.4012	0.8789
Samples	115891+115892	1287+115633	76.1901	-0.4859	73.4372	0.8813
Samples	115891+115892	1287+115633	76.6605	-0.6241	73.9053	0.7370
Samples	115891+115892	1287+115633	77.1411	-0.7194	74.3805	0.6194
Samples	115891+115892	1287+115633	77.6317	-0.7823	74.8667	0.5316
Samples	115891+115892	1287+115633	78.1170	-0.7223	75.3539	0.5620
Samples	115891+115892	1287+115633	78.5267	-0.4469	75.7744	0.8188
Samples	115891+115892	1287+115633	79.0064	-0.4246	76.2549	0.8122
Samples	115891+115892	1287+115633	79.4929	-0.5065	76.7365	0.7078
Samples	115891+115892	1287+115633	79.9790	-0.5768	77.2182	0.6144
Samples	115891+115892	1287+115633	80.4586	-0.5562	77.6977	0.6119
Samples	115891+115892	1287+115633	80.9350	-0.5181	78.1743	0.6267
Samples	115891+115892	1287+115633	81.4197	-0.4629	78.6602	0.6601
Samples	115891+115892	1287+115633	81.9136	-0.4506	79.1537	0.6495
Samples	115891+115892	1287+115633	82.4075	-0.4296	79.6475	0.6475
Samples	115891+115892	1287+115633	82.9017	-0.4255	80.1412	0.6367
Samples	115893	115634	82.9017	-0.4255	80.1412	0.6367
Samples	115893	115634	83.3801	-0.4855	80.6186	0.5672
Samples	115893	115634	83.8714	-0.4537	81.1107	0.5891
Samples	115893	115634	84.3637	-0.4502	81.6033	0.5810
Samples	115893	115634	84.8545	-0.4352	82.0946	0.5825
Samples	115893	115634	85.3383	-0.3491	82.5838	0.6157
Samples	115893	115634	85.8278	-0.2951	83.0764	0.6019
Samples	115893	115634	86.3156	-0.2307	83.5685	0.6020
Samples	115893	115634	86.8061	-0.1884	84.0608	0.5841
Samples	115893	115634	87.2945	-0.1258	84.5535	0.5881
Samples	115893	115634	87.7844	-0.0744	85.0464	0.5872
Samples	115893	115634	88.2742	-0.0217	85.5392	0.5922
Samples	115893	115634	88.7625	0.0428	86.0314	0.6167
Samples	115893	115634	89.2496	0.1113	86.5221	0.6540
Samples	115893	115634	89.7414	0.1285	87.0144	0.6423
Samples	1221	1296	89.7414	0.1285	87.0144	0.6423
Samples	1221	1296	90.2253	0.1634	87.4982	0.6388
Samples	1221	1296	90.7060	0.2301	87.9816	0.6569
Samples	1221	1296	91.1869	0.2956	88.4650	0.6748
Samples	1221	1296	91.6676	0.3624	88.9485	0.6912
Samples	1221	1296	92.1480	0.4309	89.4321	0.7074
Samples	1221	1296	92.6286	0.4985	89.9156	0.7235
Samples	1221	1296	93.0988	0.6135	90.3935	0.7887
Samples	1221	1296	93.5809	0.6497	90.8753	0.7738
Samples	1221	1296	94.0623	0.6954	91.3571	0.7600
Samples	1221	1296	94.5431	0.7594	91.8406	0.7604
Samples	1221	1296	95.0195	0.8519	92.3241	0.7771
Samples	1221	1296	95.4929	0.9587	92.8072	0.8028
Samples	1221	1296	95.9694	1.0498	93.2907	0.8129
Samples	1221	1296	96.4432	1.1528	93.7732	0.8401
Samples	1221	1296	96.9161	1.2534	94.2549	0.8579
Samples	1221	1296	97.3801	1.3948	94.7353	0.9122
Samples	1221	1296	97.8610	1.4420	95.2150	0.8681
Samples	1221	1296	98.3096	1.6262	95.6867	0.9718
Samples	1221	1296	98.7849	1.7160	96.1688	0.9673
Samples	1221	1296	99.2286	1.8970	96.6372	1.0566
Samples	1221	1296	99.6922	2.0398	97.1176	1.1110
Samples	1221	1296	100.1433	2.2178	97.5912	1.2083
Samples	1221	1296	100.6149	2.2386	98.0545	1.1099
Samples	1221	1296	101.0988	2.2210	98.5248	1.0006
Samples	1221	1296	101.5818	2.2597	99.0068	0.9692
Samples	1221	1296	102.0604	2.1915	99.4800	0.8752
Samples	116265	1304	102.0583	2.1985	99.4779	0.8823
Samples	116265	1304	102.5304	2.1780	99.9619	0.8383
Samples	116265	1304	103.0005	2.1360	100.4435	0.7772
Samples	116265	1304	103.4709	2.1135	100.9242	0.7117
Samples	116265	1304	103.9431	2.1060	101.4098	0.7216
Samples	116265	1304	104.4145	2.0780	101.8956	0.7252
Samples	116265	1304	104.8858	2.0441	102.3814	0.7273
Samples	116265	1304	105.3579	2.0265	102.8664	0.7561
Samples	116265	1304	105.8302	2.0184	103.3515	0.7842
Samples	116265	1304	106.3026	2.0116	103.8356	0.8254
Samples	116265	1304	106.7735	1.9762	104.3201	0.8621
Samples	116265	1304	107.2432	1.9274	104.8056	0.8741
Samples	116265	1304	107.7054	1.8299	105.2894	0.8316
Samples	116265	1304	108.1688	1.7377	105.7707	0.7647
Samples	116265	1304	108.6311	1.6403	106.2524	0.7015
Samples	116265	1304	109.0951	1.5518	106.7331	0.6302
Samples	116265	1304	109.5645	1.4996	107.2132	0.5551
Samples	116265	1304	110.0365	1.4824	107.6947	0.4904
Samples	116265	1304	110.5082	1.5059	108.1798	0.4675
Samples	116265	1304	110.9785	1.5503	108.6638	0.5089
Samples	116265	1304	111.4503	1.5743	109.1484	0.5456
Samples	116265	1304	111.9209	1.6154	109.6324	0.5882
Samples	116265	1304	112.3924	1.6418	110.1160	0.6354
Samples	116265	1304	112.8647	1.6473	110.6007	0.6683
Samples	116265	1304	113.3370	1.6603	111.0866	0.6708
Samples	116265	1304	113.8094	1.6569	111.5725	0.6710
Samples	116265	1304	114.2810	1.6817	112.0583	0.6808
Samples	116265	1304	114.7533	1.6822	112.5441	0.6906
Samples	116265	1304	115.2255	1.6902	113.0298	0.7064
Samples	116265	1304	115.6977	1.7038	113.5156	0.7160
Samples	116265	1304	116.1676	1.7498	114.0014	0.7229
Samples	115895+116263	1313	116.0640	1.3828	114.0014	0.7229
Samples	115895+116263	1313	116.5547	1.3444	114.4951	0.7020
Samples	115895+116263	1313	117.0458	1.3108	114.9889	0.6810
Samples	115895+116263	1313	117.5370	1.2795	115.4826	0.6601
Samples	115895+116263	1313	118.0284	1.2503	115.9766	0.6503
Samples	115895+116263	1313	118.5197	1.2212	116.4707	0.6410
Samples	115895+116263	1313	119.0112	1.1951	116.9648	0.6366
Samples	115895+116263	1313	119.5031	1.1759	117.4590	0.6393
Samples	115895+116263	1313	119.9951	1.1612	117.9531	0.6412
Samples	115895+116263	1313	120.4872	1.1524	118.4472	0.6465
Samples	115895+116263	1313	120.9793	1.1405	118.9414	0.6512
Samples	115895+116263	1313	121.4705	1.1110	119.4353	0.6397
Samples	115895+116263	1313	121.9612	1.0721	119.9289	0.6158
Samples	115895+116263	1313	122.4531	1.0631	120.4228	0.6219
Samples	115895+116263	1313	122.9451	1.0751	120.9160	0.6494
Samples	115895+116263	1313	123.4372	1.0639	121.4102	0.6507
Samples	115895+116263	1313	123.9291	1.0737	121.9039	0.6671
Samples	115895+116263	1313	124.4211	1.0830	122.3977	0.6834
Samples	1231	1318	124.2167	0.9811	122.3977	0.6834
Samples	1231	1318	124.7118	0.9509	122.8948	0.6586
Samples	1231	1318	125.2076	0.9362	123.3924	0.6475
Samples	1231	1318	125.7037	0.9356	123.8901	0.6488
Samples	1231	1318	126.1997	0.9334	124.3879	0.6480
Samples	1231	1318	126.6958	0.9267	124.8856	0.6429
Samples	1231	1318	127.1918	0.9310	125.3833	0.6482
Samples	1231	1318	127.6879	0.9332	125.8810	0.6501
Samples	1231	1318	128.1840	0.9326	126.3788	0.6494
Samples	1231	1318	128.6800	0.9314	126.8765	0.6480
Samples	1231	1318	129.1761	0.9276	127.3743	0.6443
Samples	1231	1318	129.6721	0.9232	127.8720	0.6390
Samples	1231	1318	130.1682	0.9183	128.3697	0.6361
Samples	1231	1318	130.6643	0.9130	128.8675	0.6333
Samples	1231	1318	131.1603	0.9077	129.3652	0.6305
Samples	1231	1318	131.6564	0.9056	129.8629	0.6309
Samples	1231	1318	132.1524	0.9103	130.3606	0.6392
Samples	1231	1318	132.6485	0.9161	130.8583	0.6487
Samples	1231	1318	133.1445	0.9225	131.3559	0.6585
Samples	1231	1318	133.6405	0.9321	131.8535	0.6691
Samples	116248	1325	133.4973	0.8749	131.8942	0.6485
Samples	116248	1325	133.9946	0.8780	132.3917	0.6525
Samples	116248	1325	134.4920	0.8791	132.8893	0.6547
Samples	116248	1325	134.9893	0.8850	133.3868	0.6610
Samples	116248	1325	135.4865	0.8933	133.8843	0.6681
Samples	116248	1325	135.9838	0.8994	134.3818	0.6725
Samples	116248	1325	136.4811	0.9077	134.8793	0.6791
Samples	116248	1325	136.9783	0.9166	135.3769	0.6854
Samples	116248	1325	137.4743	0.9506	135.8734	0.7145
Samples	116248	1325	137.9693	0.9985	136.3690	0.7578
Samples	116248	1325	138.4643	1.0467	136.8652	0.7945
Samples	116248	1325	138.9592	1.0959	137.3615	0.8310
Samples	116248	1325	139.4539	1.1468	137.8577	0.8675
Samples	116248	1325	139.9500	1.1777	138.3547	0.8847
Samples	116248	1325	140.4471	1.1939	138.8523	0.8861
Samples	116248	1325	140.9441	1.2116	139.3498	0.8875
Samples	116248	1325	141.4409	1.2340	139.8474	0.8917
Samples	116248	1325	141.9378	1.2566	140.3449	0.8990
Samples	116248	1325	142.4348	1.2740	140.8424	0.9062
Samples	116248	1325	142.9318	1.2912	141.3399	0.9135
Samples	116248	1325	143.4290	1.3012	141.8374	0.9120
Samples	116248	1325	143.9263	1.2993	142.3347	0.8981
Samples	116248	1325	144.4236	1.2987	142.8321	0.8840
Samples	116248	1325	144.9209	1.2944	143.3295	0.8701
Samples	116248	1325	145.4182	1.2900	143.8269	0.8591
Samples	1235	1330	143.5272	0.9034	143.9182	0.8766
Samples	1235	1330	144.0277	0.9247	144.4180	0.8915
Samples	1235	1330	144.5286	0.9371	144.9179	0.8988
Samples	1235	1330	145.0293	0.9544	145.4176	0.9161
Samples	1235	1330	145.5289	0.9238	145.9169	0.8977
Samples	1235	1330	146.0285	0.8869	146.4167	0.8840
Samples	1235	1330	146.5294	0.8833	146.9167	0.8817
Samples	1235	1330	147.0300	0.8706	147.4160	0.8597
Samples	1235	1330	147.5310	0.8762	147.9159	0.8556
Samples	1235	1330	148.0319	0.8685	148.4156	0.8374
Samples	1235	1330	148.5326	0.8514	148.9148	0.8096
Samples	1235	1330	149.0334	0.8348	149.4140	0.7821
Samples	1235	1330	149.5342	0.8220	149.9134	0.7580
Samples	1235	1330	150.0352	0.8208	150.4132	0.7455
Samples	1235	1330	150.5362	0.8275	150.9132	0.7411
Samples	1235	1330	151.0371	0.8389	151.4132	0.7413
Samples	1235	1330	151.5380	0.8498	151.9132	0.7416
Samples	1235	1330	152.0388	0.8613	152.4131	0.7422
Samples	1235	1330	152.5397	0.8743	152.9131	0.7446
Samples	1235	1330	153.0405	0.8883	153.4131	0.7478
Samples	1235	1330	153.5413	0.9009	153.9131	0.7504
Samples	1235	1330	154.0422	0.9143	154.4130	0.7545
Samples	1235	1330	154.5429	0.9301	154.9130	0.7607
Samples	1235	1330	155.0432	0.9563	155.4126	0.7781
Samples	1235	1330	155.5430	0.9859	155.9118	0.7993
Samples	1235	1330	156.0406	1.0372	156.4091	0.8445
Samples	1235	1330	156.5412	1.0432	156.9073	0.8679
Samples	1235	1330	157.0363	0.9771	157.4059	0.8640
Samples	1235	1330	157.5259	0.8806	157.9021	0.8238
Samples	1235	1330	158.0227	0.8179	158.4020	0.8136
Samples	1235	1330	158.5236	0.8212	158.9016	0.7965
Samples	1235	1330	159.0245	0.8319	159.4015	0.7896
Samples	1235	1330	159.5255	0.8373	159.9015	0.7857
Samples	1235	1330	160.0265	0.8353	160.4015	0.7864
Samples	1235	1330	160.5269	0.8180	160.9014	0.7899
Samples	1235	1330	161.0252	0.7865	161.4014	0.7943
Samples	1235	1330	161.5242	0.8316	161.9014	0.7978
Samples	1235	1330	162.0232	0.8764	162.4013	0.8011
Samples	1235	1330	162.5222	0.9216	162.9013	0.8047
Samples	1235	1330	163.0214	0.9626	163.4013	0.8082
Samples	1235	1330	163.5155	0.8925	163.9013	0.8126
Samples	1235	1330	164.0033	0.7780	164.4012	0.8165
Samples	1235	1330	164.5040	0.7697	164.9012	0.8156
Samples	1235	1330	165.0050	0.7705	165.4012	0.8144
Samples	1235	1330	165.5060	0.7716	165.9012	0.8136
Samples	1235	1330	166.0070	0.7721	166.4011	0.8121
Samples	1235	1330	166.5080	0.7724	166.9011	0.8104
Samples	1235	1330	167.0090	0.7721	167.4011	0.8083
Samples	1235	1330	167.5101	0.7727	167.9011	0.8073
ZCwsz	115938	115679	27.3474	-1.2959	18.1375	-1.7031
ZCwsz	115938	115679	27.8130	-1.2696	18.6241	-1.7237
ZCwsz	115938	115679	28.2787	-1.2464	19.1096	-1.7624
ZCwsz	115938	115679	28.7443	-1.2214	19.5957	-1.7916
ZCwsz	115938	115679	29.2100	-1.1975	20.0821	-1.8168
ZCwsz	115938	115679	29.6758	-1.1746	20.5685	-1.8420
ZCwsz	115938	115679	30.1410	-1.1448	21.0551	-1.8603
ZCwsz	115938	115679	30.6037	-1.1931	21.5307	-1.9593
ZCwsz	115938	115679	31.0651	-1.2605	22.0028	-2.0790
ZCwsz	115938	115679	31.5269	-1.3255	22.4760	-2.1942
ZCwsz	115938	115679	31.9885	-1.3914	22.9493	-2.3090
ZCwsz	115938	115679	32.4488	-1.3952	23.4267	-2.3798
ZCwsz	115938	115679	32.9055	-1.3009	23.9123	-2.3430
ZCwsz	115938	115679	33.3632	-1.2116	24.3978	-2.3042
ZCwsz	115938	115679	33.8216	-1.1262	24.8834	-2.2654
ZCwsz	115938	115679	34.2646	-0.9953	25.3615	-2.1934
ZCwsz	115938	115679	34.6215	-0.7128	25.7704	-1.9521
ZCwsz	115938	115679	34.8952	-0.3353	26.0840	-1.5794
ZCwsz	115932	115673	31.4225	1.4632	22.5020	0.4505
ZCwsz	115932	115673	31.9046	1.4738	22.9875	0.4064
ZCwsz	115932	115673	32.3868	1.4829	23.4729	0.3624
ZCwsz	115932	115673	32.8690	1.4895	23.9584	0.3181
ZCwsz	115932	115673	33.3508	1.4766	24.4428	0.2649
ZCwsz	115932	115673	33.8144	1.3454	24.9075	0.1226
ZCwsz	115932	115673	34.2773	1.2102	25.3678	-0.0379
ZCwsz	115932	115673	34.7344	1.0571	25.8280	-0.1986
ZCwsz	115932	115673	35.1925	0.9064	26.2914	-0.3495
ZCwsz	115932	115673	35.6399	0.7275	26.7574	-0.4927
ZCwsz	115932	115673	36.0817	0.5342	27.2263	-0.6258
ZCwsz	115932	115673	36.5394	0.3835	27.7024	-0.7277
ZCwsz	115932	115673	37.0033	0.2516	28.1861	-0.7887
ZCwsz	115932	115673	37.4667	0.1180	28.6699	-0.8486
ZCwsz	115932	115673	37.9106	-0.0665	29.1470	-0.9430
ZCwsz	115932	115673	38.3261	-0.3113	29.5947	-1.1348
ZCwsz	115932	115673	38.7344	-0.5678	30.0302	-1.3538
ZCwsz	115932	115673	39.1419	-0.8258	30.4652	-1.5738
ZCwsz	115932	115673	39.5495	-1.0835	30.9100	-1.7732
ZCwsz	115932	115673	39.9637	-1.3300	31.3538	-1.9740
ZCwsz	115932	115673	40.4264	-1.4010	31.8270	-1.9910
ZCwsz	115932	115673	40.9014	-1.3214	32.3009	-1.8792
ZCwsz	115932	115673	41.3534	-1.1540	32.7480	-1.6851
ZCwsz	115932	115673	41.8050	-0.9849	33.1948	-1.4900
ZCwsz	115932	115673	42.2605	-0.8298	33.6487	-1.3167
ZCwsz	115932	115673	42.7415	-0.8329	34.1349	-1.3119
ZCwsz	115935	115676	48.0389	-1.0475	39.3970	-1.3673
ZCwsz	115935	115676	48.4500	-1.2654	39.8022	-1.5688
ZCwsz	115935	115676	48.8745	-1.4967	40.2212	-1.7873
ZCwsz	115935	115676	49.3449	-1.6062	40.6817	-1.8919
ZCwsz	115935	115676	49.8150	-1.5742	41.1401	-1.8555
ZCwsz	115935	115676	50.2521	-1.3731	41.5630	-1.6499
ZCwsz	115847	115588	50.4401	-0.8633	41.7346	-1.1221
ZCwsz	115847	115588	50.9219	-1.0210	42.2007	-1.2751
ZCwsz	115847	115588	51.3991	-1.1963	42.6620	-1.4464
ZCwsz	115847	115588	51.8964	-1.3021	43.1487	-1.5167
ZCwsz	115847	115588	52.4013	-1.3348	43.6381	-1.5108
ZCwsz	115847	115588	52.9050	-1.2653	44.1159	-1.3930
ZCwsz	115847	115588	53.2353	-0.8992	44.4106	-1.0155
ZCwsz	115847	115588	53.3254	-0.4049	44.5133	-0.5355
ZCwsz	115847	115588	53.2933	0.0901	44.4330	-0.0562
ZCwsz	115847	115588	53.7425	0.2250	44.7635	0.2067
ZCwsz	115847	115588	54.2458	0.2982	45.2396	0.3321
ZCwsz	115847	115588	54.7467	0.3871	45.7134	0.4658
ZCwsz	115847	115588	55.2414	0.5046	46.1811	0.6189
ZCwsz	115847	115588	55.7360	0.6237	46.6447	0.7844
ZCwsz	115847	115588	56.2310	0.7408	47.1100	0.9454
ZCwsz	115847	115588	56.7244	0.8643	47.5764	1.1030
ZCwsz	115847	115588	57.2184	0.9856	48.0428	1.2606
ZCwsz	115847	115588	57.7171	1.0859	48.5093	1.4182
ZCwsz	115847	115588	58.2127	1.1988	48.9744	1.5793
ZCwsz	115847	115588	58.6997	1.2307	49.4304	1.7404
ZCwsz	115847	115588	59.1821	1.0693	49.9077	1.6197
ZCwsz	115847	115588	59.6674	0.9171	50.3850	1.4990
ZCwsz	115847	115588	60.1536	0.7676	50.8623	1.3784
ZCwsz	115847	115588	60.6404	0.6198	51.3396	1.2577
ZCwsz	115847	115588	61.1259	0.4681	51.8169	1.1370
ZCwsz	115847	115588	61.6115	0.3166	52.2942	1.0163
ZCwsz	115847	115588	62.0956	0.1606	52.7715	0.8956
ZCwsz	115847	115588	62.5789	0.0019	53.2488	0.7749
ZCwsz	115847	115588	63.0607	-0.1614	53.7197	0.6328
ZCwsz	115847	115588	63.5600	-0.2528	54.2013	0.5372
ZCwsz	115847	115588	64.0642	-0.3185	54.6880	0.4640
ZCwsz	115847	115588	64.5713	-0.3585	55.1780	0.4161
ZCwsz	115847	115588	65.0781	-0.4027	55.6680	0.3683
ZCwsz	115847	115588	65.5855	-0.4385	56.1580	0.3198
ZCwsz	115847	115588	66.0922	-0.4831	56.6464	0.2584
ZCwsz	115842	115583	68.7301	0.7710	59.1458	1.4664
ZCwsz	115842	115583	69.1915	0.6152	59.5965	1.2972
ZCwsz	115842	115583	69.6544	0.4641	60.0500	1.1355
ZCwsz	115842	115583	70.1135	0.3020	60.5000	0.9644
ZCwsz	115842	115583	70.5686	0.1287	60.9459	0.7829
ZCwsz	115842	115583	71.0147	-0.0665	61.3805	0.5765
ZCwsz	115842	115583	71.4522	-0.2802	61.8000	0.3402
ZCwsz	115842	115583	71.8651	-0.5324	62.2063	0.0876
ZCwsz	116077	115818	98.5598	-0.3834	95.9180	-1.0626
ZCwsz	116077	115818	98.4798	-0.8568	95.8251	-1.5486
ZCwsz	116077	115818	98.6190	-1.3113	95.9798	-2.0184
ZCwsz	116077	115818	99.0174	-1.5646	96.3728	-2.3176
ZCwsz	116077	115818	99.4715	-1.7139	96.8104	-2.5455
ZCwsz	116077	115818	99.9417	-1.8092	97.2694	-2.7301
ZCwsz	116077	115818	100.4213	-1.8321	97.7502	-2.8463
ZCwsz	116077	115818	100.9011	-1.8493	98.2321	-2.9589
ZCwsz	116077	115818	101.3811	-1.8527	98.7170	-3.0580
ZCwsz	116077	115818	101.8575	-1.8247	99.2067	-3.0871
ZCwsz	116077	115818	102.3324	-1.7543	99.6995	-3.0413
ZCwsz	116077	115818	102.8047	-1.6691	100.1893	-2.9733
ZCwsz	116077	115818	103.2754	-1.5744	100.6776	-2.8926
ZCwsz	116077	115818	103.7509	-1.5103	101.1658	-2.8119
ZCwsz	116077	115818	104.2295	-1.4723	101.6538	-2.7300
ZCwsz	116077	115818	104.7077	-1.4296	102.1394	-2.6347
ZCwsz	116077	115818	105.1837	-1.3681	102.6221	-2.5260
ZCwsz	116077	115818	105.6534	-1.2718	103.1029	-2.4091
ZCwsz	116077	115818	106.1202	-1.1644	103.5839	-2.2927
ZCwsz	116077	115818	106.5881	-1.0573	104.0627	-2.1678
ZCwsz	116077	115818	107.0542	-0.9447	104.5366	-2.0257
ZCwsz	116077	115818	107.5311	-0.9008	105.0221	-1.9359
ZCwsz	116077	115818	108.0105	-0.8764	105.5141	-1.8831
ZCwsz	116077	115818	108.4906	-0.8813	106.0065	-1.8332
ZCwsz	116077	115818	108.9697	-0.9108	106.5002	-1.8056
ZCwsz	116077	115818	109.4428	-0.9891	106.9923	-1.8536
ZCwsz	116077	115818	109.9099	-1.0999	107.4749	-1.9606
ZCwsz	116077	115818	110.3735	-1.2244	107.9537	-2.0856
ZCwsz	116077	115818	110.8365	-1.3514	108.4326	-2.2103
ZCwsz	116077	115818	111.3000	-1.4761	108.9133	-2.3274
ZCwsz	116077	115818	111.7675	-1.5851	109.3911	-2.4562
ZCwsz	116077	115818	112.2247	-1.7292	109.8572	-2.6217
ZCwsz	116077	115818	112.6476	-1.9545	110.2902	-2.8598
ZCwsz	116077	115818	113.0653	-2.1911	110.7221	-3.1012
ZCwsz	116077	115818	113.4834	-2.4271	111.1583	-3.3350
ZCwsz	115945	115686	115.2312	-0.2801	113.1558	-0.9456
ZCwsz	115945	115686	115.6247	-0.5701	113.5489	-1.2264
ZCwsz	115945	115686	116.0405	-0.8298	113.9653	-1.4742
ZCwsz	115945	115686	116.4544	-1.0926	114.3806	-1.7238
ZCwsz	115945	115686	116.8678	-1.3560	114.7954	-1.9742
ZCwsz	115945	115686	117.2804	-1.6208	115.2096	-2.2258
ZCwsz	115945	115686	117.4962	-2.0419	115.4273	-2.6380
ZCwsz	115945	115686	117.6153	-2.5174	115.5455	-3.1080
ZCwsz	115913	115654	116.6336	-3.0319	117.6703	-4.0191
ZCwsz	115913	115654	117.1155	-3.1337	117.1843	-3.9413
ZCwsz	115913	115654	117.5975	-3.2355	116.6984	-3.8636
ZCwsz	115913	115654	118.0802	-3.3338	116.2124	-3.7859
ZCwsz	115913	115654	118.5629	-3.4321	115.7264	-3.7082
ZCwsz	115913	115654	119.0456	-3.5301	115.2415	-3.6243
ZCwsz	115913	115654	119.5288	-3.6258	114.7574	-3.5355
ZCwsz	115909	115650	125.5845	-1.1061	123.7652	-1.3846
ZCwsz	115909	115650	125.1869	-1.3632	123.3635	-1.6438
ZCwsz	115909	115650	124.8021	-1.6390	122.9754	-1.9230
ZCwsz	115909	115650	124.4274	-1.9284	122.5965	-2.2145
ZCwsz	115909	115650	124.0529	-2.2180	122.2190	-2.5078
ZCwsz	115909	115650	123.6585	-2.4768	121.8216	-2.7707
ZCwsz	115909	115650	123.2258	-2.6685	121.3870	-2.9694
ZCwsz	115909	115650	122.8059	-2.8868	120.9650	-3.1937
ZCwsz	115909	115650	122.3668	-3.0639	120.5247	-3.3799
ZCwsz	115909	115650	121.9333	-3.2544	120.0899	-3.5789
ZCwsz	115908	115649	139.2211	-0.0163	139.6122	0.0801
ZCwsz	115908	115649	139.6434	-0.0726	140.0300	0.0118
ZCwsz	115908	115649	140.0657	-0.1288	140.4478	-0.0565
ZCwsz	115908	115649	140.4794	-0.0707	140.8610	-0.0162
ZCwsz	115908	115649	140.8652	0.1097	141.2494	0.1519
ZCwsz	115908	115649	141.2433	0.3060	141.6309	0.3356
ZCwsz	115908	115649	141.6201	0.5049	142.0111	0.5217
ZCwsz	115870	115611	160.4302	5.3262	160.8212	5.2877
ZCwsz	115870	115611	160.9144	5.2548	161.3103	5.2747
ZCwsz	115870	115611	161.3834	5.4071	161.7879	5.3883
ZCwsz	115870	115611	161.8523	5.5600	162.2649	5.5042
ZCwsz	115870	115611	162.3212	5.7129	162.7420	5.6201
ZCwsz	115870	115611	162.7901	5.8658	163.2190	5.7359
ZCwsz	115870	115611	163.2689	5.9764	163.6961	5.8518
ZCwsz	115870	115611	163.7617	5.9828	164.1731	5.9677
ZCwsz	115870	115611	164.2493	6.0304	164.6511	6.0799
ZCwsz	115870	115611	164.7345	6.1068	165.1346	6.1522
ZCwsz	115870	115611	165.2277	6.1091	165.6255	6.1521
ZCwsz	115870	115611	165.7208	6.1089	166.1164	6.1500
ZCwsz	115870	115611	166.2140	6.1087	166.6073	6.1480
ZCwsz	115870	115611	166.7072	6.1086	167.0983	6.1459
ZCwsz	115976	115717	147.6413	1.5425	148.0324	1.5194
ZCwsz	115976	115717	148.1218	1.6155	148.5151	1.5826
ZCwsz	115976	115717	148.6022	1.6890	148.9978	1.6458
ZCwsz	115976	115717	149.0825	1.7624	149.4805	1.7089
ZCwsz	115976	115717	149.5629	1.8359	149.9632	1.7721
ZCwsz	115976	115717	150.0433	1.9094	150.4459	1.8353
ZCwsz	115976	115717	150.5237	1.9828	150.9286	1.8984
ZCwsz	115976	115717	151.0041	2.0563	151.4113	1.9616
ZCwsz	115976	115717	151.4852	2.1238	151.8947	2.0182
ZCwsz	115976	115717	151.9686	2.1737	152.3799	2.0578
ZCwsz	115976	115717	152.4521	2.2231	152.8651	2.0971
ZCwsz	115976	115717	152.9355	2.2726	153.3503	2.1364
ZCwsz	115976	115717	153.4198	2.3112	153.8363	2.1632
ZCwsz	115976	115717	153.9056	2.3241	154.3230	2.1673
ZCwsz	115976	115717	154.3914	2.3373	154.8098	2.1714
ZCwsz	115976	115717	154.8772	2.3505	155.2966	2.1755
ZCwsz	115976	115717	155.3630	2.3623	155.7834	2.1796
ZCwsz	115976	115717	155.8488	2.3739	156.2702	2.1837
ZCwsz	115976	115717	156.3347	2.3782	156.7570	2.1875
ZCwsz	115976	115717	156.8163	2.3147	157.2435	2.1705
ZCwsz	115976	115717	157.2966	2.2408	157.7301	2.1541
ZCwsz	115976	115717	157.7751	2.1569	158.2166	2.1382
ZCwsz	115976	115717	158.2593	2.1394	158.7032	2.1223
ZCwsz	115976	115717	158.7451	2.1294	159.1891	2.0928
ZCwsz	115976	115717	159.2307	2.1097	159.6746	2.0575
ZCwsz	115976	115717	159.7155	2.0769	160.1601	2.0222
ZCwsz	115976	115717	160.1998	2.0373	160.6457	1.9869
ZCwsz	115976	115717	160.6790	1.9607	161.1312	1.9516
ZCwsz	115976	115717	161.1400	1.8170	161.5773	1.7812
ZCwsz	115976	115717	161.5468	1.5510	161.9691	1.4922
ZCwsz	115976	115717	161.9289	1.2530	162.3332	1.1709
ZCwsz	115976	115717	162.2672	0.9041	162.6583	0.8085
ZCwsz	115904	115645	150.2543	0.5201	150.6454	0.4399
ZCwsz	115904	115645	150.7348	0.4449	151.1230	0.3545
ZCwsz	115904	115645	151.2151	0.3695	151.6006	0.2692
ZCwsz	115904	115645	151.6955	0.2940	152.0782	0.1838
ZCwsz	115904	115645	152.1758	0.2184	152.5558	0.0985
ZCwsz	115904	115645	152.6562	0.1428	153.0335	0.0131
ZCwsz	115904	115645	153.1352	0.0596	153.5097	-0.0792
ZCwsz	115904	115645	153.6119	-0.0362	153.9835	-0.1835
ZCwsz	115904	115645	154.0886	-0.1323	154.4573	-0.2878
ZCwsz	115904	115645	154.5672	-0.2165	154.9329	-0.3825
ZCwsz	115904	115645	155.0509	-0.2662	155.4145	-0.4411
ZCwsz	115904	115645	155.5346	-0.3153	155.8964	-0.4975
ZCwsz	115904	115645	156.0184	-0.3648	156.3783	-0.5539
ZCwsz	115904	115645	156.4990	-0.4365	156.8602	-0.6103
ZCwsz	115904	115645	156.9731	-0.5443	157.3421	-0.6664
ZCwsz	115904	115645	157.4435	-0.6632	157.8228	-0.7262
ZCwsz	115904	115645	157.8551	-0.9187	158.2617	-0.9298
ZCwsz	115904	115645	158.2870	-1.1421	158.6869	-1.1635
ZCwsz	115904	115645	158.7194	-1.3646	159.1120	-1.3972
ZCwsz	115904	115645	159.1229	-1.6306	159.5086	-1.6718
ZCwsz	115904	115645	159.4800	-1.9606	159.8623	-2.0040
ZCwsz	115904	115645	159.8580	-2.2634	160.2388	-2.3068
ZCwsz	115904	115645	160.2755	-2.5126	160.6571	-2.5526
ZCwsz	115904	115645	160.6768	-2.7867	161.0765	-2.7965
ZCwsz	115904	115645	161.0936	-3.0352	161.4963	-3.0396
ZCwsz	115904	115645	161.5577	-3.1740	161.9487	-3.2105
ZCwsz	115905	115646	155.8274	-1.8079	156.2185	-1.9981
ZCwsz	115905	115646	156.2968	-1.9602	156.6833	-2.1520
ZCwsz	115905	115646	156.7508	-2.1535	157.1482	-2.3059
ZCwsz	115905	115646	157.2016	-2.3542	157.6137	-2.4579
ZCwsz	115905	115646	157.6514	-2.5572	158.0795	-2.6089
ZCwsz	115905	115646	158.1095	-2.7368	158.5453	-2.7599
ZCwsz	115905	115646	158.5840	-2.8722	159.0112	-2.9109
ZCwsz	115905	115646	159.0632	-2.9872	159.4837	-3.0367
ZCwsz	115905	115646	159.5490	-3.0740	159.9644	-3.1301
ZCwsz	115905	115646	160.0329	-3.1707	160.4451	-3.2235
ZCwsz	115905	115646	160.5126	-3.2850	160.9258	-3.3169
ZCwsz	115905	115646	160.9858	-3.4169	161.4065	-3.4103
ZCwsz	115905	115646	161.4763	-3.4701	161.8871	-3.5037
ZCwsz	115905	115646	161.9668	-3.5245	162.3678	-3.5971
ZCwsz	115905	115646	162.4573	-3.5790	162.8485	-3.6905
ZCwsz	115905	115646	162.9474	-3.6364	163.3292	-3.7838
ZCwsz	115905	115646	163.4189	-3.7739	163.8099	-3.8772
Cc	115937	115678	27.4099	-0.8847	18.2147	-1.3161
Cc	115937	115678	27.8727	-0.8685	18.6974	-1.3470
Cc	115937	115678	28.3356	-0.8504	19.1790	-1.3936
Cc	115937	115678	28.7981	-0.8257	19.6621	-1.4193
Cc	115937	115678	29.2607	-0.8006	20.1453	-1.4442
Cc	115937	115678	29.7233	-0.7766	20.6285	-1.4682
Cc	115937	115678	30.1857	-0.7518	21.1116	-1.4925
Cc	115937	115678	30.6463	-0.7884	21.5859	-1.5808
Cc	115937	115678	31.1069	-0.8378	22.0588	-1.6830
Cc	115937	115678	31.5673	-0.8881	22.5317	-1.7850
Cc	115937	115678	32.0279	-0.9375	23.0050	-1.8856
Cc	115937	115678	32.4880	-0.9477	23.4811	-1.9589
Cc	115937	115678	32.9461	-0.8795	23.9647	-1.9454
Cc	115937	115678	33.4049	-0.8155	24.4483	-1.9302
Cc	115937	115678	33.8555	-0.7235	24.9292	-1.8981
Cc	115937	115678	34.2376	-0.4812	25.3670	-1.7139
Cc	115937	115678	34.5149	-0.1102	25.6936	-1.3569
Cc	115959	115700	34.8640	1.4644	26.1049	0.1439
Cc	115959	115700	35.3425	1.3121	26.5825	0.0004
Cc	115959	115700	35.8035	1.1132	27.0625	-0.1351
Cc	115959	115700	36.2679	0.9231	27.5457	-0.2572
Cc	115959	115700	36.7497	0.7821	28.0397	-0.3250
Cc	115959	115700	37.2322	0.6428	28.5345	-0.3872
Cc	115959	115700	37.7124	0.4967	29.0284	-0.4554
Cc	115959	115700	38.1560	0.2659	29.4962	-0.6206
Cc	115959	115700	38.5859	0.0067	29.9453	-0.8373
Cc	115959	115700	39.0106	-0.2613	30.3903	-1.0624
Cc	115959	115700	39.4345	-0.5305	30.8443	-1.2687
Cc	115959	115700	39.8612	-0.7951	31.2959	-1.4805
Cc	115959	115700	40.3242	-0.9555	31.7730	-1.5520
Cc	115959	115700	40.8140	-0.8534	32.2484	-1.4079
Cc	115959	115700	41.2835	-0.6753	32.7056	-1.2084
Cc	115959	115700	41.7555	-0.5037	33.1629	-1.0093
Cc	115959	115700	42.2391	-0.4089	33.6379	-0.8985
Cc	115959	115700	42.7411	-0.4198	34.1366	-0.9019
Cc	115941	115682	44.8651	-2.3767	36.2632	-2.8138
Cc	115941	115682	45.1704	-2.0741	36.5629	-2.5065
Cc	115941	115682	45.5738	-1.9606	36.9611	-2.3779
Cc	115941	115682	46.0012	-1.9334	37.3869	-2.3374
Cc	115941	115682	46.4277	-1.9820	37.8140	-2.3753
Cc	115941	115682	46.7345	-2.2721	38.1238	-2.6601
Cc	115934	115675	48.4535	-0.6832	39.7957	-0.9720
Cc	115934	115675	48.7764	-0.9699	40.1142	-1.2501
Cc	115934	115675	49.1693	-1.1470	40.5000	-1.4226
Cc	115934	115675	49.5975	-1.1882	40.9196	-1.4627
Cc	115934	115675	49.9694	-0.9638	41.2777	-1.2324
Cc	115934	115675	50.3954	-0.9847	41.6942	-1.2483
Cc	115848	115589	50.6133	-0.3863	41.8899	-0.6251
Cc	115848	115589	51.0955	-0.5514	42.3559	-0.7855
Cc	115848	115589	51.5761	-0.7236	42.8221	-0.9455
Cc	115848	115589	52.0783	-0.8168	43.3131	-1.0003
Cc	115848	115589	52.5861	-0.7976	43.7997	-0.9363
Cc	115848	115589	52.9212	-0.4992	44.1082	-0.6206
Cc	115848	115589	52.8572	-0.0014	44.0270	-0.1394
Cc	115848	115589	52.9825	0.4941	44.1257	0.3449
Cc	115848	115589	53.3843	0.6838	44.4113	0.6526
Cc	115848	115589	53.8904	0.7552	44.8892	0.7785
Cc	115848	115589	54.3954	0.8336	45.3669	0.9057
Cc	115848	115589	54.8968	0.9326	45.8418	1.0425
Cc	115848	115589	55.3964	1.0403	46.3110	1.1980
Cc	115848	115589	55.8963	1.1467	46.7802	1.3534
Cc	115848	115589	56.3949	1.2588	47.2516	1.5018
Cc	115848	115589	56.8937	1.3703	47.7235	1.6490
Cc	115848	115589	57.3943	1.4730	48.1953	1.7963
Cc	115848	115589	57.8977	1.5614	48.6671	1.9436
Cc	115848	115589	58.3943	1.6815	49.1335	2.1063
Cc	115848	115589	58.8813	1.6089	49.6012	2.1552
Cc	115848	115589	59.3648	1.4432	50.0794	2.0303
Cc	115848	115589	59.8524	1.2901	50.5576	1.9053
Cc	115848	115589	60.3404	1.1379	51.0358	1.7804
Cc	115848	115589	60.8285	0.9864	51.5140	1.6554
Cc	115848	115589	61.3152	0.8305	51.9923	1.5305
Cc	115848	115589	61.8011	0.6720	52.4705	1.4056
Cc	115848	115589	62.2858	0.5099	52.9487	1.2806
Cc	115848	115589	62.7702	0.3467	53.4269	1.1557
Cc	115848	115589	63.2541	0.1828	53.8934	0.9931
Cc	115848	115589	63.7588	0.1017	54.3805	0.9097
Cc	115848	115589	64.2664	0.0442	54.8700	0.8429
Cc	115848	115589	64.7754	-0.0021	55.3615	0.7906
Cc	115848	115589	65.2847	-0.0451	55.8530	0.7383
Cc	115848	115589	65.7946	-0.0805	56.3446	0.6868
Cc	115848	115589	66.3046	-0.1124	56.8363	0.6365
Cc	115848	115589	66.8149	-0.1419	57.3280	0.5862
Cc	115843	115584	69.4463	1.1176	59.8301	1.8149
Cc	115843	115584	69.9107	0.9333	60.2866	1.6209
Cc	115843	115584	70.3708	0.7386	60.7379	1.4157
Cc	115843	115584	70.8222	0.5245	61.1812	1.1934
Cc	115843	115584	71.2801	0.3255	61.6227	0.9689
Cc	115843	115584	71.7191	0.0869	62.0528	0.7220
Cc	115843	115584	72.1811	-0.0929	62.5104	0.5437
Cc	115843	115584	72.3144	-0.4949	62.6411	0.1384
Cc	116076	115817	99.0298	-0.0266	96.3970	-0.8031
Cc	116076	115817	99.0037	-0.5012	96.3658	-1.2911
Cc	116076	115817	99.1449	-0.9297	96.5190	-1.7341
Cc	116076	115817	99.4998	-1.2419	96.8544	-2.0874
Cc	116076	115817	99.9347	-1.3921	97.2714	-2.3195
Cc	116076	115817	100.4087	-1.4274	97.7446	-2.4429
Cc	116076	115817	100.8832	-1.4557	98.2179	-2.5660
Cc	116076	115817	101.3558	-1.4076	98.7029	-2.6216
Cc	116076	115817	101.8297	-1.3721	99.1913	-2.6357
Cc	116076	115817	102.3035	-1.3332	99.6800	-2.6204
Cc	116076	115817	102.7738	-1.2690	100.1664	-2.5761
Cc	116076	115817	103.2379	-1.1664	100.6477	-2.4895
Cc	116076	115817	103.7070	-1.0919	101.1285	-2.4007
Cc	116076	115817	104.1801	-1.0462	101.6092	-2.3107
Cc	116076	115817	104.6529	-0.9977	102.0883	-2.2127
Cc	116076	115817	105.1249	-0.9420	102.5672	-2.1140
Cc	116076	115817	105.5858	-0.8317	103.0446	-2.0080
Cc	116076	115817	106.0545	-0.7536	103.5220	-1.9020
Cc	116076	115817	106.5195	-0.6587	103.9972	-1.7881
Cc	116076	115817	106.9813	-0.5463	104.4637	-1.6414
Cc	116076	115817	107.4494	-0.4665	104.9379	-1.5240
Cc	116076	115817	107.9244	-0.4552	105.4241	-1.4720
Cc	116076	115817	108.3991	-0.4760	105.9107	-1.4235
Cc	116076	115817	108.8725	-0.5155	106.3988	-1.4093
Cc	116076	115817	109.3409	-0.5961	106.8849	-1.4608
Cc	116076	115817	109.8087	-0.6790	107.3659	-1.5478
Cc	116076	115817	110.2675	-0.8027	107.8395	-1.6694
Cc	116076	115817	110.7228	-0.9391	108.3104	-1.8013
Cc	116076	115817	111.1820	-1.0618	108.7821	-1.9300
Cc	116076	115817	111.6483	-1.1524	109.2565	-2.0490
Cc	116076	115817	112.1165	-1.2335	109.7339	-2.1547
Cc	116076	115817	112.5600	-1.3950	110.1926	-2.3180
Cc	116076	115817	112.9778	-1.6217	110.6277	-2.5411
Cc	116076	115817	113.3929	-1.8532	111.0614	-2.7671
Cc	116076	115817	113.8066	-2.0873	111.4933	-2.9964
Cc	115952	115693	115.4717	0.1732	113.3993	-0.4917
Cc	115952	115693	115.8714	-0.0882	113.7993	-0.7424
Cc	115952	115693	116.2701	-0.3511	114.1993	-0.9931
Cc	115952	115693	116.6710	-0.6104	114.6018	-1.2396
Cc	115952	115693	117.0790	-0.8586	115.0112	-1.4746
Cc	115952	115693	117.4878	-1.1056	115.4213	-1.7083
Cc	115952	115693	117.8654	-1.3786	115.8025	-1.9657
Cc	115952	115693	117.9647	-1.8404	115.9005	-2.4218
Cc	115952	115693	117.9920	-2.3171	115.9254	-2.8932
Cc	115912	115653	117.0121	-2.8325	115.1405	-3.3281
Cc	115912	115653	117.4991	-2.9319	115.6300	-3.4105
Cc	115912	115653	117.9870	-3.0267	116.1209	-3.4846
Cc	115912	115653	118.4749	-3.1215	116.6118	-3.5585
Cc	115912	115653	118.9629	-3.2154	117.1027	-3.6325
Cc	115912	115653	119.4511	-3.3089	117.5936	-3.7065
Cc	115912	115653	119.9398	-3.3991	118.0845	-3.7805
Cc	115912	115653	120.4286	-3.4893	118.5754	-3.8544
Cc	115910	115651	125.2667	-1.0023	123.4466	-1.2820
Cc	115910	115651	124.8864	-1.2496	123.0625	-1.5331
Cc	115910	115651	124.5170	-1.5128	122.6891	-1.7998
Cc	115910	115651	124.1548	-1.7858	122.3226	-2.0759
Cc	115910	115651	123.7924	-2.0588	121.9573	-2.3537
Cc	115910	115651	123.3997	-2.2812	121.5610	-2.5807
Cc	115910	115651	122.9923	-2.4801	121.1519	-2.7881
Cc	115910	115651	122.5841	-2.6768	120.7408	-2.9909
Cc	115910	115651	122.1656	-2.8515	120.3204	-3.1745
Cc	115910	115651	121.7528	-3.0397	119.9058	-3.3712
Cc	115910	115651	121.3409	-3.2296	119.4920	-3.5696
Cc	115910	115651	120.9263	-3.4139	119.0760	-3.7634
Cc	115871	115612	160.7877	5.5364	161.1787	5.5516
Cc	115871	115612	161.2330	5.6663	161.6298	5.6582
Cc	115871	115612	161.6753	5.8105	162.0802	5.7676
Cc	115871	115612	162.1175	5.9547	162.5306	5.8770
Cc	115871	115612	162.5598	6.0989	162.9810	5.9863
Cc	115871	115612	163.0032	6.2397	163.4315	6.0958
Cc	115871	115612	163.4635	6.2908	163.8819	6.2052
Cc	115871	115612	163.9287	6.2903	164.3325	6.3138
Cc	115871	115612	164.3848	6.3706	164.7839	6.4189
Cc	115871	115612	164.8465	6.4012	165.2442	6.4457
Cc	115871	115612	165.3117	6.4010	165.7077	6.4437
Cc	115871	115612	165.7768	6.4009	166.1712	6.4418
Cc	115871	115612	166.2420	6.4007	166.6348	6.4398
Cc	115871	115612	166.7072	6.4006	167.0983	6.4379
Cc	115900	115641	153.0102	0.3916	153.4013	0.2519
Cc	115900	115641	153.4892	0.2959	153.8779	0.1470
Cc	115900	115641	153.9680	0.1991	154.3544	0.0420
Cc	115900	115641	154.4469	0.1027	154.8310	-0.0629
Cc	115900	115641	154.9322	0.0478	155.3145	-0.1274
Cc	115900	115641	155.4182	-0.0015	155.7992	-0.1841
Cc	115900	115641	155.9042	-0.0508	156.2839	-0.2408
Cc	115900	115641	156.3885	-0.1131	156.7686	-0.2975
Cc	115900	115641	156.8656	-0.2174	157.2533	-0.3540
Cc	115900	115641	157.3415	-0.3275	157.7383	-0.4080
Cc	115900	115641	157.7849	-0.5212	158.1996	-0.5523
Cc	115900	115641	158.2096	-0.7590	158.6272	-0.7874
Cc	115900	115641	158.6440	-0.9824	159.0548	-1.0224
Cc	115900	115641	159.0749	-1.2121	159.4783	-1.2644
Cc	115900	115641	159.4515	-1.5201	159.8497	-1.5785
Cc	115900	115641	159.8092	-1.8527	160.2080	-1.9096
Cc	115900	115641	160.2118	-2.1265	160.6130	-2.1789
Cc	115900	115641	160.6195	-2.3950	161.0349	-2.4241
Cc	115900	115641	161.0301	-2.6561	161.4568	-2.6693
Cc	115900	115641	161.4803	-2.8423	161.8962	-2.8765
Cc	115900	115641	161.9380	-2.7425	162.3569	-2.7981
Cc	115900	115641	162.3687	-2.5120	162.8015	-2.5972
Cc	115900	115641	162.7994	-2.2816	163.2462	-2.3962
Cc	115900	115641	163.2445	-2.0833	163.6909	-2.1953
Cc	115900	115641	163.7203	-1.9745	164.1353	-1.9937
Cc	115900	115641	164.1820	-1.8213	164.5722	-1.7763
Cc	115900	115641	164.6182	-1.6015	165.0079	-1.5566
Cc	115900	115641	165.0537	-1.3802	165.4437	-1.3370
Cc	115900	115641	165.4890	-1.1586	165.8793	-1.1169
Cc	115900	115641	165.9176	-0.9243	166.3081	-0.8842
Cc	115900	115641	166.3435	-0.6851	166.7343	-0.6465
Cc	115900	115641	166.7694	-0.4459	167.1605	-0.4088
Cc	115906	115647	161.6721	-3.1848	162.0632	-3.2308
Cc	115906	115647	162.1405	-3.2371	162.5243	-3.3207
Cc	115906	115647	162.6088	-3.2894	162.9855	-3.4106
Cc	115906	115647	163.0757	-3.3514	163.4466	-3.5005
Cc	115906	115647	163.5231	-3.4959	163.9099	-3.5736
Cc	115906	115647	163.9806	-3.6068	164.3795	-3.5827
Cc	115906	115647	164.4498	-3.6344	164.8493	-3.5884
Cc	115906	115647	164.9210	-3.6384	165.3191	-3.5943
Cc	115906	115647	165.3922	-3.6425	165.7889	-3.6002
Cc	115906	115647	165.8634	-3.6466	166.2587	-3.6060
Cc	115906	115647	166.3346	-3.6506	166.7285	-3.6119
Cc	115906	115647	166.8058	-3.6548	167.1983	-3.6178
Cc	115906	115647	167.2770	-3.6591	167.6680	-3.6237
TsO	115846	115587	102.6494	2.5623	100.0800	1.2119
TsO	115846	115587	103.1358	2.5618	100.5746	1.1593
TsO	115846	115587	103.6196	2.5070	101.0682	1.0982
TsO	115846	115587	104.1000	2.4245	101.5625	1.0424
TsO	115846	115587	104.5824	2.3542	102.0584	1.0048
TsO	115846	115587	105.0657	2.2910	102.5556	0.9903
TsO	115846	115587	105.5497	2.2336	103.0527	0.9758
TsO	115846	115587	106.0327	2.1678	103.5496	0.9529
TsO	115846	115587	106.5128	2.0838	104.0465	0.9312
TsO	115846	115587	106.9907	1.9881	104.5429	0.9006
TsO	115846	115587	107.4549	1.8411	105.0309	0.8053
TsO	115846	115587	107.9216	1.7013	105.5195	0.7123
TsO	115846	115587	108.3919	1.5729	106.0065	0.6112
TsO	115846	115587	108.8665	1.4624	106.4977	0.5343
TsO	115846	115587	109.3439	1.3645	106.9865	0.4418
TsO	115846	115587	109.8276	1.3077	107.4751	0.3491
TsO	115846	115587	110.3123	1.2575	107.9638	0.2563
TsO	115846	115587	110.7962	1.1987	108.4525	0.1636
TsO	115846	115587	111.2750	1.1077	108.9434	0.0841
TsO	115846	115587	111.7538	1.0160	109.4348	0.0072
TsO	115846	115587	112.2336	0.9306	109.9262	-0.0698
TsO	115846	115587	112.7148	0.8526	110.4182	-0.1424
TsO	115846	115587	113.1931	0.7586	110.9115	-0.2064
TsO	115846	115587	113.6743	0.6825	111.4048	-0.2704
TsO	115846	115587	114.1585	0.6262	111.8980	-0.3343
TsO	115846	115587	114.6414	0.5597	112.3913	-0.3982
TsO	115846	115587	115.1262	0.5092	112.8845	-0.4623
TsO	115846	115587	115.6069	0.4286	113.3767	-0.5340
TsO	115881	115622	116.0371	1.3307	113.9749	0.6694
TsO	115881	115622	116.4996	1.2143	114.4401	0.5701
TsO	115881	115622	116.9627	1.1002	114.9053	0.4707
TsO	115881	115622	117.4200	0.9656	115.3644	0.3471
TsO	115881	115622	117.8738	0.8187	115.8217	0.2162
TsO	115881	115622	118.3293	0.6775	116.2813	0.0933
TsO	115881	115622	118.7892	0.5512	116.7447	-0.0140
TsO	115881	115622	119.2508	0.4312	117.2097	-0.1142
TsO	115881	115622	119.7125	0.3116	117.6747	-0.2142
TsO	115881	115622	120.1794	0.2147	118.1434	-0.2950
TsO	115881	115622	120.6492	0.1328	118.6145	-0.3612
TsO	115881	115622	121.1200	0.0564	119.0861	-0.4228
TsO	115881	115622	121.5906	-0.0208	119.5576	-0.4860
TsO	115881	115622	122.0601	-0.1050	120.0281	-0.5563
TsO	115953	115694	123.8626	0.8057	122.0418	0.5028
TsO	115953	115694	124.3285	0.6810	122.5107	0.3855
TsO	115953	115694	124.7932	0.5521	122.9779	0.2615
TsO	115953	115694	125.2662	0.4591	123.4528	0.1723
TsO	115953	115694	125.7410	0.3756	123.9290	0.0905
TsO	115953	115694	126.2177	0.3028	124.4070	0.0191
TsO	115953	115694	126.6956	0.2391	124.8863	-0.0426
TsO	115953	115694	127.1758	0.2011	125.3677	-0.0786
TsO	115953	115694	127.6527	0.1299	125.8457	-0.1503
TsO	115953	115694	128.1267	0.0420	126.3208	-0.2386
TsO	115953	115694	128.5999	-0.0510	126.7952	-0.3314
TsO	115953	115694	129.0744	-0.1368	127.2709	-0.4169
TsO	115953	115694	129.5497	-0.2185	127.7473	-0.4985
TsO	115953	115694	130.0254	-0.2980	128.2243	-0.5766
TsO	115953	115694	130.5020	-0.3715	128.7023	-0.6483
TsO	115953	115694	130.9787	-0.4444	129.1805	-0.7185
TsO	115953	115694	131.4558	-0.5148	129.6591	-0.7861
TsO	115878	115619	132.7181	0.3748	131.1119	0.1469
TsO	115878	115619	133.1991	0.3193	131.5947	0.0937
TsO	115878	115619	133.6802	0.2650	132.0776	0.0405
TsO	115878	115619	134.1615	0.2117	132.5605	-0.0117
TsO	115878	115619	134.6446	0.1789	133.0452	-0.0433
TsO	115878	115619	135.1279	0.1493	133.5301	-0.0730
TsO	115878	115619	135.6112	0.1192	134.0148	-0.1044
TsO	115878	115619	136.0946	0.0924	134.4997	-0.1324
TsO	115878	115619	136.5785	0.0759	134.9852	-0.1505
TsO	115878	115619	137.0625	0.0606	135.4706	-0.1686
TsO	115878	115619	137.5465	0.0466	135.9560	-0.1866
TsO	115878	115619	138.0305	0.0311	136.4413	-0.2074
TsO	115878	115619	138.5125	-0.0124	136.9238	-0.2614
TsO	115878	115619	138.9938	-0.0651	137.4053	-0.3262
Cbn	115939	115598	27.6526	0.4544	18.9656	2.8238
Cbn	115939	115598	28.1498	0.4480	19.4624	2.8031
Cbn	115939	115598	28.6469	0.4608	19.9595	2.7931
Cbn	115939	115598	29.1439	0.4629	20.4567	2.7842
Cbn	115939	115598	29.6412	0.4675	20.9539	2.7754
Cbn	115939	115598	30.1381	0.4797	21.4442	2.7110
Cbn	115939	115598	30.6338	0.4640	21.9279	2.5956
Cbn	115939	115598	31.1301	0.4339	22.4116	2.4801
Cbn	115939	115598	31.6264	0.4026	22.8953	2.3646
Cbn	115939	115598	32.1226	0.3697	23.3790	2.2492
Cbn	115939	115598	32.6100	0.3825	23.8627	2.1337
Cbn	115939	115598	33.0158	0.6699	24.3462	2.0175
Cbn	115877	115618	41.9204	0.3427	33.3139	-0.1628
Cbn	115877	115618	42.3484	0.5782	33.7325	0.0765
Cbn	115877	115618	42.7736	0.8188	34.1484	0.3205
Cbn	115877	115618	43.2207	1.0105	34.5809	0.5292
Cbn	115877	115618	43.6805	1.1747	35.0309	0.7016
Cbn	115877	115618	44.1490	1.3118	35.4880	0.8535
Cbn	115877	115618	44.6246	1.4232	35.9520	0.9845
Cbn	115877	115618	45.1014	1.5297	36.4164	1.1142
Cbn	115877	115618	45.5780	1.6368	36.8815	1.2413
Cbn	115877	115618	46.0554	1.7404	37.3472	1.3663
Cbn	115877	115618	46.5358	1.8289	37.8151	1.4824
Cbn	115877	115618	47.0196	1.8968	38.2866	1.5827
Cbn	115877	115618	47.5073	1.9064	38.7657	1.6284
Cbn	115877	115618	47.9894	1.8323	39.2451	1.5860
Cbn	115877	115618	48.4659	1.7248	39.7202	1.5043
Cbn	115877	115618	48.9404	1.6087	40.1933	1.4115
Cbn	115877	115618	49.4137	1.4874	40.6619	1.2979
Cbn	115877	115618	49.8889	1.3747	41.1311	1.1870
Cbn	115877	115618	50.3754	1.3307	41.6115	1.1468
Cbn	115877	115618	50.8618	1.2848	42.0921	1.1074
Cbn	115940	115681	43.7719	-1.3666	35.1693	-1.8271
Cbn	115940	115681	44.1642	-1.1235	35.5562	-1.5813
Cbn	115940	115681	44.5762	-0.9187	35.9580	-1.3629
Cbn	115940	115681	45.0175	-0.7835	36.3922	-1.2161
Cbn	115940	115681	45.4577	-0.6447	36.8255	-1.0669
Cbn	115940	115681	45.9097	-0.5525	37.2696	-0.9540
Cbn	115940	115681	46.3700	-0.5415	37.7251	-0.9176
Cbn	115940	115681	46.8312	-0.5588	38.1834	-0.9188
Cbn	115940	115681	47.2876	-0.6157	38.6387	-0.9552
Cbn	115940	115681	47.7216	-0.7703	39.0736	-1.0969
Cbn	115940	115681	48.1454	-0.9530	39.5000	-1.2652
Cbn	115858	115599	49.8953	0.5243	41.1755	0.3059
Cbn	115858	115599	50.2808	0.4367	41.5490	0.2214
Cbn	115858	115599	50.6778	0.4597	41.9333	0.2494
Cbn	115858	115599	51.0743	0.5010	42.3164	0.2994
Cbn	116038	115779	51.3374	0.9278	42.5581	0.7496
Cbn	116038	115779	51.7656	1.0970	42.9594	0.9524
Cbn	116038	115779	51.9241	1.5871	43.0871	1.4343
Cbn	116038	115779	52.0820	2.0774	43.2147	1.9162
Cbn	116038	115779	52.5595	2.1968	43.5906	2.1541
Cbn	116038	115779	53.0688	2.2742	44.0703	2.2901
Cbn	116038	115779	53.5771	2.3576	44.5499	2.4262
Cbn	116038	115779	54.0849	2.4441	45.0295	2.5623
Cbn	116038	115779	54.5934	2.5261	45.5079	2.7023
Cbn	116038	115779	55.1036	2.5972	45.9912	2.8247
Cbn	116038	115779	55.6128	2.6750	46.4746	2.9465
Cbn	116038	115779	56.1222	2.7516	46.9585	3.0663
Cbn	116038	115779	56.6320	2.8254	47.4440	3.1794
Cbn	116038	115779	57.1419	2.8983	47.9296	3.2924
Cbn	116038	115779	57.6527	2.9646	48.4151	3.4056
Cbn	116038	115779	58.1640	3.0258	48.9006	3.5187
Cbn	116038	115779	58.6708	3.1160	49.3766	3.6669
Cbn	116038	115779	59.1550	2.9404	49.8556	3.5788
Cbn	116038	115779	59.6432	2.7760	50.3353	3.4432
Cbn	116038	115779	60.1329	2.6163	50.8151	3.3077
Cbn	116038	115779	60.6219	2.4543	51.2948	3.1721
Cbn	116038	115779	61.1091	2.2869	51.7746	3.0366
Cbn	116038	115779	61.5964	2.1200	52.2543	2.9010
Cbn	116038	115779	62.0836	1.9526	52.7341	2.7655
Cbn	116038	115779	62.5702	1.7836	53.2138	2.6299
Cbn	116038	115779	63.0547	1.6086	53.6876	2.4763
Cbn	116038	115779	63.5385	1.4318	54.1529	2.2974
Cbn	116038	115779	64.0431	1.3323	54.6403	2.1958
Cbn	116038	115779	64.5554	1.2790	55.1344	2.1296
Cbn	116038	115779	65.0675	1.2230	55.6286	2.0638
Cbn	116038	115779	65.5800	1.1713	56.1227	1.9979
Cbn	116038	115779	66.0894	1.0960	56.6127	1.9068
Cbn	116038	115779	66.5997	1.0256	57.1015	1.8090
Cbn	116038	115779	67.1094	0.9513	57.5904	1.7111
Cbn	116038	115779	67.6187	0.8738	58.0792	1.6132
Cbn	116038	115779	68.1278	0.7953	58.5680	1.5152
Cbn	116038	115779	68.6378	0.7240	59.0575	1.4212
Cbn	116062	115803	52.9623	3.6069	44.0301	3.7009
Cbn	116062	115803	53.4727	3.6608	44.5152	3.8102
Cbn	116062	115803	53.9773	3.7437	44.9900	3.9513
Cbn	116062	115803	54.4745	3.8708	45.4532	4.1323
Cbn	116062	115803	54.9677	4.0127	45.9141	4.3193
Cbn	116062	115803	55.4627	4.1485	46.3749	4.5063
Cbn	116062	115803	55.9576	4.2847	46.8358	4.6932
Cbn	116062	115803	56.4503	4.4287	47.2996	4.8728
Cbn	116062	115803	56.9438	4.5696	47.7635	5.0522
Cbn	116062	115803	57.4394	4.7029	48.2274	5.2315
Cbn	116062	115803	57.9515	4.7094	48.7192	5.2940
Cbn	116062	115803	58.4639	4.7334	49.2107	5.3672
Cbn	116062	115803	58.9711	4.6984	49.7027	5.3810
Cbn	116062	115803	59.4748	4.6004	50.1973	5.3280
Cbn	116062	115803	59.9810	4.5154	50.6918	5.2751
Cbn	116062	115803	60.4877	4.4334	51.1863	5.2222
Cbn	116062	115803	60.9939	4.3484	51.6808	5.1692
Cbn	116062	115803	61.4991	4.2576	52.1754	5.1163
Cbn	116062	115803	62.0048	4.1718	52.6706	5.0799
Cbn	116062	115803	62.5169	4.1370	53.1679	5.0891
Cbn	116062	115803	63.0288	4.0999	53.6646	5.0808
Cbn	116062	115803	63.5404	4.0582	54.1603	5.0394
Cbn	116062	115803	64.0522	4.0205	54.6560	5.0003
Cbn	116062	115803	64.5654	4.0181	55.1532	4.9893
Cbn	116062	115803	65.0787	4.0180	55.6505	4.9783
Cbn	116062	115803	65.5919	4.0222	56.1477	4.9673
Cbn	116062	115803	66.1052	4.0257	56.6449	4.9563
Cbn	116062	115803	66.6154	4.0767	57.1409	4.9913
Cbn	116062	115803	67.1253	4.1360	57.6369	5.0282
Cbn	116062	115803	67.6356	4.1905	58.1329	5.0652
Cbn	116062	115803	68.1459	4.2459	58.6289	5.1021
Cbn	116062	115803	68.6552	4.3092	59.1242	5.1457
Cbn	116062	115803	69.1640	4.3761	59.6184	5.2018
Cbn	116062	115803	69.6738	4.4363	60.1126	5.2572
Cbn	116062	115803	70.1838	4.4938	60.6073	5.3093
Cbn	116062	115803	70.6937	4.5527	61.1019	5.3614
Cbn	116062	115803	71.2042	4.6060	61.5980	5.3926
Cbn	116062	115803	71.7168	4.6296	62.0950	5.4105
Cbn	116062	115803	72.2266	4.6734	62.5854	5.4860
Cbn	116062	115803	72.7335	4.7538	63.0741	5.5785
Cbn	116062	115803	73.2411	4.8300	63.5627	5.6710
Cbn	116062	115803	73.7486	4.9067	64.0514	5.7635
Cbn	116062	115803	74.2553	4.9889	64.5401	5.8559
Cbn	116062	115803	74.7620	5.0706	65.0295	5.9419
Cbn	116062	115803	75.2745	5.0908	65.5262	5.9673
Cbn	116062	115803	75.7874	5.1090	66.0229	5.9937
Cbn	116062	115803	76.2997	5.1404	66.5185	6.0344
Cbn	116062	115803	76.8118	5.1748	67.0140	6.0776
Cbn	116062	115803	77.3240	5.2085	67.5104	6.1080
Cbn	116062	115803	77.8361	5.2429	68.0071	6.1333
Cbn	116062	115803	78.3482	5.2781	68.5037	6.1599
Cbn	116062	115803	78.8572	5.3427	68.9971	6.2211
Cbn	116062	115803	79.3538	5.4703	69.4769	6.3511
Cbn	116062	115803	79.8470	5.6124	69.9553	6.4871
Cbn	116062	115803	80.3394	5.7573	70.4337	6.6230
Cbn	116062	115803	80.8319	5.9018	70.9121	6.7590
Cbn	116062	115803	81.3247	6.0452	71.3905	6.8950
Cbn	116062	115803	81.8168	6.1910	71.8689	7.0310
Cbn	116062	115803	82.3087	6.3377	72.3473	7.1667
Cbn	116062	115803	82.8040	6.4720	72.8271	7.2976
Cbn	115866	115607	71.3668	1.9127	61.6705	2.6069
Cbn	115866	115607	71.8278	1.7197	62.1209	2.4121
Cbn	115866	115607	72.2558	1.4617	62.5405	2.1578
Cbn	115866	115607	72.7048	1.2469	62.9816	1.9478
Cbn	115866	115607	73.1858	1.1112	63.4562	1.8236
Cbn	115866	115607	73.6796	1.0366	63.9431	1.7668
Cbn	115866	115607	74.1778	0.9961	64.4333	1.7422
Cbn	115866	115607	74.3614	0.5920	64.6035	1.3329
Cbn	116081	115822	100.7257	1.2560	98.1213	0.1310
Cbn	116081	115822	100.6890	0.7892	98.0801	-0.3448
Cbn	116081	115822	100.6525	0.3223	98.0388	-0.8206
Cbn	116081	115822	100.9274	-0.0236	98.3265	-1.1871
Cbn	116081	115822	101.3243	-0.2680	98.6994	-1.4831
Cbn	116081	115822	101.7823	-0.2350	99.1626	-1.5057
Cbn	116081	115822	102.2395	-0.1358	99.6345	-1.4350
Cbn	116081	115822	102.6868	0.0022	100.0979	-1.3204
Cbn	116081	115822	103.1344	0.1396	100.5588	-1.1953
Cbn	116081	115822	103.5876	0.2565	101.0199	-1.0708
Cbn	116081	115822	104.0488	0.3380	101.4832	-0.9548
Cbn	116081	115822	104.5088	0.4249	101.9496	-0.8524
Cbn	116081	115822	104.9706	0.4977	102.4196	-0.7674
Cbn	116081	115822	105.4350	0.5572	102.8894	-0.6815
Cbn	116081	115822	105.9013	0.5862	103.3618	-0.6146
Cbn	116081	115822	106.3695	0.5767	103.8381	-0.5788
Cbn	116081	115822	106.8377	0.5856	104.3143	-0.5419
Cbn	116081	115822	107.3057	0.5729	104.7908	-0.5091
Cbn	116081	115822	107.7717	0.5274	105.2677	-0.4826
Cbn	116081	115822	108.2376	0.4810	105.7450	-0.4666
Cbn	116081	115822	108.7034	0.4352	106.2225	-0.4584
Cbn	116081	115822	109.1715	0.4230	106.7000	-0.4678
Cbn	115946	115687	109.5000	0.4220	107.0335	-0.4632
Cbn	115946	115687	109.9223	0.2737	107.4726	-0.6022
Cbn	115946	115687	110.3504	0.1438	107.9112	-0.7426
Cbn	115946	115687	110.7855	0.0394	108.3493	-0.8846
Cbn	115946	115687	111.2241	-0.0491	108.7946	-1.0012
Cbn	115946	115687	111.6675	-0.1097	109.2474	-1.0846
Cbn	115946	115687	112.1114	-0.1665	109.7054	-1.1329
Cbn	115946	115687	112.5473	-0.2628	110.1590	-1.2091
Cbn	115946	115687	112.9605	-0.4346	110.5916	-1.3662
Cbn	115946	115687	113.3736	-0.6068	111.0190	-1.5376
Cbn	115946	115687	113.7846	-0.7837	111.4463	-1.7096
Cbn	115946	115687	114.1926	-0.9676	111.8737	-1.8812
Cbn	115946	115687	114.5991	-1.1550	112.3004	-2.0543
Cbn	115855	115596	119.1066	-0.4871	117.0574	-1.0319
Cbn	115855	115596	119.2486	-0.8370	117.1990	-1.3744
Cbn	115855	115596	119.3907	-1.1869	117.3406	-1.7169
Cbn	115855	115596	119.4452	-1.5602	117.3926	-2.0835
Cbn	115977	115718	118.3853	-2.1059	116.5261	-2.5544
Cbn	115977	115718	118.8658	-2.0092	117.0080	-2.4382
Cbn	115977	115718	119.3462	-1.9125	117.4900	-2.3220
Cbn	115977	115718	119.8284	-1.9591	117.9790	-2.3518
Cbn	115977	115718	120.3105	-2.0252	118.4687	-2.4025
Cbn	115977	115718	120.7956	-1.9654	118.9573	-2.3269
Cbn	115977	115718	121.2481	-1.7785	119.4100	-2.1257
Cbn	115977	115718	121.6934	-1.5740	119.8568	-1.9109
Cbn	115977	115718	122.1387	-1.3693	120.3049	-1.6987
Cbn	115977	115718	122.5891	-1.1761	120.7573	-1.4960
Cbn	115977	115718	123.0288	-0.9608	121.1987	-1.2712
Cbn	115977	115718	123.4290	-0.6784	121.6008	-0.9817
Cbn	115977	115718	123.8196	-0.3824	121.9955	-0.6816
Cbn	116069	115810	158.9207	0.5893	159.3117	0.5505
Cbn	116069	115810	159.3555	0.3639	159.7416	0.3152
Cbn	116069	115810	159.7847	0.1281	160.1715	0.0799
Cbn	116069	115810	160.1854	-0.1488	160.5743	-0.1944
Cbn	116069	115810	160.5321	-0.4947	160.9316	-0.5298
Cbn	116069	115810	160.8858	-0.8298	161.3090	-0.8399
Cbn	116069	115810	161.3177	-1.0591	161.7312	-1.0887
Cbn	116069	115810	161.7719	-1.1638	162.1803	-1.2162
Cbn	116069	115810	162.2115	-0.9544	162.6317	-1.0321
Cbn	116069	115810	162.6433	-0.7233	163.0783	-0.8303
Cbn	116069	115810	163.0797	-0.5016	163.5248	-0.6284
Cbn	116069	115810	163.5486	-0.3653	163.9698	-0.4231
Cbn	116069	115810	164.0243	-0.2501	164.4150	-0.2182
Cbn	116069	115810	164.4750	-0.0602	164.8615	-0.0162
Cbn	116069	115810	164.9214	0.1413	165.3088	0.1839
Cbn	116069	115810	165.3679	0.3426	165.7562	0.3839
Cbn	116069	115810	165.8143	0.5441	166.2035	0.5840
Cbn	116069	115810	166.2608	0.7455	166.6509	0.7841
Cbn	116069	115810	166.7072	0.9469	167.0983	0.9842
Cbn	115872	115613	163.1301	7.8144	163.5212	7.6587
Cbn	115872	115613	163.5766	7.8322	163.9592	7.7651
Cbn	115872	115613	164.0235	7.8427	164.3977	7.8700
Cbn	115872	115613	164.4698	7.8611	164.8442	7.9073
Cbn	115872	115613	164.9173	7.8611	165.2950	7.9054
Cbn	115872	115613	165.3648	7.8609	165.7458	7.9035
Cbn	115872	115613	165.8123	7.8608	166.1966	7.9016
Cbn	115872	115613	166.2597	7.8606	166.6474	7.8997
Cbn	115872	115613	166.7072	7.8605	167.0983	7.8978
Cbn	115907	115648	162.7751	-2.5946	163.1661	-2.7324
Cbn	115907	115648	163.2546	-2.6960	163.6422	-2.8353
Cbn	115907	115648	163.7142	-2.8649	164.1232	-2.8971
Cbn	115907	115648	164.1956	-2.9495	164.6102	-2.9048
Cbn	115907	115648	164.6867	-2.9588	165.0972	-2.9140
Cbn	115907	115648	165.1774	-2.9513	165.5837	-2.9070
Cbn	115907	115648	165.6658	-2.8999	166.0682	-2.8573
Cbn	115907	115648	166.1539	-2.8452	166.5524	-2.8050
Cbn	115907	115648	166.6362	-2.7621	167.0307	-2.7234
Cbn	115907	115648	167.1051	-2.6158	167.4961	-2.5798
OMu	115947	115688	120.5881	-0.9241	118.7459	-1.2987
OMu	115947	115688	120.7925	-1.1542	118.9562	-1.5201
OMu	115947	115688	121.1901	-1.0073	119.3543	-1.3598
OMu	115947	115688	121.5781	-0.8307	119.7436	-1.1740
OMu	115947	115688	121.9643	-0.6500	120.1322	-0.9868
OMu	115947	115688	122.3548	-0.4788	120.5244	-0.8072
OMu	115947	115688	122.7490	-0.3167	120.9204	-0.6363
OMu	115947	115688	123.1256	-0.1179	121.2984	-0.4295
Zj	115933	115674	27.0413	-3.2375	17.7702	-3.5422
Zj	115933	115674	27.5117	-3.2006	18.2622	-3.5484
Zj	115933	115674	27.9819	-3.1610	18.7542	-3.5546
Zj	115933	115674	28.4500	-3.1020	19.2462	-3.5592
Zj	115933	115674	28.9178	-3.0397	19.7380	-3.5458
Zj	115933	115674	29.3867	-2.9888	20.2299	-3.5443
Zj	115933	115674	29.8575	-2.9568	20.7217	-3.5589
Zj	115933	115674	30.3284	-2.9271	21.2130	-3.5782
Zj	115933	115674	30.7955	-2.9936	21.6903	-3.6979
Zj	115933	115674	31.2621	-3.0640	22.1671	-3.8191
Zj	115933	115674	31.7317	-3.1053	22.6497	-3.9130
Zj	115933	115674	32.2021	-3.0888	23.1390	-3.9534
Zj	115933	115674	32.6720	-3.0453	23.6310	-3.9631
Zj	115933	115674	33.1418	-3.0011	24.1229	-3.9713
Zj	115933	115674	33.6117	-2.9577	24.6149	-3.9779
Zj	115933	115674	34.0818	-2.9169	25.1069	-3.9842
Zj	115933	115674	34.5522	-2.8804	25.5989	-3.9903
Zj	115933	115674	35.0235	-2.8594	26.0907	-3.9849
Zj	115933	115674	35.4929	-2.8133	26.5815	-3.9521
Zj	115933	115674	35.9614	-2.7570	27.0627	-3.8499
Zj	115933	115674	36.4272	-2.6836	27.5398	-3.7310
Zj	115933	115674	36.8857	-2.5739	28.0068	-3.5770
Zj	115933	115674	37.3482	-2.4867	28.4727	-3.4214
Zj	115933	115674	37.8186	-2.4898	28.9567	-3.3394
Zj	115933	115674	38.2776	-2.5913	29.4457	-3.3574
Zj	115933	115674	38.7176	-2.7617	29.9217	-3.4806
Zj	115933	115674	39.1539	-2.9416	30.3940	-3.6185
Zj	115933	115674	39.5879	-3.1266	30.8703	-3.7417
Zj	115933	115674	40.0291	-3.2934	31.3449	-3.8713
Zj	115979	115720	36.7904	-1.4272	28.0317	-2.4544
Zj	115979	115720	37.2177	-1.6240	28.4681	-2.5829
Zj	115979	115720	37.6448	-1.8212	28.9046	-2.7114
Zj	115979	115720	38.0571	-2.0469	29.3308	-2.8696
Zj	115979	115720	38.4678	-2.2764	29.7476	-3.0519
Zj	115979	115720	38.8748	-2.5123	30.1610	-3.2419
Zj	115979	115720	39.2811	-2.7494	30.5770	-3.4257
Zj	115979	115720	39.6753	-3.0057	30.9879	-3.6198
Zj	115979	115720	40.0670	-3.2660	31.3845	-3.8427
Zj	115986	115727	41.5945	-2.0215	32.9676	-2.5281
Zj	115986	115727	42.0105	-1.9229	33.3852	-2.4075
Zj	115986	115727	42.4208	-1.8028	33.8017	-2.2830
Zj	115986	115727	42.7985	-1.6091	34.1846	-2.0840
Zj	115986	115727	43.1450	-1.3591	34.5366	-1.8292
Zj	115986	115727	43.4872	-1.1028	34.8842	-1.5683
Zj	116047	115788	77.1563	-0.1082	74.3989	1.2312
Zj	116047	115788	77.5756	-0.2561	74.8165	1.0605
Zj	116047	115788	77.9960	-0.4027	75.2352	0.8907
Zj	116047	115788	78.4235	-0.5259	75.6619	0.7437
Zj	116047	115788	78.8591	-0.6188	76.0985	0.6272
Zj	116047	115788	79.2972	-0.6995	76.5386	0.5249
Zj	116047	115788	79.7152	-0.8412	76.9562	0.3627
Zj	116047	115788	80.1340	-0.9876	77.3743	0.1958
Zj	116047	115788	80.5649	-1.1003	77.8058	0.0614
Zj	115883	115624	84.0670	-0.0094	81.3079	1.0276
Zj	115883	115624	84.4149	-0.2170	81.6628	0.7999
Zj	115883	115624	84.6194	-0.5915	81.8775	0.4111
Zj	115883	115624	84.9283	-0.8805	82.2025	0.1132
Zj	115883	115624	85.2924	-1.1042	82.5619	-0.1494
Zj	115883	115624	85.6606	-1.3214	82.9221	-0.4110
Zj	115883	115624	86.0275	-1.5407	83.2823	-0.6726
Zj	115883	115624	86.3911	-1.7655	83.6405	-0.9367
Zj	115883	115624	86.7516	-1.9952	83.9972	-1.2030
Zj	115885	115626	89.2442	-0.2104	86.5127	0.3339
Zj	115885	115626	89.6890	-0.4172	86.9505	0.1080
Zj	115885	115626	90.1388	-0.6126	87.3916	-0.1115
Zj	115885	115626	90.5954	-0.7917	87.8350	-0.3262
Zj	115885	115626	91.0549	-0.9633	88.2810	-0.5355
Zj	115885	115626	91.5111	-1.1434	88.7231	-0.7528
Zj	115885	115626	91.9681	-1.3214	89.1664	-0.9677
Zj	115885	115626	92.4381	-1.4580	89.6205	-1.1563
Zj	115885	115626	92.9201	-1.5455	90.0908	-1.3029
Zj	115885	115626	93.4015	-1.4883	90.5773	-1.3483
Zj	115885	115626	93.8405	-1.2731	91.0466	-1.2078
Zj	115885	115626	94.2507	-1.0042	91.4823	-0.9782
Zj	115885	115626	94.6510	-0.7208	91.9159	-0.7443
Zj	115885	115626	95.0480	-0.4328	92.3495	-0.5104
Zj	115885	115626	95.4479	-0.1488	92.7831	-0.2764
Zj	115885	115626	95.8477	0.1354	93.2184	-0.0458
Zj	115885	115626	96.2627	0.3949	93.6739	0.1370
Zj	115885	115626	96.7235	0.5610	94.1593	0.2180
Zj	115885	115626	97.1943	0.6984	94.6489	0.2725
Zj	115885	115626	97.6691	0.8209	95.1402	0.2804
Zj	115885	115626	98.1584	0.8284	95.6190	0.1719
Zj	115885	115626	98.6350	0.7149	96.0686	-0.0281
Zj	115885	115626	99.0950	0.5450	96.4988	-0.2681
Zj	115885	115626	99.5497	0.3610	96.9234	-0.5179
Zj	116075	115816	95.2406	-2.8440	92.5442	-2.9136
Zj	116075	115816	95.3429	-3.3044	92.6448	-3.3861
Zj	116075	115816	95.7166	-3.5234	93.0069	-3.6584
Zj	116075	115816	96.1859	-3.6064	93.4697	-3.8120
Zj	116075	115816	96.6558	-3.6854	93.9325	-3.9656
Zj	116075	115816	97.1294	-3.7307	94.4019	-4.0951
Zj	116075	115816	97.6053	-3.7552	94.8772	-4.2038
Zj	116075	115816	98.0811	-3.7810	95.3523	-4.3134
Zj	116075	115816	98.5573	-3.7942	95.8287	-4.4169
Zj	116075	115816	99.0336	-3.7808	96.3093	-4.4994
Zj	116075	115816	99.5100	-3.7694	96.7900	-4.5807
Zj	116075	115816	99.9864	-3.7609	97.2707	-4.6621
Zj	116075	115816	100.4628	-3.7495	97.7515	-4.7434
Zj	116075	115816	100.9389	-3.7306	98.2322	-4.8248
Zj	116075	115816	101.4152	-3.7189	98.7132	-4.9048
Zj	116075	115816	101.8906	-3.7255	99.1962	-4.9609
Zj	116075	115816	102.3653	-3.6839	99.6835	-4.9460
Zj	116075	115816	102.8376	-3.6255	100.1696	-4.9157
Zj	116075	115816	103.3051	-3.5336	100.6511	-4.8384
Zj	116075	115816	103.7782	-3.4788	101.1323	-4.7603
Zj	116075	115816	104.2533	-3.4426	101.6135	-4.6812
Zj	116075	115816	104.7279	-3.4001	102.0931	-4.5938
Zj	116075	115816	105.2025	-3.3576	102.5726	-4.5052
Zj	116075	115816	105.6775	-3.3200	103.0521	-4.4167
Zj	116075	115816	106.1525	-3.2824	103.5316	-4.3287
Zj	116075	115816	106.6267	-3.2356	104.0113	-4.2410
Zj	116075	115816	107.0914	-3.1389	104.4901	-4.1491
Zj	116075	115816	107.5641	-3.0806	104.9705	-4.0660
Zj	116075	115816	108.0396	-3.0531	105.4554	-4.0167
Zj	116075	115816	108.5138	-3.0064	105.9372	-3.9421
Zj	116075	115816	108.9887	-2.9679	106.4203	-3.8763
Zj	116075	115816	109.4639	-2.9491	106.9067	-3.8500
Zj	116075	115816	109.9351	-3.0154	107.3927	-3.8822
Zj	116075	115816	110.3938	-3.1440	107.8709	-3.9753
Zj	116075	115816	110.8165	-3.3567	108.3153	-4.1665
Zj	116075	115816	111.1814	-3.6626	108.6987	-4.4671
Zj	115942	115683	113.4986	-2.4104	111.3930	-3.1000
Zj	115942	115683	113.8523	-2.7118	111.7503	-3.3906
Zj	115942	115683	114.2068	-3.0123	112.1078	-3.6810
Zj	115942	115683	114.5638	-3.3098	112.4677	-3.9684
Zj	115942	115683	114.9780	-3.5071	112.8843	-4.1503
Zj	115942	115683	115.4298	-3.6158	113.3342	-4.2484
Zj	116008	115749	130.5721	-1.0703	128.7713	-1.3439
Zj	116008	115749	130.1146	-1.1351	128.3123	-1.4105
Zj	116008	115749	129.6554	-1.1869	127.8516	-1.4638
Zj	116008	115749	129.1948	-1.2247	127.3894	-1.5014
Zj	116008	115749	128.7362	-1.2814	126.9291	-1.5578
Zj	116008	115749	128.2998	-1.4287	126.4903	-1.7033
Zj	116008	115749	127.8777	-1.6156	126.0660	-1.8894
Zj	116008	115749	127.4569	-1.8063	125.6431	-2.0793
Zj	116008	115749	127.0470	-2.0196	125.2310	-2.2921
Zj	116008	115749	126.6501	-2.2563	124.8319	-2.5280
Zj	116008	115749	126.2757	-2.5264	124.4553	-2.7981
Zj	116007	115748	134.0352	-1.0774	134.4263	-0.9018
Zj	116007	115748	134.5349	-1.0866	134.9255	-0.9105
Zj	116007	115748	135.0346	-1.0974	135.4248	-0.9216
Zj	116007	115748	135.5343	-1.1088	135.9240	-0.9350
Zj	116007	115748	136.0339	-1.1202	136.4231	-0.9491
Zj	116007	115748	136.5336	-1.1311	136.9221	-0.9690
Zj	116007	115748	137.0333	-1.1397	137.4211	-0.9880
Zj	116007	115748	137.5330	-1.1466	137.9201	-1.0068
Zj	116007	115748	138.0328	-1.1535	138.4191	-1.0256
Zj	116007	115748	138.5325	-1.1605	138.9181	-1.0444
Zj	116007	115748	139.0323	-1.1655	139.4171	-1.0632
Zj	116007	115748	139.5321	-1.1694	139.9161	-1.0820
Zj	116007	115748	140.0318	-1.1730	140.4151	-1.1008
Zj	116007	115748	140.5297	-1.1438	140.9132	-1.0877
Zj	116007	115748	141.0087	-1.0121	141.3962	-0.9733
Zj	116007	115748	141.4728	-0.8266	141.8658	-0.8035
Zj	116007	115748	141.9369	-0.6412	142.3354	-0.6337
Zj	116007	115748	142.4024	-0.4594	142.8050	-0.4640
Zj	116007	115748	142.8687	-0.2795	143.2738	-0.2921
Zj	116007	115748	143.3341	-0.0973	143.7410	-0.1157
Zj	116007	115748	143.7996	0.0848	144.2080	0.0611
Zj	116007	115748	144.2515	0.2969	144.6607	0.2707
Zj	116007	115748	144.6933	0.5306	145.1035	0.5016
Zj	116007	115748	145.1365	0.7616	145.5453	0.7342
Zj	116007	115748	145.5419	1.0527	145.9429	1.0354
Zj	116007	115748	145.9103	1.3904	146.3013	1.3830
Zj	115869	115610	157.4748	3.7508	157.8659	3.6872
Zj	115869	115610	157.9630	3.6824	158.3579	3.6729
Zj	115869	115610	158.4569	3.6766	158.8497	3.6540
Zj	115869	115610	158.9505	3.6575	159.3405	3.6177
Zj	115869	115610	159.4432	3.6235	159.8307	3.5727
Zj	115869	115610	159.9348	3.5750	160.3207	3.5261
Zj	115869	115610	160.4249	3.5146	160.8106	3.4794
Zj	115869	115610	160.9061	3.4391	161.3005	3.4537
Zj	115869	115610	161.3844	3.5597	161.7846	3.5397
Zj	115869	115610	161.8545	3.7113	162.2633	3.6543
Zj	115869	115610	162.3242	3.8645	162.7415	3.7705
Zj	115869	115610	162.7939	4.0173	163.2199	3.8867
Zj	115869	115610	163.2731	4.1313	163.6981	4.0029
Zj	115869	115610	163.7671	4.1333	164.1765	4.1189
Zj	115869	115610	164.2566	4.1827	164.6556	4.2315
Zj	115869	115610	164.7374	4.2961	165.1351	4.3426
Zj	115869	115610	165.2253	4.3572	165.6216	4.4002
Zj	115869	115610	165.7192	4.3570	166.1138	4.3981
Zj	115869	115610	166.2132	4.3569	166.6060	4.3961
Zj	115869	115610	166.7072	4.3567	167.0983	4.3940
Zj	115973	115714	143.8282	-1.0802	144.2193	-1.1109
Zj	115973	115714	144.3126	-1.1474	144.7023	-1.1834
Zj	115973	115714	144.7965	-1.2173	145.1853	-1.2560
Zj	115973	115714	145.2793	-1.2948	145.6682	-1.3286
Zj	115973	115714	145.7596	-1.3863	146.1512	-1.4012
Zj	115973	115714	146.2408	-1.4734	146.6342	-1.4738
Zj	115973	115714	146.7250	-1.5409	147.1172	-1.5464
Zj	115973	115714	147.2098	-1.6047	147.6002	-1.6189
Zj	115973	115714	147.6947	-1.6677	148.0832	-1.6915
Zj	115973	115714	148.1792	-1.7340	148.5656	-1.7679
Zj	115973	115714	148.6607	-1.8187	149.0447	-1.8624
Zj	115973	115714	149.1419	-1.9057	149.5234	-1.9595
Zj	115973	115714	149.6231	-1.9926	150.0021	-2.0565
Zj	115973	115714	150.1043	-2.0796	150.4808	-2.1536
Zj	115973	115714	150.5855	-2.1665	150.9594	-2.2506
Zj	115973	115714	151.0667	-2.2535	151.4381	-2.3477
Zj	115973	115714	151.5478	-2.3407	151.9168	-2.4447
Zj	115973	115714	152.0289	-2.4280	152.3955	-2.5418
Zj	115973	115714	152.5101	-2.5153	152.8741	-2.6388
Zj	115973	115714	152.9912	-2.6025	153.3528	-2.7359
Zj	115973	115714	153.4703	-2.6997	153.8297	-2.8409
Zj	115973	115714	153.9467	-2.8100	154.3036	-2.9593
Zj	115973	115714	154.4231	-2.9201	154.7774	-3.0777
Zj	115973	115714	154.8996	-3.0302	155.2513	-3.1960
Zj	115973	115714	155.3757	-3.1417	155.7251	-3.3144
Zj	115973	115714	155.8518	-3.2532	156.1990	-3.4328
Zj	115973	115714	156.3264	-3.3705	156.6728	-3.5512
Zj	115973	115714	156.7881	-3.5316	157.1467	-3.6695
Zj	115973	115714	157.2476	-3.6988	157.6210	-3.7858
Zj	115973	115714	157.7052	-3.8709	158.0957	-3.9011
Zj	115973	115714	158.1750	-4.0035	158.5703	-4.0164
Zj	115973	115714	158.6538	-4.1023	159.0449	-4.1317
Yc	116044	115785	26.4287	-8.5484	17.0616	-8.6815
Yc	116044	115785	26.7543	-8.4930	17.3925	-8.6513
Yc	116044	115785	27.0809	-8.4431	17.7233	-8.6212
Yc	116121	115786	28.2167	-7.3961	18.8970	-7.6825
Yc	116121	115786	28.7092	-7.3331	19.3934	-7.6736
Yc	116121	115786	29.2017	-7.2701	19.8894	-7.6511
Yc	116121	115786	29.6944	-7.2079	20.3854	-7.6286
Yc	116121	115786	30.1868	-7.1441	20.8814	-7.6061
Yc	116121	115786	30.6806	-7.1294	21.3749	-7.6240
Yc	116121	115786	31.1757	-7.1678	21.8640	-7.7098
Yc	116121	115786	31.6706	-7.2073	22.3531	-7.7957
Yc	116121	115786	32.1655	-7.2480	22.8421	-7.8815
Yc	116121	115786	32.6602	-7.2905	23.3312	-7.9674
Yc	116121	115786	33.1547	-7.3356	23.8202	-8.0532
Yc	116121	115786	33.6488	-7.3839	24.3093	-8.1390
Yc	116121	115786	34.1429	-7.4338	24.7983	-8.2249
Yc	116121	115786	34.6373	-7.4698	25.2874	-8.3107
Yc	116121	115786	35.1335	-7.4845	25.7810	-8.3568
Yc	116121	115786	35.6294	-7.5085	26.2768	-8.3847
Yc	116121	115786	36.1254	-7.5326	26.7725	-8.3925
Yc	116121	115786	36.6213	-7.5568	27.2679	-8.3592
Yc	116121	115786	37.1171	-7.5844	27.7633	-8.3258
Yc	116121	115786	37.6127	-7.6141	28.2587	-8.2924
Yc	116121	115786	38.1084	-7.6416	28.7541	-8.2590
Yc	116121	115786	38.6049	-7.6416	29.2495	-8.2257
Yc	116121	115786	39.1015	-7.6426	29.7449	-8.1923
Yc	116121	115786	39.5980	-7.6439	30.2403	-8.1589
Yc	116121	115786	40.0937	-7.6209	30.7339	-8.1075
Yc	116121	115786	40.5890	-7.5854	31.2275	-8.0539
Yc	116121	115786	41.0841	-7.5486	31.7213	-8.0018
Yc	116121	115786	41.5793	-7.5120	32.2150	-7.9490
Yc	116046	115787	66.6107	-1.4631	63.9372	0.2907
Yc	116046	115787	67.0947	-1.4112	64.4197	0.3004
Yc	116046	115787	67.5790	-1.3624	64.9022	0.3102
Yc	116046	115787	68.0647	-1.3311	65.3845	0.3007
Yc	116046	115787	68.5505	-1.3015	65.8668	0.2839
Yc	116046	115787	69.0363	-1.2704	66.3493	0.2765
Yc	116046	115787	69.5223	-1.2431	66.8319	0.2766
Yc	116046	115787	70.0083	-1.2147	67.3144	0.2710
Yc	116046	115787	70.4940	-1.1830	67.7967	0.2536
Yc	116046	115787	70.9800	-1.1552	68.2789	0.2363
Yc	116046	115787	71.4659	-1.1259	68.7613	0.2351
Yc	116046	115787	71.9516	-1.0935	69.2430	0.2653
Yc	116046	115787	72.4371	-1.0582	69.7244	0.2990
Yc	116046	115787	72.9215	-1.0134	70.2041	0.3472
Yc	116046	115787	73.4032	-0.9433	70.6806	0.4233
Yc	116046	115787	73.8847	-0.8721	71.1574	0.4978
Yc	116046	115787	74.3664	-0.8018	71.6350	0.5673
Yc	116046	115787	74.8490	-0.7494	72.1132	0.6203
Yc	116046	115787	75.3344	-0.7860	72.5946	0.5862
Yc	116046	115787	75.8198	-0.8216	73.0756	0.5473
Yc	116046	115787	76.3054	-0.8559	73.5566	0.5082
Yc	116046	115787	76.7909	-0.8911	74.0369	0.4626
Yc	115888	115629	86.7288	-2.0118	83.9743	-1.2168
Yc	115888	115629	87.1256	-2.2553	84.3642	-1.5019
Yc	115888	115629	87.5225	-2.4988	84.7558	-1.7845
Yc	115888	115629	87.9190	-2.7428	85.1489	-2.0650
Yc	115888	115629	88.3130	-2.9907	85.5420	-2.3456
Yc	115888	115629	88.7003	-3.2491	85.9302	-2.6328
Yc	115888	115629	89.0835	-3.5135	86.3164	-2.9227
Yc	115888	115629	89.4676	-3.7765	86.7050	-3.2095
Yc	115888	115629	89.8539	-4.0364	87.0963	-3.4926
Yc	115888	115629	90.2419	-4.2936	87.4862	-3.7776
Yc	115888	115629	90.6322	-4.5475	87.8751	-4.0638
Yc	115888	115629	91.0219	-4.8023	88.2624	-4.3524
Yc	115888	115629	91.4113	-5.0574	88.6488	-4.6421
Yc	115888	115629	91.8431	-5.2228	89.0785	-4.8555
Yc	115888	115629	92.2887	-5.3574	89.5270	-5.0346
Yc	115888	115629	92.7471	-5.4259	89.9924	-5.1554
Yc	115888	115629	93.2112	-5.4635	90.4676	-5.2417
Yc	115888	115629	93.6754	-5.4991	90.9428	-5.3280
Yc	115888	115629	94.1397	-5.5334	91.4179	-5.4143
Yc	115988	115729	120.6567	-3.4547	121.0478	-3.4047
Yc	115988	115729	121.1536	-3.4992	121.5452	-3.4345
Yc	115988	115729	121.6508	-3.5399	122.0427	-3.4643
Yc	115988	115729	122.1480	-3.5806	122.5401	-3.4945
Yc	115988	115729	122.6457	-3.6150	123.0378	-3.5213
Yc	115988	115729	123.1443	-3.6323	123.5360	-3.5317
Yc	115988	115729	123.6430	-3.6450	124.0343	-3.5406
Yc	115988	115729	124.1417	-3.6577	124.5326	-3.5495
Yc	115988	115729	124.6404	-3.6709	125.0309	-3.5584
Yc	115988	115729	125.1391	-3.6837	125.5292	-3.5673
Yc	115988	115729	125.6378	-3.6945	126.0275	-3.5762
Yc	115988	115729	126.1366	-3.7019	126.5258	-3.5815
Yc	115988	115729	126.6355	-3.7046	127.0241	-3.5821
Yc	115988	115729	127.1344	-3.7074	127.5225	-3.5827
Yc	115988	115729	127.6332	-3.7108	128.0209	-3.5833
Yc	115988	115729	128.1321	-3.7158	128.5192	-3.5839
Yc	115988	115729	128.6309	-3.7210	129.0176	-3.5845
Yc	115988	115729	129.1297	-3.7307	129.5159	-3.5895
Yc	115988	115729	129.6282	-3.7483	130.0141	-3.6013
Yc	115988	115729	130.1264	-3.7739	130.5121	-3.6211
Yc	115988	115729	130.6249	-3.7923	131.0102	-3.6340
Yc	115988	115729	131.1237	-3.7834	131.5083	-3.6205
Yc	115988	115729	131.6224	-3.7719	132.0065	-3.6059
Yc	115988	115729	132.1211	-3.7604	132.5046	-3.5913
Yc	115988	115729	132.6199	-3.7488	133.0028	-3.5767
Yc	115988	115729	133.1185	-3.7327	133.5008	-3.5588
Yc	115988	115729	133.6164	-3.7020	133.9982	-3.5275
Yc	115988	115729	134.1143	-3.6717	134.4956	-3.4966
Yc	115988	115729	134.6131	-3.6621	134.9938	-3.4861
Yc	115988	115729	135.1119	-3.6525	135.4921	-3.4772
Yc	115988	115729	135.6106	-3.6416	135.9904	-3.4684
Yc	115988	115729	136.1094	-3.6306	136.4887	-3.4613
Yc	115988	115729	136.6081	-3.6196	136.9870	-3.4591
Yc	115988	115729	137.1067	-3.6037	137.4854	-3.4541
Yc	115988	115729	137.6049	-3.5772	137.9835	-3.4396
Yc	115988	115729	138.1030	-3.5503	138.4816	-3.4246
Yc	115988	115729	138.6012	-3.5234	138.9798	-3.4095
Yc	115988	115729	139.0993	-3.4961	139.4780	-3.3964
Yc	115988	115729	139.5975	-3.4696	139.9762	-3.3848
Yc	115988	115729	140.0953	-3.4387	140.4743	-3.3693
Yc	115988	115729	140.5928	-3.4008	140.9721	-3.3465
Yc	115988	115729	141.0900	-3.3601	141.4699	-3.3235
Yc	115988	115729	141.5871	-3.3182	141.9678	-3.3006
Yc	115988	115729	142.0842	-3.2764	142.4656	-3.2776
Yc	115988	115729	142.5819	-3.2419	142.9634	-3.2547
Yc	115988	115729	143.0799	-3.2143	143.4614	-3.2356
Yc	115988	115729	143.5755	-3.2652	143.9559	-3.2912
Yc	115988	115729	144.0706	-3.3262	144.4497	-3.3583
Yc	115988	115729	144.5655	-3.3890	144.9435	-3.4254
Yc	115988	115729	145.0598	-3.4567	145.4373	-3.4926
Yc	115988	115729	145.5522	-3.5366	145.9311	-3.5597
Yc	115988	115729	146.0432	-3.6248	146.4250	-3.6268
Yc	115988	115729	146.5373	-3.6930	146.9188	-3.6939
Yc	115988	115729	147.0327	-3.7516	147.4126	-3.7610
Yc	115988	115729	147.5283	-3.8092	147.9064	-3.8282
Yc	115988	115729	148.0239	-3.8660	148.4003	-3.8953
Yc	115988	115729	148.5195	-3.9226	148.8941	-3.9624
Yc	115988	115729	149.0152	-3.9792	149.3879	-4.0295
Yc	115988	115729	149.5109	-4.0356	149.8817	-4.0967
Yc	115988	115729	150.0065	-4.0920	150.3755	-4.1638
Yc	115988	115729	150.5022	-4.1485	150.8693	-4.2309
Yc	115988	115729	150.9979	-4.2049	151.3632	-4.2980
Yc	115988	115729	151.4935	-4.2616	151.8570	-4.3652
Yc	115988	115729	151.9891	-4.3183	152.3508	-4.4323
Yc	115988	115729	152.4848	-4.3752	152.8446	-4.4994
Yc	115988	115729	152.9804	-4.4319	153.3385	-4.5665
Yc	115988	115729	153.4760	-4.4892	153.8323	-4.6336
Yc	115988	115729	153.9714	-4.5475	154.3261	-4.7008
Yc	115988	115729	154.4669	-4.6055	154.8199	-4.7679
Yc	115988	115729	154.9623	-4.6638	155.3137	-4.8350
Yc	115988	115729	155.4577	-4.7233	155.8076	-4.9021
Yc	115988	115729	155.9528	-4.7840	156.3013	-4.9700
Yc	115988	115729	156.4393	-4.8917	156.7903	-5.0652
Yc	115988	115729	156.9149	-5.0422	157.2780	-5.1676
Yc	115988	115729	157.3893	-5.1964	157.7662	-5.2676
Yc	115988	115729	157.8631	-5.3525	158.2546	-5.3671
Yc	115988	115729	158.3518	-5.4477	158.7429	-5.4666
ZYp	116043	115784	26.7476	-5.2232	17.4289	-5.4469
ZYp	116043	115784	27.2041	-5.1780	17.9080	-5.4374
ZYp	116043	115784	27.6605	-5.1319	18.3871	-5.4279
ZYp	116043	115784	28.1161	-5.0787	18.8663	-5.4184
ZYp	116043	115784	28.5690	-5.0061	19.3451	-5.4022
ZYp	116043	115784	29.0218	-4.9327	19.8233	-5.3710
ZYp	116043	115784	29.4745	-4.8587	20.3015	-5.3397
ZYp	116043	115784	29.9269	-4.7831	20.7793	-5.3036
ZYp	116043	115784	30.3747	-4.6835	21.2554	-5.2620
ZYp	116043	115784	30.8334	-4.6774	21.7320	-5.3117
ZYp	116043	115784	31.2921	-4.6743	22.2086	-5.3614
ZYp	116043	115784	31.7508	-4.6722	22.6853	-5.4111
ZYp	116043	115784	32.2037	-4.6061	23.1637	-5.3903
ZYp	116043	115784	32.6556	-4.5273	23.6422	-5.3643
ZYp	116043	115784	33.1077	-4.4497	24.1207	-5.3383
ZYp	116043	115784	33.5605	-4.3765	24.5992	-5.3124
ZYp	116043	115784	34.0136	-4.3045	25.0777	-5.2864
ZYp	116043	115784	34.4666	-4.2321	25.5562	-5.2604
ZYp	116043	115784	34.9223	-4.1809	26.0347	-5.2344
ZYp	116043	115784	35.3796	-4.1453	26.5133	-5.2085
ZYp	116043	115784	35.8371	-4.1115	26.9864	-5.1362
ZYp	116043	115784	36.2946	-4.0780	27.4583	-5.0523
ZYp	116043	115784	36.7522	-4.0464	27.9301	-4.9683
ZYp	116043	115784	37.2101	-4.0194	28.4019	-4.8843
ZYp	116043	115784	37.6683	-3.9962	28.8737	-4.8004
ZYp	115990	115731	39.3713	-3.6336	30.6583	-4.2729
ZYp	115990	115731	39.8483	-3.5696	31.1247	-4.1551
ZYp	115990	115731	40.3231	-3.4895	31.5960	-4.0567
ZYp	115990	115731	40.8023	-3.4482	32.0717	-3.9854
ZYp	115990	115731	41.2834	-3.4276	32.5509	-3.9384
ZYp	115990	115731	41.7639	-3.3979	33.0291	-3.8816
ZYp	115990	115731	42.2414	-3.3389	33.5059	-3.8145
ZYp	115990	115731	42.7190	-3.2834	33.9822	-3.7455
ZYp	115990	115731	43.1979	-3.2394	34.4623	-3.7140
ZYp	115990	115731	43.6741	-3.1689	34.9375	-3.6366
ZYp	115990	115731	44.1460	-3.0771	35.4118	-3.5560
ZYp	115990	115731	44.6184	-2.9953	35.8800	-3.4506
Xmi	116050	115791	54.9110	-3.5671	52.3869	-1.7927
Xmi	116050	115791	55.4156	-3.5412	52.8830	-1.7317
Xmi	116050	115791	55.9200	-3.5129	53.3791	-1.6707
Xmi	116050	115791	56.4246	-3.4889	53.8782	-1.6485
Xmi	116050	115791	56.9295	-3.4701	54.3780	-1.6379
Xmi	116050	115791	57.4337	-3.4387	54.8770	-1.6116
Xmi	116050	115791	57.9377	-3.4037	55.3752	-1.5706
Xmi	116050	115791	58.4419	-3.3724	55.8734	-1.5295
Xmi	116050	115791	58.9465	-3.3473	56.3716	-1.4884
Xmi	116050	115791	59.4500	-3.3064	56.8690	-1.4394
Xmi	116050	115791	59.9524	-3.2533	57.3665	-1.3905
Xmi	116050	115791	60.4554	-3.2058	57.8639	-1.3415
Xmi	116050	115791	60.9589	-3.1635	58.3614	-1.2925
Xmi	116050	115791	61.4621	-3.1184	58.8589	-1.2436
Xmi	116050	115791	61.9638	-3.0592	59.3545	-1.1792
Xmi	116050	115791	62.4659	-3.0033	59.8497	-1.1110
Xmi	116050	115791	62.9685	-2.9517	60.3449	-1.0429
Xmi	116050	115791	63.4707	-2.8972	60.8401	-0.9747
Xmi	116050	115791	63.9735	-2.8482	61.3369	-0.9213
Xmi	116050	115791	64.4766	-2.8012	61.8363	-0.9010
Xmi	116050	115791	64.9798	-2.7565	62.3359	-0.8838
Xmi	116050	115791	65.4829	-2.7098	62.8357	-0.8747
Xmi	116050	115791	65.9860	-2.6639	63.3355	-0.8667
Xmi	116050	115791	66.4887	-2.6133	63.8353	-0.8587
Xmi	116050	115791	66.9913	-2.5620	64.3351	-0.8507
Xmi	116050	115791	67.4937	-2.5085	64.8349	-0.8428
Xmi	116050	115791	67.9964	-2.4584	65.3347	-0.8348
Xmi	116050	115791	68.4991	-2.4083	65.8345	-0.8266
Xmi	116050	115791	69.0011	-2.3508	66.3340	-0.8091
Xmi	116050	115791	69.5029	-2.2929	66.8332	-0.7831
Xmi	116050	115791	70.0053	-2.2388	67.3326	-0.7635
Xmi	116050	115791	70.5076	-2.1850	67.8324	-0.7557
Xmi	116050	115791	71.0098	-2.1298	68.3322	-0.7477
Xmi	116050	115791	71.5116	-2.0715	68.8311	-0.7190
Xmi	116050	115791	72.0166	-2.0615	69.3309	-0.7118
Xmi	116050	115791	72.5218	-2.0549	69.8307	-0.7036
Xmi	116050	115791	73.0270	-2.0483	70.3305	-0.6953
Xmi	116050	115791	73.5322	-2.0443	70.8303	-0.6871
Xmi	116050	115791	74.0374	-2.0399	71.3301	-0.6789
Xmi	116050	115791	74.5425	-2.0334	71.8299	-0.6707
Xmi	116050	115791	75.0477	-2.0268	72.3297	-0.6625
Xmi	116050	115791	75.5529	-2.0224	72.8295	-0.6600
Xmi	116050	115791	76.0581	-2.0201	73.3294	-0.6595
Xmi	116050	115791	76.5633	-2.0162	73.8293	-0.6591
Xmi	116050	115791	77.0686	-2.0137	74.3288	-0.6778
Xmi	116050	115791	77.5738	-2.0100	74.8282	-0.6992
Xmi	116050	115791	78.0790	-2.0062	75.3276	-0.7206
Xmi	116050	115791	78.5842	-2.0008	75.8270	-0.7419
Xmi	116049	115790	85.1985	-3.1633	82.4382	-2.1712
Xmi	116049	115790	85.6349	-3.2879	82.8727	-2.3541
Xmi	116049	115790	86.0703	-3.4157	83.3073	-2.5370
Xmi	116049	115790	86.4935	-3.5779	83.7287	-2.7473
Xmi	116049	115790	86.9104	-3.7570	84.1431	-2.9722
Xmi	116049	115790	87.3254	-3.9406	84.5550	-3.2016
Xmi	116049	115790	87.7385	-4.1284	84.9668	-3.4311
Xmi	116049	115790	88.1496	-4.3204	85.3787	-3.6605
Xmi	116049	115790	88.5587	-4.5167	85.7905	-3.8900
Xmi	116049	115790	88.9658	-4.7172	86.2024	-4.1194
Xmi	116049	115790	89.3717	-4.9201	86.6142	-4.3488
Xmi	116049	115790	89.7769	-5.1244	87.0261	-4.5782
Xmi	116049	115790	90.1841	-5.3247	87.4379	-4.8078
Xmi	116049	115790	90.5942	-5.5189	87.8491	-5.0385
Xmi	115989	115730	116.8814	-4.0028	117.2724	-4.0914
Xmi	115989	115730	117.3759	-4.0379	117.7683	-4.1040
Xmi	115989	115730	117.8707	-4.0700	118.2641	-4.1165
Xmi	115989	115730	118.3655	-4.1021	118.7600	-4.1290
Xmi	115989	115730	118.8603	-4.1343	119.2558	-4.1415
Xmi	115989	115730	119.3551	-4.1660	119.7516	-4.1556
Xmi	115989	115730	119.8492	-4.2059	120.2469	-4.1807
Xmi	115989	115730	120.3425	-4.2563	120.7416	-4.2164
Xmi	115989	115730	120.8357	-4.3068	121.2364	-4.2521
Xmi	115989	115730	121.3294	-4.3528	121.7313	-4.2848
Xmi	115989	115730	121.8240	-4.3864	122.2268	-4.3074
Xmi	115989	115730	122.3192	-4.4109	122.7225	-4.3227
Xmi	115989	115730	122.8140	-4.4432	123.2179	-4.3478
Xmi	115989	115730	123.3088	-4.4745	123.7132	-4.3733
Xmi	115989	115730	123.8038	-4.5038	124.2086	-4.3988
Xmi	115989	115730	124.2987	-4.5331	124.7040	-4.4244
Xmi	115989	115730	124.7937	-4.5631	125.1993	-4.4499
Xmi	115989	115730	125.2887	-4.5916	125.6947	-4.4755
Xmi	115989	115730	125.7837	-4.6191	126.1900	-4.5010
Xmi	115989	115730	126.2788	-4.6468	126.6854	-4.5265
Xmi	115989	115730	126.7738	-4.6744	127.1807	-4.5521
Xmi	115989	115730	127.2689	-4.7017	127.6761	-4.5773
Xmi	115989	115730	127.7645	-4.7144	128.1720	-4.5861
Xmi	115989	115730	128.2596	-4.7408	128.6674	-4.6087
Xmi	115989	115730	128.7543	-4.7732	129.1626	-4.6365
Xmi	115989	115730	129.2492	-4.8040	129.6580	-4.6625
Xmi	115989	115730	129.7441	-4.8336	130.1534	-4.6864
Xmi	115989	115730	130.2391	-4.8632	130.6489	-4.7103
Xmi	115989	115730	130.7340	-4.8928	131.1443	-4.7342
Xmi	115989	115730	131.2290	-4.9209	131.6397	-4.7581
Xmi	115989	115730	131.7246	-4.9283	132.1355	-4.7610
Xmi	115989	115730	132.2203	-4.9167	132.6313	-4.7462
Xmi	115989	115730	132.7160	-4.9051	133.1271	-4.7315
Xmi	115989	115730	133.2116	-4.8918	133.6229	-4.7167
Xmi	115989	115730	133.7073	-4.8778	134.1187	-4.7020
Xmi	115989	115730	134.2029	-4.8690	134.6145	-4.6939
Xmi	115989	115730	134.6985	-4.8840	135.1103	-4.7083
Xmi	115989	115730	135.1941	-4.8972	135.6061	-4.7227
Xmi	115989	115730	135.6898	-4.9095	136.1019	-4.7371
Xmi	115989	115730	136.1855	-4.9219	136.5976	-4.7545
Xmi	115989	115730	136.6811	-4.9341	137.0932	-4.7758
Xmi	115989	115730	137.1766	-4.9488	137.5883	-4.8029
Xmi	115989	115730	137.6695	-5.0022	138.0799	-4.8686
Xmi	115989	115730	138.1617	-5.0621	138.5707	-4.9400
Xmi	115989	115730	138.6539	-5.1218	139.0616	-5.0114
Xmi	115989	115730	139.1464	-5.1793	139.5524	-5.0828
Xmi	115989	115730	139.6389	-5.2362	140.0433	-5.1543
Xmi	115989	115730	140.1315	-5.2929	140.5341	-5.2257
Xmi	115989	115730	140.6241	-5.3494	141.0250	-5.2971
Xmi	115989	115730	141.1170	-5.4033	141.5158	-5.3685
Xmi	115989	115730	141.6100	-5.4563	142.0066	-5.4399
Xmi	115989	115730	142.1029	-5.5098	142.4975	-5.5114
Xmi	115989	115730	142.5950	-5.5699	142.9883	-5.5828
Xmi	115989	115730	143.0870	-5.6319	143.4793	-5.6533
Xmi	115989	115730	143.5789	-5.6940	143.9706	-5.7215
Xmi	115989	115730	144.0708	-5.7560	144.4619	-5.7897
Xmi	115969	115710	144.1708	-5.5190	144.5618	-5.5539
Xmi	115969	115710	144.6598	-5.6202	145.0495	-5.6588
Xmi	115969	115710	145.1476	-5.7271	145.5373	-5.7637
Xmi	115969	115710	145.6324	-5.8468	146.0250	-5.8685
Xmi	115969	115710	146.1160	-5.9714	146.5127	-5.9734
Xmi	115969	115710	146.6046	-6.0742	147.0004	-6.0783
Xmi	115969	115710	147.0946	-6.1706	147.4881	-6.1832
Xmi	115969	115710	147.5847	-6.2662	147.9758	-6.2881
Xmi	115967	115708	147.7440	-5.7052	148.1350	-5.7305
Xmi	115967	115708	148.2049	-5.7342	148.5959	-5.7694
Xmi	115967	115708	148.6657	-5.7631	149.0568	-5.8083
Xmi	115967	115708	149.1266	-5.7918	149.5177	-5.8472
Xmi	115967	115708	149.5875	-5.8205	149.9786	-5.8861
Xmi	115967	115708	150.0484	-5.8492	150.4395	-5.9250
Xmi	115967	115708	150.5093	-5.8780	150.9003	-5.9638
Xmi	115967	115708	150.9702	-5.9067	151.3612	-6.0027
Xmi	115967	115708	151.4310	-5.9357	151.8221	-6.0416
Xmi	115966	115707	151.6001	-5.1999	151.9912	-5.3095
Xmi	115966	115707	152.0548	-5.3720	152.4425	-5.4899
Xmi	115966	115707	152.5194	-5.5101	152.9040	-5.6378
Xmi	115966	115707	153.0047	-5.4949	153.3892	-5.6347
Xmi	115966	115707	153.4904	-5.4752	153.8751	-5.6248
Xmi	115966	115707	153.9762	-5.4565	154.3611	-5.6149
Xmi	115966	115707	154.4620	-5.4374	154.8470	-5.6050
Xmi	115966	115707	154.9477	-5.4187	155.3330	-5.5952
Xmi	115966	115707	155.4336	-5.4012	155.8189	-5.5853
Xmi	115966	115707	155.9194	-5.3837	156.3049	-5.5754
Xmi	115966	115707	156.4052	-5.3809	156.7908	-5.5655
Xmi	115966	115707	156.8897	-5.4210	157.2767	-5.5553
Xmi	115966	115707	157.3739	-5.4639	157.7625	-5.5399
Xmi	115966	115707	157.8577	-5.5084	158.2483	-5.5228
Xmi	115966	115707	158.3430	-5.4873	158.7340	-5.5058
Xmi	115902	115643	158.6538	-4.1023	159.0449	-4.1317
Xmi	115902	115643	159.1095	-4.1457	159.4992	-4.1909
Xmi	115902	115643	159.5642	-4.1989	159.9535	-4.2501
Xmi	115902	115643	160.0177	-4.2606	160.4078	-4.3093
Xmi	115902	115643	160.4690	-4.3358	160.8621	-4.3685
Xmi	115902	115643	160.9128	-4.4451	161.3165	-4.4278
Xmi	115902	115643	161.3702	-4.4648	161.7708	-4.4870
Xmi	115902	115643	161.8274	-4.4863	162.2251	-4.5462
Xmi	115902	115643	162.2847	-4.5079	162.6794	-4.6054
Xmi	115902	115643	162.7419	-4.5294	163.1337	-4.6646
Xmi	115902	115643	163.1970	-4.5735	163.5880	-4.7238
Xmi	115903	115644	163.4189	-3.7739	163.8099	-3.8772
Xmi	115903	115644	163.8954	-3.8882	164.2980	-3.8758
Xmi	115903	115644	164.3828	-3.9260	164.7860	-3.8796
Xmi	115903	115644	164.8728	-3.9280	165.2740	-3.8836
Xmi	115903	115644	165.3629	-3.9301	165.7620	-3.8876
Xmi	115903	115644	165.8529	-3.9321	166.2500	-3.8916
Xmi	115903	115644	166.3429	-3.9342	166.7380	-3.8955
Xmi	115903	115644	166.8330	-3.9364	167.2260	-3.8995
Xmi	115903	115644	167.3230	-3.9387	167.7140	-3.9035
TsT	115949	115690	103.3591	1.8821	100.7955	0.5162
TsT	115949	115690	103.8342	1.8342	101.2769	0.4571
TsT	115949	115690	104.3050	1.7493	101.7589	0.4032
TsT	115949	115690	104.7765	1.6672	102.2416	0.3567
TsT	115949	115690	105.2506	1.6028	102.7258	0.3299
TsT	115949	115690	105.7225	1.5235	103.2098	0.2996
TsT	115949	115690	106.1959	1.4537	103.6937	0.2680
TsT	115949	115690	106.6680	1.3761	104.1775	0.2324
TsT	115949	115690	107.1358	1.2761	104.6610	0.1949
TsT	115949	115690	107.6018	1.1676	105.1436	0.1468
TsT	115949	115690	108.0609	1.0329	105.6219	0.0674
TsT	115949	115690	108.5195	0.8967	106.0964	-0.0329
TsT	115949	115690	108.9779	0.7599	106.5660	-0.1540
TsT	115949	115690	109.4296	0.6045	107.0254	-0.3071
TsT	115949	115690	109.8725	0.4234	107.4793	-0.4781
TsT	115949	115690	110.3228	0.2618	107.9327	-0.6504
TsT	115949	115690	110.7737	0.1016	108.3781	-0.8422
TsT	115949	115690	111.2187	-0.0741	108.8266	-1.0269
TsT	115949	115690	111.6643	-0.2485	109.2769	-1.2071
TsT	115949	115690	112.0954	-0.4548	109.7211	-1.4012
TsT	115949	115690	112.5051	-0.7020	110.1444	-1.6379
TsT	115949	115690	112.9168	-0.9460	110.5669	-1.8760
TsT	115949	115690	113.3073	-1.2203	110.9736	-2.1378
TsT	115949	115690	113.6560	-1.5479	111.3361	-2.4598
TsT	115949	115690	114.0034	-1.8769	111.6957	-2.7853
TsT	115958	115699	115.6003	0.4165	113.5303	-0.2481
TsT	115958	115699	116.0738	0.2636	114.0070	-0.3892
TsT	115958	115699	116.5466	0.1085	114.4837	-0.5303
TsT	115958	115699	117.0338	0.0075	114.9733	-0.6162
TsT	115958	115699	117.5206	-0.0952	115.4629	-0.7020
TsT	115958	115699	118.0085	-0.1930	115.9540	-0.7796
TsT	115958	115699	118.4975	-0.2851	116.4454	-0.8548
TsT	115958	115699	118.9869	-0.3748	116.9375	-0.9251
TsT	115958	115699	119.4758	-0.4676	117.4293	-0.9979
TsT	115958	115699	119.9654	-0.5560	117.9213	-1.0690
TsT	115958	115699	120.4552	-0.6436	118.4134	-1.1395
TsT	115958	115699	120.9457	-0.7273	118.9059	-1.2071
TsT	115956	115697	122.7109	0.2447	120.8830	-0.0784
TsT	115956	115697	123.1943	0.1746	121.3690	-0.1374
TsT	115956	115697	123.6775	0.1033	121.8545	-0.2001
TsT	115956	115697	124.1575	0.0138	122.3370	-0.2816
TsT	115956	115697	124.6335	-0.0960	122.8154	-0.3856
TsT	115956	115697	125.1072	-0.2151	123.2913	-0.5000
TsT	115956	115697	125.5851	-0.3138	123.7710	-0.5959
TsT	115956	115697	126.0673	-0.3918	124.2543	-0.6734
TsT	115956	115697	126.5520	-0.4513	124.7403	-0.7312
TsT	115956	115697	127.0355	-0.5206	125.2252	-0.7983
TsT	115956	115697	127.5209	-0.5739	125.7118	-0.8509
TsT	115956	115697	128.0026	-0.6512	126.1946	-0.9285
TsT	115956	115697	128.4822	-0.7428	126.6751	-1.0209
TsT	115956	115697	128.9567	-0.8587	127.1508	-1.1364
TsT	115956	115697	129.4324	-0.9695	127.6277	-1.2471
TsT	115956	115697	129.9090	-1.0763	128.1057	-1.3527
TsT	115956	115697	130.3854	-1.1843	128.5837	-1.4583
TsT	115948	115689	131.6551	-0.3050	130.0446	-0.5388
TsT	115948	115689	132.1322	-0.3506	130.5232	-0.5807
TsT	115948	115689	132.6093	-0.3961	131.0018	-0.6227
TsT	115948	115689	133.0865	-0.4409	131.4803	-0.6647
TsT	115948	115689	133.5638	-0.4841	131.9589	-0.7067
TsT	115948	115689	134.0411	-0.5273	132.4375	-0.7486
TsT	115948	115689	134.5185	-0.5704	132.9160	-0.7906
TsT	115948	115689	134.9958	-0.6128	133.3946	-0.8326
TsT	115948	115689	135.4734	-0.6536	133.8732	-0.8746
TsT	115948	115689	135.9509	-0.6944	134.3518	-0.9165
TsN	116006	115747	110.9762	1.5514	108.6540	0.5095
TsN	116006	115747	111.4235	1.4961	109.1115	0.4668
TsN	116006	115747	111.8711	1.4431	109.5690	0.4242
TsN	116006	115747	112.3193	1.3956	110.0265	0.3816
TsN	116006	115747	112.7646	1.3253	110.4840	0.3390
TsN	116006	115747	113.2114	1.2679	110.9417	0.2984
TsN	116006	115747	113.6613	1.2396	111.3997	0.2618
TsN	116006	115747	114.1102	1.1977	111.8577	0.2251
TsN	116006	115747	114.5604	1.1760	112.3157	0.1885
TsN	116006	115747	115.0090	1.1333	112.7737	0.1519
TsN	116006	115747	115.4568	1.0810	113.2312	0.1100
TsN	116006	115747	115.9040	1.0243	113.6870	0.0515
TsN	115955	115696	120.6773	1.1496	118.6445	0.6491
TsN	115955	115696	121.1102	1.0430	119.0782	0.5588
TsN	115955	115696	121.5408	0.9273	119.5096	0.4585
TsN	115955	115696	121.9702	0.8074	119.9393	0.3511
TsN	115955	115696	122.4025	0.6984	120.3719	0.2561
TsN	115955	115696	122.8391	0.6081	120.8080	0.1783
TsN	115955	115696	123.2775	0.5275	121.2460	0.1124
